0.351326
0.090541
0.073577
0.072143
0.071670
0.071670
0.071670
0.071670
0.071670
0.071670
0.071670
0.071670
0.071670
0.071670
0.071670
0.071670
0.071670
0.071670
0.071670
0.071670
0.071670
0.071670
0.071670
0.071670
0.071670
0.071670
0.071670
0.071670
0.071670
0.071670
0.071670
0.071670
0.071670
0.071670
0.071670
0.071670
0.071670
0.071670
0.071670
0.071670
0.071670
0.071670
0.071670
0.070371
0.070371
0.070371
0.070008
0.070735
0.070371
0.072417
0.068831
0.069728
0.067116
0.067434
0.066610
0.066244
0.066312
0.066559
0.065372
0.067875
0.063473
0.066116
0.064925
0.064768
0.064528
0.063891
0.063632
0.059645
0.060579
0.060513
0.059382
0.059765
0.061591
0.063168
0.058938
0.056267
0.057320
0.054997
0.057216
0.054154
0.055932
0.055210
0.054662
0.054552
0.053283
0.052709
0.054733
0.056930
0.053016
0.058752
0.054968
0.059446
0.059028
0.055471
0.053862
0.059398
0.053271
0.058292
0.060027
0.057250
0.055418
0.058090
0.055170
0.056916
0.057123
0.053905
0.050751
0.051156
0.048362
0.051465
0.051562
0.048948
0.048487
0.051291
0.049255
0.051723
0.051072
0.048608
0.049759
0.047720
0.047709
0.049129
0.047292
0.048390
0.047466
0.046399
0.046874
0.046793
0.045332
0.046738
0.046939
0.049358
0.048125
0.044066
0.044444
0.045972
0.048765
0.045047
0.046128
0.044362
0.044659
0.045737
0.044170
0.044767
0.043578
0.043648
0.044133
0.042988
0.042859
0.041549
