0.597165
0.308613
0.340816
0.330384
0.265244
0.149359
0.086376
0.075029
0.072238
0.070223
0.071483
0.070844
0.070874
0.071203
0.070839
0.071203
0.070839
0.070735
0.070502
0.069789
0.070839
0.071203
0.070839
0.071670
0.071203
0.071203
0.070371
0.070371
0.071015
0.070322
0.069410
0.069357
0.069211
0.069856
0.068644
0.068437
0.068992
0.068287
0.069345
0.068908
0.069092
0.067973
0.069188
0.066958
0.067201
0.067044
0.067516
0.066684
0.066456
0.067199
0.065814
0.065539
0.067265
0.069174
0.066555
0.066533
0.066433
0.066772
0.064992
0.066262
0.066262
0.065165
0.065703
0.065028
0.065295
0.064311
0.063526
0.064680
0.063345
0.063717
0.064371
0.064516
0.063935
0.064082
0.064674
0.064123
0.064188
0.062468
0.065881
0.065017
0.068129
0.070357
0.068018
0.067692
0.068310
0.068415
0.068922
0.068761
0.068006
0.068325
0.066846
0.067136
0.067294
0.067104
0.068795
0.066880
0.067474
0.067830
0.067824
0.066970
0.063365
0.064157
0.065078
0.063079
0.063920
0.063908
0.063303
0.062367
0.062895
0.062651
0.061546
0.062346
0.061529
0.061883
0.063099
0.060359
0.062950
0.063270
0.061089
0.059240
0.059209
0.060545
0.061047
0.061835
0.055571
0.058417
0.054491
0.056446
0.056613
0.054960
0.055691
0.054973
0.055176
0.054359
0.055573
0.052757
0.054623
0.053282
0.054400
0.053433
0.050674
0.051201
0.047210
0.054459
0.049555
0.051134
0.053162
0.050071
0.053053
0.048879
