0.132766
0.081130
0.073996
0.070977
0.070038
0.066458
0.060804
0.060473
0.066541
0.060080
0.061568
0.056411
0.059290
0.057643
0.053773
0.049602
0.051564
0.053101
0.050589
0.047218
0.049936
0.051148
0.049817
0.048575
0.047633
0.048392
0.047694
0.045186
0.044662
0.041492
0.045891
0.041674
0.045499
0.042605
0.044766
0.042565
0.043838
0.045558
0.042762
0.041774
0.037385
0.037203
0.042078
0.038076
0.035631
0.039288
0.035776
0.037626
0.036290
0.038985
0.035730
0.037931
0.034923
0.032895
0.028638
0.037724
0.028151
0.026081
0.025978
0.020288
0.023511
0.020172
0.023228
0.023149
0.021555
0.017931
0.023085
0.016460
0.023007
0.024767
0.029047
0.025000
0.021559
0.031783
0.019627
0.024843
0.026065
0.040603
0.020266
0.030862
0.020349
0.020394
0.014196
0.011908
0.025863
0.024087
0.015872
0.016499
0.015538
0.014762
0.017188
0.013449
0.012515
0.010598
0.008125
0.010086
0.010380
0.009862
0.006936
0.006209
0.009684
0.008732
0.008000
0.008739
0.004603
0.008038
0.006151
0.015173
0.010568
0.019949
0.009570
0.013690
0.020179
0.013348
0.032970
0.048519
0.020605
0.034491
0.039755
0.013491
0.030812
0.021715
0.016527
0.014042
0.019533
0.010733
0.006816
0.007559
0.007807
0.006579
0.008438
0.006073
0.009851
0.008361
0.009515
0.007043
0.004838
0.009971
0.006343
0.008209
0.011442
0.005284
0.012440
0.005686
0.007722
0.007527
0.009419
0.003971
0.005155
0.005751
