0.120534
0.086168
0.074082
0.070779
0.071797
0.071518
0.071920
0.069843
0.069225
0.064176
0.066307
0.066521
0.064233
0.062048
0.062934
0.062907
0.061194
0.059727
0.058235
0.057152
0.056867
0.053797
0.055293
0.051956
0.050239
0.052264
0.054553
0.050261
0.050286
0.050333
0.050727
0.049231
0.048614
0.050617
0.047259
0.046353
0.045526
0.044851
0.045095
0.043472
0.045267
0.042968
0.044274
0.041334
0.041949
0.041347
0.041190
0.041701
0.040273
0.042305
0.039078
0.041454
0.037096
0.038159
0.037726
0.037535
0.037949
0.038111
0.035483
0.035388
0.036879
0.035476
0.035016
0.032503
0.034326
0.032694
0.034322
0.033445
0.032309
0.033553
0.032454
0.031145
0.030899
0.031251
0.031532
0.030020
0.031903
0.029228
0.029615
0.029464
0.028723
0.028568
0.029008
0.028850
0.028100
0.027479
0.027217
0.025150
0.026074
0.027295
0.026934
0.025176
0.025856
0.026022
0.024846
0.025386
0.025848
0.025095
0.024326
0.026177
0.023264
0.023635
0.024540
0.023252
0.025563
0.022626
0.024358
0.023526
0.023580
0.022261
0.023437
0.020802
0.022385
0.022085
0.021362
0.021737
0.020412
0.020917
0.020895
0.024257
0.022349
0.020006
0.019682
0.019688
0.021739
0.022665
0.019723
0.021956
0.020762
0.019981
0.019861
0.020185
0.019742
0.020619
0.019624
0.020259
0.018742
0.018059
0.019839
0.018490
0.018638
0.017326
0.018459
0.017476
0.018608
0.016842
0.015568
0.018372
0.015693
0.018714
