0.134989
0.101994
0.087561
0.080591
0.078830
0.068543
0.066431
0.063806
0.063295
0.057904
0.059988
0.058041
0.057684
0.054288
0.051134
0.050182
0.045360
0.048888
0.047513
0.047489
0.047934
0.048759
0.044498
0.043087
0.040235
0.039993
0.040494
0.041760
0.036723
0.035361
0.033856
0.033458
0.032815
0.032658
0.032049
0.032642
0.032539
0.032437
0.029271
0.028515
0.031811
0.027043
0.027388
0.028127
0.024956
0.029502
0.025453
0.025178
0.025754
0.024016
0.022983
0.022378
0.021851
0.021540
0.022306
0.019840
0.020389
0.019043
0.021357
0.021120
0.021577
0.019804
0.018389
0.018643
0.018448
0.018380
0.019916
0.020542
0.017242
0.017528
0.016229
0.015768
0.015782
0.015831
0.014317
0.014802
0.015166
0.016081
0.014394
0.014523
0.014219
0.012955
0.013454
0.014208
0.012759
0.011558
0.011604
0.011813
0.011729
0.011593
0.011706
0.011425
0.010992
0.010920
0.010403
0.009443
0.010704
0.009822
0.008448
0.008607
0.008820
0.009961
0.009639
0.009364
0.007545
0.008331
0.008615
0.008477
0.007591
0.008555
0.008602
0.007487
0.007467
0.007293
0.007077
0.007377
0.007368
0.007122
0.007558
0.006904
0.006762
0.006900
0.007954
0.006627
0.007636
0.007874
0.006227
0.007539
0.006179
0.006272
0.005641
0.006100
0.005704
0.006100
0.006755
0.006312
0.005600
0.005975
0.005410
0.005830
0.005855
0.005316
0.005151
0.005564
0.005260
0.005882
0.005375
0.005857
0.005183
0.005843
