0.191237
0.080789
0.072561
0.071828
0.071670
0.071670
0.071670
0.071670
0.071950
0.072265
0.068811
0.067521
0.066363
0.066320
0.066800
0.065900
0.064462
0.061545
0.064014
0.062528
0.057784
0.061902
0.061005
0.059284
0.057723
0.058553
0.065858
0.058014
0.059591
0.057261
0.057171
0.058132
0.056746
0.054811
0.053850
0.052040
0.052896
0.050316
0.052334
0.055505
0.053975
0.054280
0.052179
0.049961
0.049866
0.050095
0.050543
0.047627
0.050704
0.049716
0.052007
0.047967
0.045997
0.049253
0.043712
0.048440
0.046807
0.043241
0.042824
0.039608
0.041773
0.040402
0.044464
0.039777
0.038560
0.041742
0.040028
0.040061
0.042835
0.044202
0.037913
0.040278
0.037648
0.038214
0.040250
0.034998
0.037888
0.038374
0.038406
0.038228
0.037576
0.034801
0.035890
0.039789
0.035168
0.033386
0.034669
0.035395
0.037705
0.034399
0.035921
0.033652
0.034322
0.033883
0.034907
0.036173
0.036058
0.037183
0.033079
0.038134
0.035647
0.035997
0.032432
0.033443
0.032001
0.034617
0.034288
0.035673
0.035790
0.036657
0.035210
0.033862
0.034215
0.035892
0.034502
0.035323
0.035533
0.035700
0.034523
0.034888
0.034210
0.033106
0.032085
0.033733
0.034434
0.033717
0.032713
0.031030
0.030268
0.030670
0.028362
0.028258
0.028275
0.026431
0.029664
0.043767
0.027746
0.033117
0.029432
0.029403
0.027350
0.033835
0.031550
0.034561
0.025033
0.029121
0.027369
0.038900
0.027323
0.024079
