0.140000
0.205000
0.195000
0.225000
0.300000
0.300000
0.330000
0.385000
0.460000
0.480000
0.495000
0.495000
0.530000
0.545000
0.550000
0.605000
0.610000
0.605000
0.595000
0.605000
0.635000
0.640000
0.635000
0.675000
0.665000
0.655000
0.660000
0.660000
0.660000
0.695000
0.725000
0.720000
0.740000
0.750000
0.755000
0.735000
0.770000
0.780000
0.790000
0.770000
0.780000
0.780000
0.785000
0.765000
0.790000
0.805000
0.785000
0.805000
0.795000
0.785000
0.785000
0.795000
0.800000
0.790000
0.790000
0.795000
0.805000
0.795000
0.805000
0.800000
0.790000
0.800000
0.805000
0.805000
0.805000
0.805000
0.805000
0.800000
0.805000
0.810000
0.805000
0.810000
0.810000
0.810000
0.810000
0.810000
0.810000
0.810000
0.810000
0.810000
0.810000
0.810000
0.795000
0.805000
0.810000
0.805000
0.810000
0.805000
0.805000
0.795000
0.795000
0.810000
0.805000
0.800000
0.795000
0.795000
0.790000
0.775000
0.755000
0.765000
0.720000
0.740000
0.785000
0.750000
0.735000
0.785000
0.750000
0.780000
0.735000
0.790000
0.775000
0.770000
0.780000
0.770000
0.785000
0.805000
0.795000
0.805000
0.805000
0.800000
0.795000
0.810000
0.810000
0.810000
0.810000
0.810000
0.810000
0.810000
0.810000
0.810000
0.810000
0.810000
0.810000
0.810000
0.810000
0.810000
0.810000
0.810000
0.810000
0.810000
0.810000
0.810000
0.810000
0.810000
0.810000
0.810000
0.810000
0.810000
0.810000
0.810000
