0.145000
0.190000
0.175000
0.175000
0.175000
0.175000
0.175000
0.175000
0.175000
0.175000
0.175000
0.175000
0.180000
0.180000
0.190000
0.195000
0.195000
0.195000
0.200000
0.200000
0.205000
0.215000
0.220000
0.265000
0.295000
0.300000
0.290000
0.315000
0.335000
0.325000
0.325000
0.335000
0.345000
0.340000
0.345000
0.355000
0.360000
0.370000
0.355000
0.365000
0.365000
0.380000
0.365000
0.370000
0.355000
0.370000
0.375000
0.385000
0.375000
0.380000
0.365000
0.380000
0.385000
0.370000
0.395000
0.385000
0.380000
0.390000
0.380000
0.380000
0.395000
0.395000
0.395000
0.395000
0.375000
0.385000
0.395000
0.400000
0.405000
0.395000
0.385000
0.400000
0.400000
0.400000
0.405000
0.400000
0.400000
0.400000
0.400000
0.400000
0.405000
0.400000
0.405000
0.405000
0.405000
0.405000
0.405000
0.405000
0.395000
0.400000
0.400000
0.400000
0.400000
0.400000
0.395000
0.400000
0.400000
0.390000
0.400000
0.400000
0.400000
0.380000
0.380000
0.400000
0.400000
0.395000
0.400000
0.400000
0.390000
0.360000
0.365000
0.375000
0.375000
0.360000
0.355000
0.335000
0.350000
0.370000
0.380000
0.360000
0.365000
0.370000
0.370000
0.385000
0.380000
0.400000
0.405000
0.400000
0.405000
0.405000
0.405000
0.400000
0.405000
0.410000
0.405000
0.405000
0.405000
0.400000
0.395000
0.395000
0.395000
0.405000
0.400000
0.400000
0.405000
0.405000
0.410000
0.405000
0.395000
0.405000
