0.154531
0.064609
0.062245
0.060996
0.059683
0.058002
0.058031
0.057696
0.057643
0.056144
0.056790
0.057161
0.056240
0.055829
0.055012
0.054617
0.053159
0.055036
0.054417
0.052691
0.053316
0.053571
0.053631
0.050923
0.051927
0.051570
0.049269
0.048895
0.049648
0.050717
0.048921
0.051190
0.051468
0.048149
0.048548
0.049303
0.048197
0.047051
0.045686
0.047117
0.047967
0.048023
0.045891
0.046796
0.047485
0.046817
0.046109
0.045845
0.046666
0.045846
0.046983
0.047042
0.047194
0.046990
0.045042
0.045613
0.045743
0.045267
0.045592
0.044043
0.044568
0.044722
0.044306
0.044379
0.045841
0.044532
0.043647
0.043945
0.045800
0.044483
0.045140
0.043917
0.044531
0.043482
0.042961
0.044286
0.043711
0.044671
0.044838
0.044218
0.044711
0.042468
0.044449
0.045291
0.044327
0.042721
0.042070
0.042557
0.043701
0.045794
0.043601
0.041712
0.043610
0.043714
0.043359
0.043296
0.044778
0.045167
0.043077
0.044594
0.044104
0.045693
0.044902
0.045678
0.044359
0.042975
0.045144
0.044759
0.045547
0.048367
0.052960
0.051057
0.050101
0.058351
0.054583
0.050668
0.052166
0.052053
0.053217
0.053033
0.051111
0.050926
0.049449
0.048941
0.048820
0.048032
0.043776
0.046836
0.045434
0.044346
0.045610
0.046254
0.045064
0.046131
0.045974
0.045662
0.043649
0.045025
0.045569
0.043748
0.045133
0.046272
0.044555
0.042952
0.044098
0.044214
0.043148
0.043742
0.042738
0.044506
