0.187519
0.131728
0.085242
0.080588
0.074309
0.072149
0.069763
0.071182
0.070509
0.070126
0.069860
0.070173
0.069997
0.069741
0.065845
0.065886
0.068029
0.064722
0.063186
0.060639
0.059612
0.061056
0.061100
0.068208
0.060984
0.058561
0.056968
0.058574
0.057415
0.058534
0.058850
0.051916
0.050827
0.053256
0.049247
0.049942
0.050094
0.048691
0.049940
0.050188
0.047928
0.045982
0.046434
0.047173
0.042098
0.049310
0.043514
0.044499
0.045331
0.040128
0.040612
0.042349
0.045965
0.040793
0.041417
0.041651
0.034262
0.037018
0.035694
0.030922
0.034207
0.033374
0.032196
0.029669
0.028714
0.029579
0.029150
0.032202
0.029624
0.025902
0.027858
0.025996
0.028279
0.028427
0.027321
0.025889
0.022988
0.023963
0.025478
0.024998
0.024637
0.020182
0.025462
0.021472
0.017427
0.015856
0.018245
0.016973
0.014188
0.015565
0.014095
0.013951
0.013783
0.013059
0.013819
0.011177
0.013733
0.013940
0.013527
0.011639
0.012707
0.012813
0.012065
0.012629
0.009561
0.011069
0.012932
0.015409
0.007671
0.015529
0.006987
0.010178
0.005869
0.009181
0.007032
0.006390
0.006250
0.005505
0.005896
0.006430
0.007073
0.005570
0.005152
0.006819
0.004192
0.005794
0.009257
0.008647
0.004408
0.005364
0.006232
0.005520
0.004088
0.003707
0.003476
0.003051
0.002729
0.001765
0.003221
0.002528
0.002638
0.001237
0.001565
0.001481
0.002452
0.001393
0.005651
0.000840
0.011227
0.002981
