0.078141
0.071483
0.071670
0.071670
0.071670
0.071670
0.071670
0.068866
0.067450
0.068901
0.067623
0.067533
0.065647
0.067087
0.064121
0.064484
0.061810
0.062911
0.064746
0.062448
0.061746
0.065338
0.061154
0.062089
0.062245
0.060451
0.062475
0.060518
0.059753
0.059129
0.059141
0.057398
0.058732
0.057529
0.057240
0.058623
0.058629
0.058184
0.055902
0.057454
0.056229
0.055316
0.055836
0.057126
0.055626
0.053953
0.055414
0.054450
0.054904
0.054146
0.054700
0.055116
0.054258
0.054143
0.053925
0.052897
0.051944
0.051450
0.053016
0.051294
0.052700
0.052623
0.051703
0.052849
0.049896
0.048538
0.052361
0.052183
0.050783
0.048685
0.050375
0.050862
0.050890
0.050353
0.051292
0.046899
0.050697
0.051075
0.047086
0.049725
0.049021
0.049566
0.049223
0.045831
0.045240
0.047809
0.046135
0.047097
0.043085
0.046031
0.043098
0.044242
0.046026
0.040270
0.042431
0.042698
0.041636
0.042134
0.043693
0.042357
0.043563
0.040759
0.040045
0.040439
0.041775
0.039667
0.039386
0.041086
0.037357
0.036286
0.039510
0.035467
0.035013
0.038765
0.035906
0.037732
0.036713
0.039816
0.034354
0.036544
0.036310
0.038889
0.035130
0.034976
0.035871
0.035275
0.034368
0.033739
0.033270
0.030626
0.033696
0.033628
0.030881
0.030192
0.029842
0.027848
0.030132
0.029059
0.028707
0.031500
0.028423
0.028970
0.026542
0.026668
0.028841
0.026126
0.025634
0.029834
0.025534
0.026447
