0.107822
0.090404
0.079873
0.068981
0.079783
0.069332
0.065621
0.063056
0.060489
0.059477
0.057365
0.055121
0.054362
0.052636
0.053827
0.049629
0.047939
0.043815
0.046284
0.042943
0.042496
0.043470
0.040923
0.035339
0.041650
0.041808
0.038230
0.038520
0.040182
0.036287
0.036196
0.037456
0.036725
0.036665
0.037397
0.039596
0.035920
0.032301
0.034670
0.032539
0.032486
0.035187
0.039855
0.032145
0.035677
0.037565
0.034375
0.043580
0.034314
0.033124
0.030307
0.035138
0.030621
0.033709
0.038155
0.032401
0.027497
0.032103
0.027683
0.030469
0.029307
0.027583
0.027336
0.028024
0.031830
0.028947
0.032419
0.025251
0.022609
0.026065
0.035704
0.025452
0.030625
0.026510
0.032174
0.024308
0.030848
0.020947
0.028267
0.032854
0.026918
0.024757
0.024809
0.025871
0.026411
0.027930
0.028523
0.027701
0.024212
0.019352
0.019969
0.019957
0.021720
0.020162
0.019851
0.022397
0.022248
0.018399
0.020219
0.025277
0.023525
0.023523
0.019986
0.017081
0.019488
0.015865
0.015445
0.020561
0.014520
0.026370
0.020913
0.025282
0.022575
0.023689
0.019301
0.026300
0.015180
0.024517
0.027759
0.019734
0.021149
0.026182
0.019628
0.024661
0.022512
0.017528
0.021958
0.029051
0.021609
0.018172
0.017543
0.016399
0.009775
0.026966
0.021727
0.013639
0.014755
0.010278
0.014265
0.012306
0.013583
0.015066
0.013388
0.011588
0.008405
0.011533
0.010213
0.012091
0.006670
0.010375
