0.091021
0.081402
0.073662
0.072860
0.072737
0.072194
0.069262
0.067954
0.065714
0.065452
0.070101
0.064329
0.060573
0.064897
0.062012
0.059303
0.062229
0.060482
0.059570
0.058775
0.059103
0.060575
0.061673
0.062592
0.060010
0.057204
0.056655
0.059029
0.057798
0.053595
0.054675
0.054573
0.048702
0.048610
0.049603
0.045189
0.049805
0.045817
0.044813
0.045143
0.047374
0.042215
0.043214
0.048048
0.047295
0.041619
0.044869
0.043053
0.042545
0.049753
0.043968
0.048346
0.044943
0.052705
0.038873
0.045810
0.037079
0.045096
0.041654
0.043554
0.042287
0.039059
0.042620
0.041854
0.037398
0.038864
0.036856
0.039178
0.036116
0.037399
0.035509
0.035214
0.040132
0.039403
0.045115
0.031580
0.039447
0.035412
0.036938
0.038221
0.033520
0.034128
0.030398
0.028566
0.025410
0.028538
0.031309
0.029355
0.020783
0.021276
0.026350
0.020039
0.025217
0.026494
0.021425
0.024484
0.017838
0.019972
0.021550
0.020007
0.015228
0.019207
0.023451
0.023929
0.014650
0.018845
0.027648
0.024198
0.018533
0.018546
0.018770
0.019693
0.023815
0.021432
0.030009
0.020061
0.019024
0.020005
0.025284
0.022651
0.019172
0.021291
0.014530
0.020786
0.011606
0.012955
0.015309
0.020001
0.011960
0.022679
0.015260
0.018604
0.014159
0.012777
0.016973
0.015562
0.012363
0.015452
0.014033
0.023323
0.009948
0.017127
0.008116
0.013837
0.017840
0.011021
0.015128
0.009469
0.024350
0.021858
