0.119475
0.062829
0.062948
0.062573
0.062795
0.062602
0.062217
0.061952
0.060657
0.061245
0.061479
0.061358
0.061943
0.060031
0.060361
0.062751
0.060849
0.061234
0.060731
0.060574
0.060137
0.060051
0.058902
0.059215
0.060256
0.059447
0.061192
0.059071
0.058167
0.057717
0.057031
0.058094
0.057235
0.054286
0.055174
0.055411
0.056644
0.056291
0.055481
0.053370
0.052141
0.052733
0.052295
0.051513
0.054230
0.049206
0.051915
0.053076
0.049036
0.051359
0.049307
0.049838
0.054636
0.052479
0.051107
0.050150
0.047605
0.047376
0.046878
0.045285
0.045480
0.045213
0.045261
0.044361
0.045276
0.043787
0.042252
0.045763
0.044960
0.044410
0.046703
0.046724
0.045166
0.043167
0.037313
0.036190
0.036607
0.041816
0.037619
0.034557
0.033328
0.026132
0.027753
0.032881
0.032389
0.024455
0.022885
0.025620
0.025564
0.021783
0.018576
0.019720
0.021260
0.021139
0.019910
0.017094
0.018207
0.016012
0.014151
0.016696
0.016353
0.016221
0.014877
0.016803
0.022448
0.019300
0.018800
0.022420
0.015698
0.016211
0.014444
0.012674
0.012904
0.012777
0.011591
0.011983
0.011416
0.014057
0.009976
0.012765
0.010365
0.010873
0.010479
0.009753
0.012796
0.010678
0.011369
0.009632
0.010765
0.010564
0.010209
0.009855
0.012041
0.010195
0.010219
0.010034
0.009358
0.009047
0.010849
0.009871
0.010267
0.009037
0.009847
0.008994
0.009854
0.009919
0.010080
0.010830
0.009039
0.010922
