0.075438
0.070931
0.070511
0.062985
0.057730
0.052960
0.050866
0.045172
0.047668
0.044380
0.042958
0.041228
0.039820
0.041826
0.041697
0.036726
0.037470
0.035178
0.032421
0.034764
0.032519
0.032638
0.029107
0.030980
0.027805
0.028721
0.031194
0.028374
0.027949
0.023932
0.023581
0.021437
0.022325
0.019844
0.023452
0.020613
0.018374
0.020272
0.017824
0.018697
0.017681
0.014725
0.014727
0.015706
0.013912
0.014921
0.015358
0.018229
0.013300
0.013370
0.011878
0.012261
0.012864
0.009808
0.011772
0.014738
0.010958
0.011162
0.010515
0.012841
0.011022
0.009328
0.009275
0.010269
0.009456
0.009291
0.007484
0.010892
0.007623
0.008312
0.007316
0.008076
0.006602
0.007812
0.008658
0.009216
0.006711
0.009017
0.008263
0.007085
0.007939
0.008099
0.007522
0.005648
0.007265
0.006263
0.005988
0.006846
0.007368
0.007878
0.006306
0.009750
0.008816
0.007427
0.007800
0.010783
0.010221
0.008061
0.012177
0.008674
0.010937
0.006961
0.006610
0.009415
0.007481
0.006298
0.006840
0.010325
0.005838
0.006385
0.011517
0.009245
0.004588
0.006627
0.005413
0.006315
0.005188
0.006056
0.005249
0.010793
0.007446
0.015602
0.007135
0.009520
0.006319
0.008807
0.010042
0.010499
0.009580
0.007379
0.008276
0.007003
0.008331
0.010478
0.009221
0.005729
0.005877
0.007170
0.004613
0.005983
0.006909
0.004798
0.003710
0.004402
0.007515
0.008352
0.003892
0.005569
0.005942
0.004587
