0.074019
0.068498
0.063424
0.062605
0.063578
0.061027
0.059163
0.056470
0.052815
0.054990
0.054368
0.051692
0.049259
0.045185
0.043758
0.039757
0.036739
0.040717
0.037547
0.039888
0.038107
0.041137
0.036711
0.037019
0.030231
0.031426
0.029563
0.035007
0.025588
0.029215
0.025589
0.026153
0.024700
0.026923
0.024226
0.024154
0.023248
0.020368
0.022528
0.017914
0.019248
0.016764
0.017636
0.017612
0.017399
0.017393
0.020719
0.018625
0.016667
0.015180
0.013643
0.015699
0.015310
0.012772
0.013857
0.012793
0.016206
0.012414
0.012598
0.012429
0.010725
0.010572
0.011286
0.008577
0.013349
0.009895
0.014380
0.011268
0.011931
0.009788
0.010676
0.011318
0.008270
0.009092
0.007259
0.009270
0.006979
0.007227
0.010293
0.007445
0.008602
0.007776
0.011309
0.007166
0.005350
0.006445
0.008588
0.007232
0.007626
0.006865
0.005421
0.004600
0.005318
0.007247
0.007445
0.008170
0.006508
0.007757
0.006091
0.006138
0.006370
0.005830
0.008118
0.004851
0.005557
0.006573
0.007432
0.006552
0.007028
0.004043
0.005609
0.005324
0.004462
0.005136
0.005625
0.005388
0.004872
0.006744
0.005135
0.006457
0.004200
0.004416
0.003927
0.004437
0.004206
0.003955
0.003919
0.004918
0.005442
0.006108
0.003765
0.007562
0.004487
0.005022
0.004096
0.003238
0.004108
0.003145
0.004885
0.003545
0.005918
0.002916
0.004829
0.005122
0.003390
0.003634
0.004612
0.002656
0.003067
0.002768
