0.078177
0.074792
0.063615
0.058786
0.062020
0.059519
0.052703
0.051581
0.052292
0.050149
0.050071
0.048905
0.046526
0.043869
0.042419
0.042866
0.040891
0.038398
0.037983
0.035093
0.039451
0.037853
0.035105
0.035071
0.033009
0.033420
0.032529
0.028886
0.027283
0.027682
0.025001
0.029770
0.026991
0.025960
0.029746
0.028283
0.027603
0.028381
0.026804
0.023269
0.022669
0.023381
0.020648
0.019994
0.022043
0.022340
0.021065
0.019304
0.018580
0.018086
0.020475
0.019997
0.017575
0.019986
0.019251
0.016406
0.013021
0.012927
0.014584
0.016339
0.012566
0.015338
0.015311
0.013707
0.016369
0.014908
0.013208
0.011987
0.010346
0.012459
0.010007
0.009278
0.011501
0.010933
0.011577
0.010229
0.008119
0.013082
0.009555
0.008977
0.012067
0.011325
0.011332
0.011638
0.009238
0.012400
0.010064
0.007513
0.009236
0.009302
0.006678
0.008777
0.006568
0.007359
0.006470
0.005780
0.005381
0.005691
0.008420
0.007665
0.006509
0.008089
0.006457
0.008122
0.005586
0.006568
0.004695
0.005567
0.006902
0.004441
0.006008
0.005161
0.005620
0.005220
0.005194
0.005314
0.005349
0.004835
0.005013
0.004769
0.004131
0.003939
0.004247
0.004645
0.007008
0.004102
0.004884
0.006458
0.006372
0.013946
0.007439
0.006606
0.011555
0.009835
0.007466
0.011811
0.005901
0.008885
0.010322
0.008740
0.009290
0.012278
0.012426
0.011985
0.012282
0.006652
0.013208
0.009705
0.015886
0.008645
