0.071950
0.071670
0.071670
0.071203
0.069540
0.070827
0.070341
0.067589
0.068924
0.064358
0.063709
0.062216
0.062380
0.060324
0.060702
0.059973
0.059506
0.060651
0.060134
0.056809
0.056938
0.056098
0.058257
0.055064
0.055689
0.056590
0.053345
0.051010
0.051701
0.051442
0.051945
0.047911
0.048271
0.050953
0.049203
0.046593
0.045016
0.042821
0.041775
0.042725
0.042337
0.040425
0.039221
0.040795
0.036814
0.034349
0.036977
0.039014
0.033108
0.032982
0.033222
0.030134
0.030434
0.030154
0.030917
0.028530
0.027238
0.026039
0.027968
0.027925
0.024196
0.026014
0.022391
0.024548
0.023291
0.022079
0.022375
0.023196
0.023023
0.021709
0.022709
0.022345
0.023385
0.022517
0.023729
0.021914
0.020128
0.019180
0.019411
0.019516
0.019205
0.016669
0.018973
0.019358
0.018606
0.018309
0.018669
0.018527
0.017887
0.017261
0.015322
0.017485
0.016562
0.017369
0.016863
0.013910
0.016270
0.015314
0.015225
0.014225
0.013740
0.015502
0.013968
0.014014
0.013088
0.012683
0.013390
0.013216
0.013106
0.012093
0.013239
0.012276
0.012815
0.012339
0.011797
0.011924
0.011762
0.012005
0.011704
0.011992
0.011644
0.011840
0.012929
0.012628
0.012142
0.012225
0.011449
0.011418
0.011828
0.009703
0.010136
0.009990
0.009707
0.009805
0.009670
0.010415
0.009503
0.009794
0.009674
0.009457
0.009565
0.009486
0.009258
0.008850
0.008887
0.008536
0.008990
0.009570
0.008421
0.009697
