0.086067
0.073235
0.073052
0.070125
0.070937
0.068103
0.064561
0.061669
0.062576
0.060425
0.058711
0.059104
0.055738
0.059244
0.058822
0.056752
0.055185
0.052912
0.052382
0.051680
0.049916
0.048447
0.052352
0.050491
0.052452
0.048033
0.045685
0.046343
0.044643
0.043720
0.045450
0.044151
0.044248
0.044851
0.041437
0.041138
0.039327
0.043221
0.038896
0.036186
0.040822
0.037237
0.035461
0.038222
0.031753
0.033128
0.032958
0.033183
0.030440
0.029418
0.034473
0.029908
0.028296
0.029776
0.025050
0.025960
0.028652
0.026682
0.026818
0.027468
0.025250
0.025957
0.023636
0.023434
0.023006
0.022003
0.023065
0.021800
0.019553
0.019857
0.020539
0.018072
0.016489
0.013551
0.016503
0.012303
0.012778
0.011948
0.008904
0.011369
0.007008
0.007164
0.009956
0.008476
0.009297
0.009481
0.005471
0.005427
0.005589
0.006902
0.004313
0.004575
0.002727
0.003653
0.003847
0.003497
0.003327
0.003255
0.004241
0.003121
0.002073
0.002319
0.002199
0.002273
0.002142
0.001870
0.004526
0.002453
0.002959
0.002497
0.001481
0.002346
0.002130
0.001825
0.002334
0.001905
0.001845
0.001829
0.001238
0.001396
0.001257
0.001061
0.001355
0.000999
0.000985
0.001012
0.000926
0.000971
0.001088
0.000929
0.000949
0.000821
0.000852
0.000774
0.000782
0.000807
0.000865
0.000858
0.000750
0.000713
0.000794
0.000782
0.000763
0.000719
0.000783
0.000695
0.000683
0.000680
0.000970
0.000901
