0.451251
0.298059
0.268777
0.149896
0.153220
0.150375
0.126984
0.077181
0.070108
0.069496
0.060787
0.040474
0.071959
0.056847
0.046097
0.038037
0.033275
0.037721
0.029366
0.028637
0.025128
0.019584
0.019225
0.021233
0.018447
0.023042
0.018181
0.016032
0.017747
0.010620
0.013317
0.010513
0.011245
0.011475
0.009979
0.012620
0.009640
0.011369
0.012068
0.007962
0.007925
0.006232
0.009995
0.005578
0.006754
0.004221
0.008422
0.006909
0.004979
0.003790
0.004682
0.004233
0.001948
0.004044
0.003083
0.002611
0.002536
0.002031
0.001845
0.001564
0.001807
0.001820
0.001663
0.001013
0.001197
0.001251
0.002199
0.000995
0.001690
0.001240
0.000987
0.001015
0.001081
0.001131
0.001040
0.000729
0.000780
0.000829
0.000950
0.000811
0.000873
0.000968
0.000823
0.000783
0.000732
0.000715
0.000600
0.000646
0.000590
0.000519
0.000535
0.000585
0.000478
0.000313
0.000494
0.000608
0.000571
0.000528
0.000431
0.000452
0.000409
0.000718
0.000263
0.000379
0.000393
0.000411
0.000468
0.000334
0.000800
0.000292
0.000863
0.000361
0.000256
0.000610
0.000482
0.000476
0.000432
0.000390
0.000590
0.000309
0.000395
0.000247
0.000239
0.000459
0.000270
0.000269
0.000293
0.000311
0.000251
0.000257
0.000318
0.000217
0.000218
0.000153
0.000203
0.000183
0.000245
0.000195
0.000278
0.000272
0.000170
0.000183
0.000159
0.000208
0.000299
0.000174
0.000195
0.000196
0.000214
0.000161
