0.373940
0.140509
0.085043
0.074243
0.072999
0.071789
0.070312
0.067009
0.061940
0.063870
0.066394
0.063310
0.063942
0.062113
0.063636
0.059300
0.061969
0.060225
0.057271
0.059462
0.056103
0.056935
0.054436
0.058899
0.055445
0.054306
0.051041
0.053880
0.052516
0.052015
0.050434
0.050898
0.051212
0.052148
0.048752
0.049571
0.049621
0.049942
0.048059
0.051288
0.046288
0.048293
0.048983
0.050143
0.048204
0.048875
0.049865
0.046553
0.049971
0.045990
0.049880
0.047413
0.045356
0.047300
0.047261
0.045979
0.045944
0.046085
0.046237
0.043720
0.042039
0.042968
0.041907
0.043444
0.042462
0.039585
0.041562
0.039140
0.040985
0.043101
0.039793
0.040858
0.038854
0.038323
0.036556
0.036440
0.035760
0.037288
0.034180
0.032508
0.032590
0.030953
0.033436
0.030945
0.031825
0.028515
0.030726
0.030185
0.026756
0.028406
0.027288
0.029278
0.034616
0.029597
0.030903
0.033928
0.033768
0.031754
0.033593
0.031375
0.030705
0.030703
0.030584
0.030705
0.029214
0.027479
0.027406
0.025777
0.025296
0.025978
0.026718
0.025354
0.024478
0.025900
0.026055
0.025687
0.024572
0.024672
0.025578
0.023657
0.024519
0.025735
0.023767
0.024029
0.024836
0.023985
0.025291
0.023770
0.024753
0.024462
0.022298
0.019923
0.021070
0.022018
0.021905
0.021963
0.020792
0.018996
0.019810
0.019942
0.016383
0.019297
0.018923
0.018443
0.018092
0.015845
0.016312
0.016523
0.018124
0.016661
