0.076606
0.069514
0.067238
0.067199
0.064824
0.062116
0.060654
0.060967
0.059006
0.058081
0.055602
0.056693
0.052563
0.049029
0.052677
0.049914
0.050278
0.048653
0.049614
0.047455
0.047105
0.046025
0.043862
0.042306
0.046344
0.043895
0.042895
0.041495
0.041673
0.039161
0.039583
0.037835
0.037973
0.037646
0.036132
0.036126
0.036235
0.034847
0.033696
0.033573
0.029854
0.033071
0.030531
0.026958
0.029323
0.028731
0.026971
0.026106
0.026765
0.024694
0.025247
0.024965
0.024369
0.024876
0.022842
0.022183
0.021100
0.023824
0.019379
0.020320
0.021210
0.017868
0.018222
0.017124
0.019632
0.019390
0.016179
0.016307
0.015517
0.016682
0.015452
0.017494
0.016071
0.016149
0.016108
0.013590
0.013064
0.013338
0.012396
0.010987
0.012895
0.011835
0.013456
0.011595
0.010951
0.011099
0.011523
0.011721
0.011020
0.010742
0.011711
0.010640
0.010118
0.010324
0.010761
0.009623
0.009650
0.009156
0.009970
0.009762
0.011086
0.009910
0.010277
0.009453
0.008183
0.009319
0.009148
0.009675
0.010134
0.009992
0.010023
0.007984
0.008789
0.007971
0.008164
0.009305
0.009145
0.007564
0.008806
0.007791
0.008557
0.007611
0.007500
0.007402
0.006315
0.006927
0.006854
0.008143
0.006619
0.008284
0.006610
0.006734
0.006714
0.006816
0.007373
0.006187
0.006430
0.006510
0.006025
0.006178
0.006172
0.005889
0.005318
0.005159
0.005187
0.005325
0.005347
0.005702
0.005332
0.004939
