0.096878
0.077345
0.074678
0.072720
0.072843
0.070305
0.071531
0.066180
0.066495
0.064381
0.061848
0.061572
0.063052
0.061909
0.059115
0.057639
0.057202
0.058728
0.054819
0.054132
0.051373
0.050089
0.052408
0.051399
0.048644
0.047030
0.043828
0.045345
0.047595
0.046794
0.045595
0.042117
0.040569
0.043054
0.040418
0.036457
0.037601
0.034233
0.032466
0.034236
0.032411
0.030318
0.030375
0.028459
0.029077
0.031297
0.030360
0.025883
0.023821
0.025480
0.022193
0.021353
0.022378
0.021687
0.019558
0.019100
0.016835
0.018416
0.018371
0.017025
0.015020
0.016485
0.018391
0.015775
0.014142
0.015602
0.012623
0.014310
0.013284
0.014736
0.010918
0.011406
0.011429
0.010770
0.011324
0.010705
0.010174
0.009473
0.009977
0.008764
0.008689
0.009579
0.008728
0.009567
0.007773
0.008253
0.008662
0.007881
0.006679
0.007075
0.007600
0.007108
0.007436
0.006877
0.007744
0.007468
0.006811
0.006726
0.006301
0.006402
0.006260
0.005990
0.006184
0.006021
0.005750
0.006217
0.006206
0.006619
0.006294
0.005812
0.005902
0.006055
0.006038
0.005671
0.006023
0.005515
0.005424
0.005598
0.005617
0.005509
0.005693
0.005534
0.004782
0.004848
0.005457
0.004529
0.004892
0.004540
0.004321
0.004401
0.004856
0.005201
0.004348
0.004492
0.004487
0.004377
0.004690
0.004276
0.004374
0.004990
0.004364
0.005236
0.004533
0.004589
0.004239
0.004424
0.004380
0.004676
0.004379
0.004551
