0.063086
0.062712
0.062712
0.062712
0.062712
0.062712
0.062712
0.062712
0.062712
0.062712
0.062712
0.062712
0.062978
0.062712
0.062712
0.062712
0.062712
0.062712
0.062712
0.062712
0.062712
0.062712
0.062712
0.062712
0.062712
0.062712
0.062712
0.062712
0.062712
0.062712
0.062712
0.062712
0.062712
0.062712
0.062712
0.062712
0.062712
0.062712
0.062712
0.062712
0.062712
0.062712
0.062712
0.062712
0.062712
0.062712
0.062712
0.062712
0.062712
0.062712
0.062712
0.062712
0.062712
0.062712
0.062712
0.062712
0.062712
0.062712
0.062712
0.062712
0.062712
0.062712
0.062712
0.062712
0.062712
0.062712
0.062712
0.062712
0.062712
0.062712
0.062712
0.062712
0.062712
0.062712
0.062712
0.062712
0.062712
0.062712
0.062712
0.062712
0.062712
0.062712
0.062712
0.062712
0.062712
0.062712
0.062712
0.062712
0.062712
0.062712
0.062712
0.062712
0.062712
0.062712
0.062712
0.062712
0.062712
0.062712
0.062712
0.062712
0.062712
0.062712
0.062712
0.062712
0.062712
0.062712
0.062712
0.062712
0.062712
0.062712
0.062712
0.062712
0.062712
0.062712
0.062712
0.062712
0.062712
0.062712
0.062712
0.062712
0.062712
0.062712
0.062712
0.062712
0.062712
0.062712
0.062712
0.062712
0.062712
0.062712
0.062712
0.062712
0.062712
0.062712
0.062712
0.062712
0.062712
0.062712
0.062712
0.062712
0.062712
0.062712
0.062712
0.062712
0.062712
0.062712
0.062712
0.062712
0.062712
0.062712
