0.350302
0.164903
0.065551
0.062712
0.062712
0.062712
0.062712
0.062712
0.062712
0.062712
0.062712
0.062712
0.062712
0.062712
0.062712
0.062712
0.062712
0.062712
0.062712
0.062712
0.062712
0.062712
0.062712
0.062712
0.062712
0.062712
0.062712
0.062712
0.062712
0.062712
0.062712
0.062712
0.062712
0.062712
0.062712
0.062712
0.062712
0.062712
0.062712
0.062712
0.062712
0.062712
0.062712
0.062712
0.062712
0.062712
0.062712
0.062712
0.062712
0.062712
0.062712
0.062712
0.062733
0.062989
0.062843
0.062521
0.061274
0.062176
0.061355
0.061506
0.062174
0.062090
0.061435
0.060092
0.059687
0.060189
0.060315
0.061187
0.060016
0.059253
0.059428
0.059804
0.058294
0.057028
0.056713
0.059757
0.056330
0.054532
0.055065
0.051635
0.053383
0.056703
0.058095
0.059774
0.058878
0.058628
0.058639
0.058204
0.057114
0.058082
0.057033
0.057964
0.057216
0.057115
0.057468
0.059133
0.057440
0.057036
0.056330
0.055960
0.056958
0.059756
0.057263
0.056124
0.057243
0.056264
0.055981
0.055326
0.055866
0.055951
0.058048
0.055660
0.056193
0.056202
0.055263
0.057171
0.055936
0.055772
0.055274
0.055762
0.055470
0.053764
0.057511
0.057890
0.058106
0.058352
0.055690
0.056223
0.056751
0.054430
0.055764
0.054684
0.054757
0.055564
0.055140
0.055862
0.055463
0.055988
0.055533
0.054836
0.053639
0.054820
0.053276
0.054689
0.054638
0.055151
0.053376
0.054247
0.053747
0.051942
