0.065449
0.063705
0.066910
0.064468
0.063230
0.062476
0.061904
0.063321
0.063004
0.061916
0.062097
0.059575
0.058831
0.056500
0.055528
0.055117
0.057026
0.055739
0.055721
0.053491
0.054462
0.053898
0.053212
0.054760
0.051393
0.051843
0.052534
0.051405
0.047190
0.045920
0.044825
0.044237
0.043779
0.047693
0.045800
0.046666
0.041904
0.043200
0.040580
0.042017
0.042052
0.041593
0.036870
0.040326
0.037288
0.041065
0.036463
0.034829
0.034878
0.032846
0.034916
0.032757
0.030713
0.032690
0.030751
0.031083
0.026722
0.030064
0.030328
0.030891
0.029606
0.025942
0.025820
0.025037
0.024464
0.026952
0.024162
0.022817
0.024800
0.025603
0.023358
0.020951
0.023212
0.023023
0.021643
0.017386
0.018809
0.020576
0.017554
0.021047
0.019545
0.018171
0.017746
0.019081
0.022072
0.018116
0.018678
0.018442
0.017919
0.015863
0.019408
0.018400
0.015827
0.016926
0.016366
0.014599
0.017324
0.015946
0.015959
0.015191
0.014483
0.016512
0.013692
0.017279
0.018598
0.016337
0.015353
0.015572
0.015499
0.017762
0.015543
0.012240
0.014572
0.014696
0.012077
0.015417
0.015351
0.015536
0.012773
0.012467
0.013600
0.011738
0.013391
0.012558
0.016646
0.015131
0.011265
0.016273
0.013524
0.013506
0.013424
0.013437
0.013576
0.012671
0.012900
0.010937
0.009842
0.012144
0.013346
0.009154
0.012757
0.013954
0.012756
0.010604
0.011281
0.012404
0.014284
0.014942
0.015563
0.010732
