0.216490
0.131057
0.131191
0.098270
0.123641
0.098959
0.069971
0.081847
0.078567
0.063901
0.073219
0.061968
0.059281
0.056123
0.056948
0.051840
0.044460
0.049763
0.048567
0.042911
0.042982
0.043482
0.041507
0.038339
0.038320
0.041092
0.034365
0.038567
0.032738
0.035396
0.032036
0.034758
0.029992
0.027091
0.031642
0.031254
0.027226
0.027433
0.027341
0.031833
0.027266
0.025800
0.023683
0.027775
0.024469
0.025058
0.023586
0.022176
0.021350
0.018326
0.021587
0.016367
0.014798
0.016532
0.015379
0.013554
0.013693
0.013588
0.016257
0.011728
0.013081
0.011514
0.011115
0.008477
0.009477
0.012277
0.006131
0.008753
0.006997
0.006737
0.009518
0.008435
0.006765
0.005479
0.005154
0.005010
0.006582
0.005752
0.004905
0.005293
0.003823
0.005689
0.003557
0.003620
0.002716
0.003857
0.003106
0.002819
0.003198
0.003273
0.002692
0.002591
0.003219
0.003093
0.002323
0.002979
0.002520
0.002263
0.002555
0.002918
0.002234
0.001894
0.001978
0.002116
0.001863
0.001740
0.002305
0.001703
0.001987
0.001094
0.001684
0.001166
0.001410
0.001482
0.001126
0.001031
0.001420
0.001319
0.000971
0.001579
0.000822
0.001112
0.001202
0.000847
0.001183
0.000766
0.000965
0.000810
0.000871
0.001133
0.000773
0.000749
0.000839
0.000856
0.000717
0.000723
0.000625
0.000550
0.000567
0.000680
0.000640
0.000409
0.000541
0.000583
0.000382
0.000422
0.000455
0.000529
0.000474
0.000377
