0.165000
0.330000
0.500000
0.590000
0.675000
0.745000
0.755000
0.825000
0.840000
0.890000
0.875000
0.920000
0.895000
0.930000
0.935000
0.950000
0.960000
0.890000
0.900000
0.870000
0.910000
0.955000
0.940000
0.980000
0.970000
0.985000
0.980000
1.000000
1.000000
0.980000
0.925000
0.960000
0.950000
0.955000
0.925000
0.850000
0.885000
0.905000
0.935000
0.915000
0.930000
0.900000
0.970000
0.970000
0.950000
0.975000
0.975000
0.995000
0.995000
1.000000
1.000000
1.000000
1.000000
1.000000
1.000000
1.000000
1.000000
1.000000
1.000000
1.000000
1.000000
1.000000
1.000000
1.000000
1.000000
1.000000
1.000000
1.000000
1.000000
1.000000
1.000000
1.000000
1.000000
1.000000
1.000000
1.000000
1.000000
1.000000
1.000000
1.000000
1.000000
1.000000
1.000000
1.000000
1.000000
1.000000
1.000000
1.000000
1.000000
1.000000
1.000000
1.000000
1.000000
1.000000
1.000000
1.000000
1.000000
1.000000
1.000000
1.000000
1.000000
1.000000
1.000000
1.000000
1.000000
1.000000
1.000000
1.000000
1.000000
1.000000
1.000000
1.000000
1.000000
1.000000
1.000000
1.000000
1.000000
1.000000
1.000000
1.000000
1.000000
1.000000
1.000000
1.000000
1.000000
1.000000
1.000000
1.000000
1.000000
1.000000
1.000000
1.000000
1.000000
1.000000
1.000000
1.000000
1.000000
1.000000
1.000000
1.000000
1.000000
1.000000
1.000000
1.000000
1.000000
1.000000
1.000000
1.000000
1.000000
1.000000
