0.303337
0.182193
0.130273
0.107846
0.085071
0.075460
0.070698
0.053927
0.052074
0.041685
0.041323
0.034197
0.036241
0.034104
0.024815
0.020785
0.017145
0.035286
0.033418
0.035852
0.024458
0.019675
0.018368
0.012630
0.010255
0.008781
0.008190
0.004678
0.003998
0.007047
0.024731
0.014798
0.015633
0.016434
0.028054
0.050778
0.030590
0.026654
0.019694
0.029965
0.028370
0.023985
0.010723
0.010219
0.011294
0.011874
0.007495
0.003509
0.003292
0.001608
0.001288
0.000971
0.001325
0.000942
0.000860
0.000750
0.000575
0.000676
0.000586
0.000656
0.000651
0.000389
0.000412
0.000370
0.000396
0.000268
0.000331
0.000301
0.000243
0.000324
0.000335
0.000255
0.000260
0.000235
0.000471
0.000306
0.000235
0.000237
0.000218
0.000182
0.000377
0.000181
0.000186
0.000191
0.000177
0.000147
0.000189
0.000195
0.000152
0.000172
0.000128
0.000135
0.000142
0.000131
0.000143
0.000115
0.000123
0.000124
0.000116
0.000126
0.000134
0.000142
0.000125
0.000116
0.000144
0.000113
0.000100
0.000136
0.000106
0.000089
0.000150
0.000145
0.000105
0.000091
0.000118
0.000077
0.000215
0.000123
0.000090
0.000062
0.000078
0.000094
0.000098
0.000059
0.000053
0.000066
0.000064
0.000070
0.000064
0.000074
0.000070
0.000066
0.000083
0.000068
0.000063
0.000063
0.000047
0.000064
0.000045
0.000060
0.000055
0.000046
0.000055
0.000056
0.000052
0.000052
0.000051
0.000042
0.000044
0.000034
