0.091415
0.065890
0.054869
0.052347
0.048624
0.048494
0.044700
0.042254
0.040852
0.041270
0.036984
0.038207
0.034688
0.031830
0.032850
0.032920
0.029594
0.030667
0.028726
0.028419
0.028798
0.026685
0.023414
0.022773
0.022866
0.026159
0.020913
0.024927
0.028335
0.028838
0.026473
0.021280
0.024981
0.030898
0.023977
0.023896
0.016878
0.017363
0.018165
0.012723
0.014264
0.017273
0.020735
0.020341
0.020595
0.025543
0.022991
0.020873
0.018201
0.015862
0.018375
0.015312
0.013349
0.010790
0.008354
0.007928
0.008895
0.008413
0.008326
0.009250
0.009939
0.008919
0.008002
0.007721
0.005335
0.005196
0.004448
0.004614
0.004016
0.003217
0.003448
0.004212
0.003661
0.003237
0.002513
0.002184
0.001673
0.001547
0.001548
0.001968
0.003179
0.007436
0.011017
0.010205
0.010371
0.016694
0.011025
0.011635
0.017276
0.018111
0.016338
0.013392
0.009427
0.009584
0.009306
0.005497
0.004029
0.004544
0.002758
0.002487
0.002845
0.002293
0.002895
0.002810
0.002171
0.001506
0.001851
0.001538
0.002579
0.003034
0.002578
0.002501
0.002982
0.006223
0.003886
0.003728
0.001505
0.002074
0.001796
0.000993
0.001353
0.000984
0.000662
0.000493
0.000756
0.000600
0.000446
0.000503
0.000509
0.000515
0.000369
0.000465
0.000560
0.000400
0.000478
0.000419
0.000513
0.000509
0.000284
0.000454
0.000371
0.000298
0.000259
0.000254
0.000302
0.000250
0.000218
0.000215
0.000174
0.000154
0.000144
0.000538
0.000863
0.005555
0.015481
0.025611
0.016044
0.017030
0.017467
0.028045
0.018910
0.014363
0.013362
0.008358
0.010131
0.013979
0.008539
0.012244
0.006318
0.004905
0.003209
0.003872
0.003445
0.001899
0.001652
0.001559
0.001078
0.000950
0.001409
0.001122
0.000805
0.001221
0.001223
0.000576
0.000879
0.000560
0.000624
0.000421
0.000538
0.000300
0.000318
0.000303
0.000316
0.000787
0.001630
0.001014
0.001233
0.001033
0.001294
0.001161
0.000959
0.000619
0.000574
0.001481
0.007281
0.004049
0.003903
0.004470
0.005257
0.007637
0.003974
0.003027
0.001978
0.002830
0.001597
0.001767
0.007117
0.006022
0.003957
0.004464
0.004424
0.002979
0.003314
0.002455
0.001426
0.001475
0.000984
0.001082
0.001602
0.003090
0.001705
0.000857
0.002208
0.003557
0.003746
0.003460
0.001592
0.002012
0.003068
0.003624
0.005808
0.012816
0.011684
0.016111
0.007579
0.011522
0.010479
0.012044
0.005391
0.008322
