0.080763
0.068653
0.056453
0.057179
0.050499
0.048920
0.048054
0.044418
0.042457
0.044310
0.038365
0.038937
0.038442
0.037364
0.036082
0.031291
0.031446
0.027613
0.027237
0.027025
0.028815
0.028700
0.029368
0.026780
0.025692
0.023242
0.019843
0.023079
0.022086
0.024106
0.029042
0.022771
0.020096
0.022007
0.018453
0.018410
0.015770
0.015686
0.015517
0.014966
0.015494
0.012228
0.010138
0.010347
0.010328
0.008230
0.010788
0.011657
0.011294
0.011582
0.011720
0.013027
0.015115
0.016053
0.011565
0.009220
0.010254
0.013312
0.007785
0.006774
0.007980
0.008914
0.008977
0.010001
0.008789
0.008149
0.007640
0.005220
0.004767
0.004999
0.010280
0.011329
0.017558
0.011003
0.012146
0.008579
0.008040
0.006262
0.008326
0.016371
0.011850
0.011605
0.015207
0.008122
0.007887
0.008022
0.009703
0.006763
0.006165
0.003466
0.002902
0.002778
0.003917
0.002725
0.002616
0.001488
0.001282
0.001455
0.001375
0.001223
0.000882
0.000857
0.000848
0.000738
0.000835
0.000632
0.000667
0.000588
0.000969
0.001720
0.000569
0.000652
0.000461
0.000537
0.000429
0.000362
0.000255
0.000336
0.000301
0.000290
0.000277
0.000208
0.000229
0.000283
0.000330
0.000210
0.000177
0.000194
0.000138
0.000219
0.000135
0.000130
0.000154
0.000170
0.000105
0.000108
0.000111
0.000178
0.000095
0.000104
0.000128
0.000080
0.000119
0.000105
0.000069
0.000066
0.000062
0.000123
0.000084
0.000085
0.000055
0.000064
0.000062
0.000057
0.000046
0.000067
0.000058
0.000053
0.000065
0.000043
0.000050
0.000046
0.000045
0.000487
0.011453
0.005335
0.004554
0.003582
0.004804
0.006939
0.023757
0.023243
0.025686
0.019172
0.011999
0.013232
0.013174
0.013731
0.021300
0.030617
0.022114
0.010074
0.008727
0.006054
0.003352
0.003395
0.002844
0.002062
0.002165
0.001837
0.001625
0.001301
0.001556
0.001245
0.001085
0.001118
0.000844
0.000886
0.000548
0.000549
0.000573
0.000407
0.000694
0.000817
0.000455
0.000609
0.000399
0.000340
0.000310
0.000264
0.000271
0.000210
0.000228
0.000248
0.000250
0.000336
0.000177
0.000191
0.000233
0.000149
0.000206
0.000302
0.000211
0.000197
0.000166
0.000130
0.000233
0.000145
0.000252
0.000155
0.000189
0.000113
0.000128
0.000120
0.000137
0.000130
0.000194
0.000102
0.000175
0.000095
0.000123
0.000106
0.000094
0.000095
0.000120
0.000116
0.000135
0.000090
0.000129
0.000132
