0.073232
0.062947
0.058437
0.057649
0.055469
0.053431
0.053186
0.050279
0.048449
0.050204
0.045364
0.045160
0.045769
0.045808
0.041130
0.042150
0.041594
0.040399
0.040689
0.040720
0.039089
0.038827
0.038125
0.042153
0.039963
0.037981
0.042289
0.037449
0.034308
0.034823
0.033150
0.034741
0.031869
0.032405
0.033107
0.031969
0.030997
0.036231
0.029114
0.032841
0.033346
0.029429
0.026581
0.028762
0.032171
0.026559
0.024376
0.020342
0.020205
0.019625
0.019154
0.016475
0.016268
0.013028
0.013862
0.013906
0.011758
0.009789
0.008328
0.008657
0.008412
0.007162
0.007061
0.009166
0.008675
0.007960
0.007520
0.011706
0.007489
0.009431
0.008832
0.006252
0.006532
0.005138
0.005129
0.003176
0.003754
0.002515
0.004429
0.002572
0.002504
0.004484
0.007479
0.005452
0.004691
0.002851
0.002710
0.001894
0.003608
0.004494
0.006696
0.007213
0.009348
0.006575
0.007127
0.006431
0.004590
0.006561
0.010966
0.015543
0.011981
0.007370
0.007858
0.006334
0.013761
0.009331
0.009277
0.006464
0.004339
0.003924
0.003081
0.004123
0.009620
0.004834
0.003360
0.002251
0.002346
0.001710
0.001867
0.001473
0.001541
0.002422
0.000931
0.001366
0.002142
0.003585
0.003772
0.006362
0.006213
0.005312
0.018076
0.016277
0.012628
0.008983
0.008212
0.007269
0.005643
0.006168
0.008402
0.010840
0.010789
0.012287
0.012008
0.008956
0.015634
0.022562
0.015294
0.009102
0.007132
0.004262
0.003594
0.002832
0.002591
0.002146
0.000866
0.001121
0.000789
0.000980
0.000652
0.000482
0.000415
0.000387
0.000310
0.000469
0.000366
0.000311
0.000305
0.000242
0.000320
0.000231
0.000260
0.000234
0.000210
0.000192
0.000241
0.000257
0.000259
0.000304
0.000228
0.000164
0.000149
0.000143
0.000112
0.000126
0.000114
0.000159
0.000164
0.000107
0.000102
0.000094
0.000115
0.000103
0.000100
0.000094
0.000101
0.000119
0.000167
0.000101
0.000093
0.000099
0.000103
0.000087
0.000091
0.000089
0.000081
0.000113
0.000094
0.000068
0.000069
0.000074
0.000101
0.000085
0.000056
0.000096
0.000097
0.000070
0.000066
0.000072
0.000083
0.000099
0.000103
0.000074
0.000067
0.000056
0.000059
0.000059
0.000086
0.000048
0.000045
0.000070
0.000050
0.000075
0.000067
0.000052
0.000051
0.000076
0.000051
0.000061
0.000059
0.000076
0.000053
0.000046
0.000041
0.000040
0.000056
0.000111
0.000051
0.000072
0.000109
0.000432
