0.087210
0.073333
0.074886
0.069829
0.071003
0.068397
0.067209
0.065272
0.065165
0.062969
0.066368
0.065461
0.065607
0.061798
0.064419
0.063971
0.060894
0.059426
0.059928
0.057072
0.055839
0.056115
0.057235
0.055577
0.056551
0.058844
0.058883
0.058690
0.057155
0.054675
0.046067
0.046393
0.046165
0.049179
0.044993
0.042900
0.043553
0.044898
0.044993
0.043040
0.042068
0.040188
0.040711
0.037460
0.035726
0.038070
0.039543
0.036028
0.039914
0.031534
0.037665
0.037450
0.043047
0.033349
0.037298
0.038593
0.033518
0.027413
0.038294
0.031309
0.029242
0.032976
0.028692
0.032878
0.034244
0.029866
0.029740
0.025751
0.033744
0.023202
0.029409
0.026231
0.025454
0.033781
0.023171
0.029933
0.026947
0.028559
0.028179
0.026580
0.025230
0.023326
0.028872
0.021498
0.028740
0.024694
0.022927
0.033267
0.018136
0.017773
0.021113
0.015215
0.026569
0.043293
0.029927
0.031260
0.041201
0.025347
0.031375
0.025425
0.035186
0.025237
0.024477
0.026719
0.023893
0.029546
0.022546
0.022631
0.021158
0.024807
0.022075
0.018564
0.026181
0.028857
0.021903
0.018986
0.025513
0.019039
0.026208
0.030338
0.030354
0.042160
0.093966
0.044127
0.036122
0.039001
0.025888
0.014910
0.025240
0.021150
0.030768
0.026843
0.021100
0.027318
0.022433
0.018447
0.022438
0.016995
0.020339
0.019213
0.019623
0.017797
0.015438
0.015829
0.016265
0.015648
0.014378
0.011608
0.008018
0.010123
