0.070896
0.074383
0.071020
0.069892
0.067220
0.068561
0.067423
0.066590
0.067605
0.066803
0.066798
0.071835
0.065952
0.070223
0.063877
0.062876
0.065955
0.064224
0.066066
0.065607
0.064963
0.062700
0.063022
0.061353
0.063177
0.065074
0.065239
0.062149
0.061721
0.060941
0.062118
0.060858
0.061511
0.060810
0.065096
0.063696
0.061796
0.058674
0.057425
0.058580
0.058300
0.060617
0.061052
0.056144
0.054293
0.055795
0.057388
0.048353
0.047166
0.047308
0.042578
0.050464
0.051284
0.049690
0.050367
0.040853
0.036606
0.041573
0.043979
0.041747
0.045385
0.048995
0.043873
0.046537
0.039870
0.050441
0.032075
0.039885
0.034537
0.030526
0.037275
0.031527
0.035024
0.033160
0.030028
0.023702
0.029626
0.033350
0.026459
0.033608
0.022180
0.030711
0.030156
0.026208
0.029277
0.031578
0.025462
0.031217
0.034219
0.035753
0.036031
0.028713
0.025662
0.027078
0.030624
0.030628
0.024919
0.026034
0.022749
0.027681
0.024159
0.026590
0.018917
0.025277
0.026621
0.018892
0.022254
0.019839
0.022893
0.018360
0.018769
0.013825
0.023319
0.023011
0.035368
0.019431
0.026235
0.022149
0.029402
0.022552
0.026309
0.017006
0.035043
0.019376
0.019460
0.013832
0.015520
0.021734
0.020229
0.023485
0.018265
0.035036
0.038672
0.033707
0.021840
0.027120
0.024087
0.031465
0.030872
0.028877
0.026490
0.024490
0.024602
0.025382
0.023822
0.019301
0.034119
0.014419
0.021051
0.015648
