0.092377
0.076385
0.070567
0.069590
0.063003
0.063701
0.060702
0.053774
0.054602
0.051912
0.052685
0.049961
0.050729
0.048925
0.046880
0.047857
0.047298
0.049481
0.043602
0.040439
0.044198
0.043415
0.041927
0.039860
0.044803
0.044461
0.041516
0.038810
0.036165
0.042991
0.034569
0.036698
0.034741
0.037618
0.034220
0.033978
0.035079
0.031733
0.033136
0.031710
0.035275
0.030930
0.033606
0.029775
0.033063
0.034432
0.028071
0.034423
0.030631
0.025672
0.027599
0.031146
0.029363
0.029502
0.025071
0.031761
0.032400
0.037777
0.026993
0.047389
0.034988
0.039088
0.032720
0.036999
0.035924
0.033335
0.029920
0.027283
0.036000
0.034390
0.027905
0.027248
0.026265
0.038001
0.032989
0.034722
0.027933
0.027114
0.028181
0.022690
0.023155
0.024716
0.026166
0.023663
0.023676
0.036097
0.027386
0.019809
0.020242
0.016762
0.021118
0.023925
0.017695
0.022216
0.019906
0.021067
0.023706
0.028026
0.014212
0.025948
0.021548
0.021571
0.020682
0.014791
0.016434
0.013171
0.014993
0.021223
0.024830
0.017733
0.022591
0.011217
0.017406
0.019327
0.017656
0.014525
0.017816
0.019481
0.015619
0.021318
0.015385
0.014223
0.014083
0.014649
0.013896
0.018761
0.023731
0.018845
0.016411
0.015383
0.012527
0.014416
0.015531
0.016397
0.010492
0.014296
0.012743
0.013046
0.013370
0.017478
0.012572
0.021596
0.017746
0.011161
0.014584
0.018398
0.025629
0.015377
0.023310
0.020128
