0.075687
0.072108
0.072536
0.070040
0.068424
0.068698
0.070214
0.066484
0.068547
0.066166
0.065710
0.069650
0.064446
0.062754
0.064702
0.064573
0.064576
0.065687
0.064275
0.060572
0.059907
0.057243
0.058583
0.055149
0.059274
0.055431
0.056261
0.055359
0.054173
0.053155
0.053871
0.052265
0.053939
0.051689
0.050369
0.046563
0.048283
0.048252
0.051103
0.050452
0.044541
0.048735
0.043015
0.040951
0.041677
0.042479
0.037846
0.035453
0.043537
0.037903
0.036588
0.040803
0.041948
0.040862
0.035936
0.034318
0.032196
0.035777
0.031657
0.035399
0.032492
0.031458
0.034375
0.035276
0.035645
0.031025
0.038040
0.027222
0.032194
0.028001
0.028328
0.029121
0.030431
0.031249
0.028241
0.030609
0.031534
0.030162
0.027739
0.024851
0.025724
0.028163
0.025201
0.021335
0.022194
0.027466
0.027918
0.024008
0.021243
0.023790
0.023994
0.023851
0.041343
0.046315
0.039238
0.042178
0.034775
0.036998
0.031169
0.032301
0.032070
0.027903
0.030371
0.033077
0.033003
0.035940
0.027013
0.027795
0.028926
0.038275
0.035463
0.026325
0.034798
0.024865
0.024516
0.032214
0.021106
0.027295
0.022448
0.027933
0.023966
0.021121
0.021920
0.015578
0.018020
0.011115
0.016588
0.013968
0.014593
0.012320
0.020152
0.010177
0.022431
0.015813
0.014726
0.022011
0.015689
0.031470
0.016863
0.024732
0.023571
0.018125
0.020085
0.027412
0.019365
0.021903
0.015227
0.020853
0.029992
0.030617
