0.079529
0.072260
0.072366
0.069287
0.069475
0.068367
0.070171
0.067878
0.070761
0.069947
0.070219
0.073670
0.072287
0.070508
0.068877
0.063707
0.066734
0.063429
0.062219
0.064768
0.062950
0.062535
0.063188
0.062543
0.061980
0.058489
0.060553
0.062180
0.059591
0.060995
0.060976
0.059707
0.064482
0.060241
0.060779
0.060978
0.062082
0.056483
0.055072
0.061318
0.059505
0.061609
0.058920
0.060203
0.058486
0.061876
0.062557
0.064152
0.060410
0.061155
0.059989
0.061521
0.055422
0.062785
0.058078
0.052907
0.058603
0.060060
0.057963
0.057464
0.061344
0.057745
0.052315
0.058080
0.053792
0.052471
0.053439
0.050657
0.054225
0.056788
0.052836
0.052891
0.049821
0.052933
0.055174
0.055120
0.057608
0.051371
0.049241
0.050281
0.047689
0.050050
0.048705
0.049170
0.047182
0.047370
0.046539
0.044565
0.041846
0.045655
0.045775
0.042934
0.047868
0.040973
0.042559
0.048856
0.043533
0.048822
0.045903
0.050335
0.046915
0.045879
0.049241
0.045755
0.049633
0.040016
0.046585
0.045624
0.049719
0.041587
0.046156
0.045169
0.038929
0.051279
0.058108
0.035528
0.054051
0.047107
0.042190
0.043638
0.035012
0.044738
0.051103
0.043143
0.040552
0.034412
0.040838
0.045503
0.046047
0.033497
0.038238
0.031569
0.033997
0.035488
0.034323
0.038650
0.033654
0.036635
0.032548
0.033076
0.024804
0.030757
0.028963
0.038171
0.031341
0.036257
0.042402
0.025692
0.039725
0.028944
