0.080287
0.074163
0.071682
0.070129
0.069584
0.069519
0.062857
0.057332
0.058542
0.061531
0.060572
0.057276
0.056071
0.052928
0.051694
0.051994
0.049772
0.052881
0.049572
0.047133
0.044930
0.047001
0.045914
0.043712
0.042603
0.043705
0.038893
0.043281
0.039818
0.038343
0.035085
0.036245
0.034137
0.034704
0.032239
0.031995
0.032941
0.026072
0.025632
0.026226
0.025628
0.021190
0.021746
0.022532
0.019930
0.016719
0.019909
0.015691
0.016976
0.017587
0.017023
0.013207
0.015871
0.013744
0.012921
0.012874
0.013918
0.013132
0.010959
0.013552
0.013088
0.012126
0.010652
0.012912
0.013884
0.014142
0.009570
0.009091
0.012257
0.011144
0.010507
0.008089
0.011355
0.011135
0.011739
0.008181
0.007356
0.006879
0.007558
0.006443
0.005603
0.008681
0.006870
0.007974
0.005027
0.004867
0.004255
0.004913
0.004906
0.004697
0.004332
0.004463
0.004683
0.004372
0.004539
0.004399
0.003788
0.004320
0.006451
0.006086
0.004914
0.004824
0.004948
0.004668
0.004839
0.004065
0.004667
0.003568
0.003874
0.004528
0.004409
0.004498
0.006453
0.003673
0.004258
0.004899
0.003997
0.005547
0.003894
0.003535
0.003248
0.003341
0.006153
0.002583
0.003614
0.002757
0.002762
0.002302
0.001995
0.002586
0.002238
0.002010
0.002319
0.002602
0.002345
0.002640
0.001938
0.002429
0.002393
0.001874
0.002286
0.001893
0.002181
0.002134
0.002659
0.001774
0.001626
0.003030
0.001791
0.001854
