0.121131
0.078151
0.071477
0.067984
0.067131
0.063141
0.062456
0.061594
0.061527
0.062215
0.058705
0.060078
0.059053
0.060004
0.057796
0.060663
0.058873
0.057884
0.056612
0.057480
0.054967
0.055679
0.055420
0.057467
0.055579
0.057445
0.056604
0.059394
0.056626
0.056949
0.052643
0.056433
0.053632
0.052485
0.052846
0.052760
0.053430
0.058854
0.048557
0.053706
0.052135
0.057446
0.050368
0.052910
0.049923
0.054297
0.054170
0.047696
0.049491
0.055008
0.050154
0.050686
0.049975
0.051420
0.047757
0.045017
0.052282
0.048434
0.052717
0.047892
0.051326
0.050670
0.045792
0.047660
0.049332
0.047193
0.046278
0.048472
0.047908
0.048435
0.044167
0.047116
0.043342
0.044770
0.047399
0.048973
0.043632
0.046559
0.047161
0.048698
0.044069
0.042909
0.045289
0.041909
0.046568
0.041374
0.041641
0.042833
0.042837
0.036946
0.040374
0.042612
0.043012
0.042630
0.042785
0.042208
0.037870
0.045049
0.035496
0.038779
0.037959
0.033318
0.034931
0.030098
0.030678
0.031774
0.025139
0.031868
0.028416
0.029032
0.019725
0.030337
0.025923
0.032036
0.034965
0.028153
0.029737
0.032594
0.031766
0.025952
0.022883
0.027141
0.026817
0.031716
0.021307
0.025469
0.020647
0.026320
0.020738
0.024655
0.023089
0.032481
0.018612
0.032559
0.025582
0.038048
0.035168
0.029548
0.047663
0.021567
0.033195
0.022405
0.018188
0.031455
0.031291
0.026997
0.037061
0.027109
0.026479
0.019011
