0.077905
0.071996
0.070748
0.069738
0.068713
0.070032
0.067571
0.066017
0.064339
0.065025
0.064247
0.063448
0.064305
0.062469
0.064945
0.063825
0.063580
0.063660
0.062011
0.060592
0.060156
0.059364
0.058997
0.059994
0.058504
0.060353
0.059563
0.058061
0.061223
0.060335
0.057870
0.059486
0.061238
0.058258
0.058175
0.058125
0.059063
0.060661
0.058027
0.056206
0.056168
0.056801
0.056045
0.058387
0.058436
0.056763
0.056028
0.054248
0.056468
0.057008
0.056071
0.052977
0.054341
0.054836
0.054035
0.051699
0.054049
0.055534
0.052034
0.050419
0.053009
0.053131
0.051578
0.051088
0.053806
0.050255
0.051032
0.050828
0.047595
0.050325
0.049043
0.047455
0.048536
0.048576
0.049329
0.050944
0.048777
0.047794
0.046863
0.047356
0.048704
0.045675
0.047227
0.044738
0.045045
0.047456
0.045641
0.044310
0.044508
0.043022
0.039451
0.041954
0.042305
0.039186
0.042559
0.038490
0.039081
0.038049
0.038850
0.037900
0.038841
0.037019
0.037550
0.038663
0.037835
0.036093
0.037843
0.035095
0.035592
0.037518
0.035617
0.034581
0.034573
0.034616
0.036362
0.034932
0.036595
0.033224
0.034144
0.035698
0.033903
0.033724
0.034582
0.031507
0.032642
0.031390
0.029649
0.031768
0.030319
0.031504
0.029107
0.032208
0.031159
0.031944
0.032043
0.030752
0.031780
0.030750
0.028250
0.031344
0.031553
0.029894
0.032459
0.028073
0.030940
0.029393
0.029479
0.027640
0.029747
0.029102
