0.076284
0.072286
0.071828
0.071670
0.071670
0.071670
0.071640
0.070419
0.069169
0.068805
0.070212
0.067598
0.067512
0.068246
0.068089
0.068693
0.066425
0.065340
0.063627
0.063140
0.064296
0.062226
0.063677
0.063895
0.061717
0.063322
0.062219
0.062253
0.061585
0.060829
0.061170
0.062068
0.061432
0.060787
0.060528
0.060861
0.062333
0.059850
0.059167
0.058753
0.057854
0.059223
0.057614
0.058515
0.058924
0.052551
0.059179
0.058168
0.059844
0.057184
0.056098
0.056999
0.055959
0.057346
0.056094
0.056479
0.053004
0.054658
0.053701
0.053601
0.051724
0.053316
0.051576
0.053716
0.051202
0.048249
0.049266
0.051943
0.048391
0.052885
0.052879
0.050760
0.049933
0.050473
0.050666
0.050096
0.049393
0.048972
0.048459
0.050025
0.051680
0.050410
0.050620
0.050085
0.051192
0.049544
0.049000
0.049519
0.050235
0.048934
0.047070
0.047971
0.050459
0.049027
0.048772
0.049310
0.047288
0.048342
0.044967
0.046070
0.045835
0.044406
0.047992
0.048339
0.045080
0.045639
0.044934
0.044190
0.044134
0.042042
0.045875
0.044035
0.041128
0.040961
0.043585
0.041747
0.042075
0.044526
0.042651
0.040275
0.043901
0.042346
0.040603
0.042874
0.042575
0.040575
0.040833
0.039394
0.038408
0.038678
0.040855
0.038618
0.038545
0.037662
0.039330
0.038692
0.040323
0.037551
0.037440
0.036358
0.037871
0.038693
0.038529
0.037862
0.036747
0.036831
0.041281
0.039319
0.038338
0.036342
