0.078992
0.072157
0.070917
0.068685
0.063857
0.063824
0.066393
0.065567
0.064961
0.063473
0.061521
0.062814
0.060067
0.057876
0.058033
0.057409
0.056328
0.055191
0.056780
0.057491
0.055257
0.057704
0.054348
0.054394
0.055912
0.054042
0.056500
0.056409
0.054912
0.055081
0.057544
0.055072
0.054823
0.051339
0.051944
0.048563
0.047999
0.050172
0.048181
0.049835
0.050301
0.048624
0.048449
0.049980
0.047456
0.045186
0.044029
0.043780
0.044237
0.044158
0.044438
0.046872
0.045416
0.043880
0.046140
0.042671
0.039810
0.041953
0.041235
0.041666
0.039992
0.041327
0.040160
0.038585
0.039298
0.038206
0.035387
0.035984
0.035960
0.037982
0.031565
0.034538
0.034440
0.033467
0.034170
0.037051
0.034383
0.033154
0.033914
0.033294
0.034428
0.030087
0.032776
0.031337
0.032199
0.032234
0.034882
0.031998
0.029747
0.028630
0.029926
0.032705
0.032577
0.029268
0.030566
0.030639
0.029669
0.031239
0.029959
0.029223
0.028343
0.028555
0.031060
0.033602
0.027885
0.028369
0.032580
0.030335
0.030209
0.028247
0.025727
0.028692
0.029123
0.029347
0.030608
0.030259
0.029296
0.029263
0.031373
0.029763
0.028230
0.027236
0.028376
0.031986
0.029820
0.027375
0.027549
0.026445
0.026559
0.026553
0.026612
0.027563
0.026546
0.024233
0.025388
0.024351
0.022679
0.022723
0.023134
0.021797
0.023249
0.023958
0.021027
0.022293
0.022302
0.021828
0.022900
0.020571
0.021405
0.024320
