0.092383
0.074024
0.069790
0.070686
0.069873
0.067705
0.069397
0.068265
0.066781
0.069435
0.066992
0.066568
0.068437
0.065051
0.065929
0.065338
0.064237
0.063778
0.061404
0.060190
0.062854
0.060562
0.058974
0.060504
0.057898
0.057237
0.062291
0.054406
0.053150
0.052050
0.050458
0.054000
0.048252
0.049827
0.048368
0.049124
0.047295
0.047239
0.046516
0.044955
0.044243
0.047044
0.045787
0.043839
0.041455
0.041275
0.042002
0.043710
0.041661
0.041112
0.042241
0.038407
0.042211
0.043307
0.034610
0.040664
0.034432
0.035858
0.039049
0.034669
0.030867
0.030323
0.030492
0.029269
0.027618
0.026847
0.027961
0.024604
0.022489
0.021451
0.025080
0.022714
0.021633
0.020273
0.023481
0.020533
0.021386
0.022662
0.025829
0.020943
0.019291
0.023525
0.029302
0.017666
0.015155
0.016535
0.015800
0.017973
0.014639
0.012679
0.015956
0.012983
0.012109
0.014135
0.014229
0.012324
0.015085
0.012710
0.012163
0.012911
0.016028
0.010377
0.012475
0.013535
0.010370
0.011682
0.009424
0.014256
0.011854
0.012075
0.010828
0.013660
0.012311
0.015981
0.009679
0.016328
0.011421
0.009408
0.044679
0.016973
0.017659
0.022053
0.013825
0.027707
0.021412
0.018357
0.022259
0.019322
0.013841
0.018399
0.011625
0.010255
0.008210
0.010134
0.010106
0.010632
0.006474
0.009255
0.006428
0.011859
0.007990
0.008352
0.009648
0.006243
0.005264
0.006211
0.006494
0.005075
0.006514
0.005198
