0.108887
0.087690
0.073632
0.068122
0.069347
0.069305
0.068232
0.069433
0.066635
0.071522
0.060874
0.066008
0.063731
0.059852
0.060934
0.063138
0.060101
0.059464
0.057482
0.059475
0.059318
0.060081
0.059212
0.056843
0.061345
0.058204
0.059181
0.056803
0.050359
0.055323
0.052956
0.052475
0.052516
0.052012
0.051749
0.048108
0.048035
0.047309
0.048508
0.049713
0.047490
0.050097
0.047754
0.051711
0.050116
0.046749
0.049491
0.049526
0.048639
0.039681
0.040970
0.040594
0.040429
0.042133
0.037781
0.040176
0.032521
0.037203
0.032402
0.031732
0.029267
0.030954
0.027565
0.029845
0.029078
0.026338
0.029029
0.024192
0.031325
0.033649
0.027487
0.026565
0.030417
0.024564
0.034473
0.023353
0.033786
0.026867
0.025570
0.030700
0.024982
0.025498
0.028248
0.030938
0.040153
0.027018
0.025736
0.026335
0.026362
0.026542
0.021055
0.019539
0.017412
0.017842
0.016516
0.021623
0.018271
0.017673
0.018275
0.020352
0.017530
0.015018
0.020660
0.016118
0.013669
0.012916
0.017787
0.024664
0.056318
0.025839
0.029182
0.044456
0.025955
0.022301
0.019050
0.027111
0.033264
0.033659
0.028274
0.022072
0.020404
0.032596
0.018083
0.025640
0.016381
0.012549
0.020822
0.031244
0.013232
0.012297
0.014463
0.011200
0.014367
0.008488
0.010200
0.009975
0.007612
0.013258
0.017204
0.023941
0.019437
0.013552
0.019376
0.020047
0.011034
0.009204
0.011972
0.009056
0.013895
0.008304
