0.084231
0.085725
0.078545
0.073923
0.070118
0.078694
0.070480
0.072702
0.071246
0.071508
0.071813
0.068946
0.069039
0.068607
0.065097
0.066401
0.064538
0.059694
0.063935
0.056736
0.062327
0.057990
0.056113
0.055081
0.052548
0.052756
0.053480
0.055083
0.050984
0.050728
0.053089
0.047454
0.048985
0.046350
0.046845
0.047364
0.045281
0.045074
0.042189
0.045113
0.044369
0.041054
0.043766
0.041101
0.036141
0.041282
0.039690
0.036531
0.041034
0.046945
0.047329
0.046545
0.054113
0.039101
0.042030
0.042168
0.045712
0.041579
0.044930
0.044749
0.043233
0.041255
0.044678
0.035701
0.037600
0.032843
0.034557
0.033059
0.028143
0.029823
0.029526
0.028808
0.025792
0.026903
0.025327
0.024221
0.024332
0.025349
0.023231
0.025516
0.026282
0.022220
0.018356
0.020041
0.020629
0.020682
0.014929
0.018297
0.020095
0.014092
0.028989
0.031268
0.017284
0.014767
0.016107
0.014440
0.012116
0.014762
0.016651
0.014183
0.012316
0.010187
0.012138
0.013073
0.012248
0.022857
0.013726
0.027000
0.031909
0.031804
0.020119
0.030140
0.021234
0.018255
0.022893
0.016262
0.015250
0.013937
0.019905
0.015171
0.016981
0.014604
0.012171
0.012481
0.014671
0.015416
0.014321
0.010494
0.011171
0.011384
0.012226
0.008912
0.009271
0.010399
0.010325
0.007313
0.010744
0.009945
0.006982
0.007546
0.009477
0.009765
0.008531
0.010642
0.009897
0.014480
0.012812
0.010483
0.011945
0.014035
