0.155000
0.205000
0.220000
0.295000
0.325000
0.360000
0.375000
0.380000
0.370000
0.415000
0.455000
0.415000
0.500000
0.500000
0.515000
0.530000
0.575000
0.570000
0.560000
0.585000
0.610000
0.650000
0.620000
0.610000
0.645000
0.655000
0.605000
0.645000
0.610000
0.675000
0.690000
0.660000
0.665000
0.660000
0.705000
0.720000
0.710000
0.715000
0.710000
0.730000
0.730000
0.710000
0.725000
0.730000
0.745000
0.740000
0.735000
0.760000
0.750000
0.750000
0.760000
0.765000
0.755000
0.765000
0.765000
0.770000
0.770000
0.755000
0.765000
0.775000
0.765000
0.770000
0.775000
0.770000
0.780000
0.780000
0.780000
0.780000
0.780000
0.780000
0.780000
0.780000
0.780000
0.780000
0.780000
0.770000
0.780000
0.780000
0.780000
0.780000
0.775000
0.780000
0.780000
0.780000
0.780000
0.780000
0.780000
0.780000
0.780000
0.780000
0.780000
0.780000
0.780000
0.780000
0.780000
0.780000
0.780000
0.780000
0.780000
0.780000
0.780000
0.780000
0.780000
0.780000
0.780000
0.780000
0.780000
0.780000
0.780000
0.775000
0.700000
0.755000
0.745000
0.730000
0.770000
0.700000
0.775000
0.770000
0.775000
0.775000
0.775000
0.775000
0.780000
0.765000
0.770000
0.740000
0.780000
0.760000
0.780000
0.780000
0.780000
0.775000
0.780000
0.775000
0.770000
0.775000
0.765000
0.780000
0.770000
0.780000
0.780000
0.780000
0.780000
0.780000
0.780000
0.780000
0.780000
0.780000
0.780000
0.780000
0.775000
0.780000
0.780000
0.780000
0.780000
0.780000
0.780000
0.780000
0.780000
0.780000
0.780000
0.780000
0.780000
0.780000
0.770000
0.780000
0.775000
0.780000
0.775000
0.775000
0.775000
0.775000
0.780000
0.775000
0.775000
0.775000
0.780000
0.775000
0.780000
0.775000
0.775000
0.780000
0.780000
0.775000
0.780000
0.770000
0.780000
0.780000
0.780000
0.780000
0.775000
0.770000
0.780000
0.780000
0.780000
0.775000
0.780000
0.780000
0.780000
0.780000
0.780000
0.780000
0.780000
0.770000
0.780000
0.775000
0.780000
0.780000
0.780000
0.780000
0.780000
0.780000
0.780000
0.780000
0.780000
0.780000
0.780000
0.780000
0.780000
0.780000
0.780000
0.780000
0.780000
0.780000
0.780000
0.780000
0.780000
0.780000
0.780000
0.780000
0.780000
0.780000
0.780000
0.780000
0.780000
0.780000
0.780000
0.780000
0.780000
0.780000
0.780000
0.780000
0.780000
0.780000
0.780000
0.780000
0.780000
0.780000
0.780000
0.780000
