0.064538
0.060843
0.060838
0.059285
0.057664
0.056446
0.055632
0.055791
0.053478
0.052165
0.050764
0.050717
0.048224
0.046636
0.044598
0.044544
0.043977
0.045559
0.044445
0.042559
0.042953
0.041318
0.040297
0.039392
0.040123
0.038142
0.041343
0.040487
0.038915
0.040944
0.035784
0.037045
0.037564
0.037804
0.036749
0.036026
0.034068
0.036901
0.035159
0.033980
0.034958
0.034045
0.032099
0.035002
0.033570
0.032614
0.033485
0.031156
0.031353
0.031950
0.030920
0.030665
0.031065
0.030308
0.031338
0.032046
0.030316
0.030505
0.031125
0.031606
0.028301
0.029663
0.029852
0.030136
0.030559
0.028752
0.028917
0.029375
0.028903
0.029662
0.027140
0.027250
0.029125
0.029369
0.028266
0.028433
0.028967
0.028420
0.027383
0.030054
0.029837
0.029611
0.027523
0.028756
0.026369
0.028489
0.026823
0.028406
0.028194
0.029055
0.029072
0.029151
0.028015
0.028111
0.027086
0.028482
0.029100
0.027793
0.026956
0.026561
0.030018
0.027921
0.028569
0.026155
0.028153
0.025997
0.029145
0.027955
0.026892
0.027439
0.027483
0.025398
0.026336
0.025628
0.026701
0.025253
0.026570
0.024655
0.025560
0.024798
0.025575
0.025557
0.024056
0.024509
0.025724
0.024691
0.023907
0.023174
0.025020
0.023848
0.022142
0.023473
0.022316
0.025613
0.024051
0.024390
0.022490
0.022897
0.025949
0.024198
0.023022
0.022190
0.022476
0.023259
0.023629
0.021208
0.022573
0.023156
0.023451
0.022157
0.022476
0.022102
0.021650
0.020969
0.020901
0.022971
0.020929
0.021417
0.022208
0.022481
0.021374
0.023150
0.022135
0.021820
0.021861
0.023012
0.024432
0.021311
0.021634
0.022549
0.021588
0.023952
0.022973
0.021380
0.021056
0.022236
0.021161
0.023325
0.022860
0.022708
0.022655
0.024319
0.024223
0.023096
0.023171
0.023901
0.021704
0.021245
0.021406
0.021095
0.024355
0.021757
0.022709
0.021463
0.021092
0.022492
0.022357
0.022422
0.021789
0.020821
0.022040
0.020512
0.023575
0.021474
0.019628
0.021426
0.021695
0.020796
0.021780
0.021263
0.021172
0.020548
0.020679
0.019707
0.019607
0.021434
0.020455
0.020133
0.020361
0.020040
0.020773
0.019131
0.020130
0.019811
0.020789
0.020697
0.020905
0.020650
0.018193
0.020514
0.020639
0.019944
0.019496
0.021097
0.019780
0.021316
0.020486
0.020104
0.020417
0.018997
0.020913
0.020911
0.019793
0.019713
0.019349
0.020891
0.019649
0.019506
0.019140
0.018393
