0.066323
0.058729
0.055242
0.047509
0.044241
0.041341
0.038278
0.034339
0.032631
0.033279
0.029578
0.028530
0.026543
0.025862
0.024072
0.023080
0.022635
0.019784
0.019607
0.018531
0.017432
0.016714
0.016768
0.014897
0.014911
0.014217
0.013208
0.013909
0.012632
0.012355
0.012078
0.010691
0.009854
0.010150
0.009972
0.009805
0.009241
0.009037
0.008475
0.008531
0.008358
0.007637
0.008082
0.007666
0.007274
0.007748
0.007334
0.007243
0.007321
0.006886
0.006550
0.006254
0.006062
0.006169
0.006198
0.006072
0.005694
0.005549
0.005150
0.005327
0.005276
0.005257
0.005207
0.005824
0.005187
0.005163
0.004921
0.004629
0.004627
0.004650
0.004509
0.004594
0.004632
0.004360
0.004397
0.004375
0.004133
0.004156
0.004205
0.004120
0.004158
0.003865
0.003953
0.003951
0.003784
0.003750
0.003831
0.003801
0.003953
0.003971
0.003678
0.003851
0.003763
0.003792
0.003744
0.003675
0.003604
0.003665
0.003641
0.003793
0.003768
0.003577
0.003547
0.003538
0.003686
0.003611
0.003783
0.003643
0.003566
0.003557
0.003561
0.003595
0.003507
0.003542
0.003593
0.003534
0.003446
0.003462
0.003544
0.003434
0.003411
0.003411
0.003476
0.003467
0.003517
0.003391
0.003371
0.003358
0.003619
0.003372
0.003363
0.003360
0.003373
0.003402
0.003611
0.003350
0.003422
0.003453
0.003326
0.003321
0.003380
0.003376
0.003345
0.003344
0.003290
0.003290
0.003274
0.003277
0.003341
0.003303
0.003299
0.003529
0.003333
0.003277
0.003265
0.003313
0.003278
0.003269
0.003277
0.003269
0.003265
0.003256
0.003242
0.003238
0.003278
0.003461
0.003251
0.003234
0.003260
0.003247
0.003265
0.003260
0.003234
0.003255
0.003243
0.003265
0.003238
0.003322
0.003290
0.003256
0.003234
0.003247
0.003265
0.003234
0.003243
0.003234
0.003234
0.003256
0.003260
0.003234
0.003259
0.003252
0.003242
0.003256
0.003265
0.003225
0.003225
0.003225
0.003260
0.003220
0.003220
0.003234
0.003220
0.003220
0.003238
0.003238
0.003216
0.003225
0.003225
0.003229
0.003247
0.003243
0.003242
0.003426
0.003234
0.003229
0.003220
0.003220
0.003251
0.003238
0.003507
0.003225
0.003319
0.003292
0.003268
0.003234
0.003238
0.003439
0.003229
0.003225
0.003242
0.003251
0.003318
0.003301
0.003252
0.003252
0.003268
0.003225
0.003225
0.003225
0.003220
0.003279
0.003216
0.003242
0.003220
0.003220
0.003212
0.003216
0.003234
0.003220
