0.135202
0.077462
0.073445
0.073209
0.071914
0.071233
0.073611
0.070897
0.069774
0.071102
0.068211
0.067030
0.068209
0.066837
0.066204
0.066834
0.067253
0.063788
0.064666
0.065211
0.063635
0.062814
0.061170
0.061847
0.060716
0.057476
0.058277
0.059385
0.058002
0.058423
0.059127
0.058716
0.053846
0.053379
0.053908
0.050306
0.051220
0.050050
0.050673
0.050208
0.050007
0.047994
0.047643
0.046978
0.045526
0.042036
0.044835
0.045811
0.041437
0.043103
0.037207
0.041360
0.033205
0.034610
0.035362
0.041431
0.035298
0.034515
0.030864
0.045334
0.035554
0.033298
0.035914
0.031348
0.031670
0.031269
0.029074
0.028342
0.028837
0.026351
0.024149
0.023909
0.020609
0.022990
0.020623
0.019208
0.019872
0.021900
0.020584
0.020626
0.022035
0.023626
0.018320
0.018226
0.015885
0.016005
0.015686
0.016065
0.013578
0.026794
0.018509
0.022421
0.017321
0.023195
0.019992
0.014912
0.023503
0.015920
0.011982
0.017666
0.023616
0.014230
0.032590
0.016419
0.027621
0.029230
0.017552
0.022279
0.022499
0.013627
0.010401
0.011800
0.013373
0.013105
0.008776
0.008076
0.007586
0.007738
0.006357
0.006664
0.007076
0.007031
0.005919
0.006154
0.004543
0.004086
0.004735
0.005496
0.005806
0.005723
0.004334
0.006696
0.004169
0.007234
0.004432
0.005849
0.004464
0.003856
0.003983
0.004540
0.004197
0.005559
0.003978
0.003533
0.007484
0.004110
0.004760
0.004777
0.006322
0.003712
