0.110646
0.078347
0.071154
0.069966
0.071804
0.069665
0.070721
0.069116
0.069266
0.066163
0.065712
0.065984
0.065936
0.065761
0.062690
0.067303
0.061165
0.060552
0.060267
0.058565
0.061173
0.059092
0.060013
0.057944
0.058742
0.056403
0.056068
0.054178
0.053632
0.053236
0.054856
0.055672
0.054414
0.052343
0.052492
0.051107
0.050040
0.047722
0.046812
0.048682
0.049224
0.048802
0.048480
0.048410
0.047435
0.047487
0.046323
0.049641
0.044532
0.048294
0.044664
0.046464
0.043583
0.042689
0.040702
0.041854
0.038275
0.039942
0.037123
0.036470
0.035417
0.033505
0.037667
0.036223
0.034516
0.034148
0.034713
0.032906
0.032067
0.032210
0.034751
0.035524
0.028156
0.034269
0.031991
0.031452
0.027041
0.027206
0.027527
0.027237
0.025300
0.024606
0.024733
0.025471
0.026869
0.024898
0.021800
0.019893
0.021081
0.018343
0.013476
0.014669
0.012531
0.014713
0.014845
0.012604
0.011777
0.014076
0.013629
0.013094
0.011462
0.011049
0.015129
0.009085
0.011701
0.010630
0.009705
0.009138
0.008856
0.009325
0.009425
0.007844
0.009058
0.008397
0.008615
0.006518
0.006199
0.007647
0.005791
0.005590
0.004326
0.003154
0.006052
0.002801
0.005260
0.002629
0.006923
0.004374
0.007021
0.004637
0.003072
0.008457
0.003324
0.003974
0.002186
0.006834
0.003534
0.003645
0.002319
0.003118
0.002213
0.004188
0.002805
0.008173
0.007653
0.003954
0.013870
0.005778
0.029213
0.014911
