0.078364
0.071670
0.071203
0.071670
0.071203
0.070446
0.071172
0.071039
0.068332
0.070341
0.068656
0.069294
0.068106
0.070739
0.067916
0.069575
0.067361
0.067681
0.067636
0.069938
0.068767
0.067598
0.066080
0.065647
0.064838
0.067274
0.064922
0.064952
0.068025
0.065406
0.066517
0.065364
0.061278
0.063859
0.062482
0.063137
0.063096
0.064136
0.065317
0.064111
0.062992
0.061327
0.062714
0.062199
0.060663
0.059627
0.060212
0.060592
0.060098
0.056903
0.058363
0.058695
0.060095
0.057010
0.057959
0.056776
0.056264
0.058381
0.056930
0.055135
0.059580
0.056717
0.054501
0.056172
0.053480
0.055071
0.051142
0.049706
0.052644
0.050899
0.048703
0.053013
0.052441
0.049960
0.047296
0.050351
0.047039
0.047481
0.046827
0.047205
0.045072
0.046362
0.047085
0.046643
0.050392
0.049082
0.050951
0.044729
0.055451
0.044736
0.052169
0.057038
0.047636
0.042797
0.047223
0.042006
0.047328
0.044669
0.043458
0.044165
0.056646
0.042548
0.039950
0.048481
0.047062
0.045508
0.048759
0.047459
0.045225
0.046258
0.044653
0.042145
0.043411
0.041510
0.041679
0.041406
0.041065
0.042195
0.037906
0.042516
0.038022
0.039371
0.039397
0.041426
0.038265
0.042699
0.040931
0.040824
0.036370
0.036589
0.036534
0.036027
0.037694
0.036188
0.032411
0.035425
0.035720
0.035090
0.033907
0.036569
0.030382
0.033084
0.030631
0.030197
0.032508
0.032497
0.032853
0.036474
0.027785
0.030109
