0.611611
0.374445
0.125403
0.077197
0.072804
0.072794
0.071852
0.071669
0.072176
0.069221
0.067847
0.069452
0.068132
0.069383
0.068222
0.066330
0.071047
0.069576
0.071246
0.070768
0.067083
0.077758
0.068335
0.069883
0.069896
0.070488
0.069518
0.069215
0.070047
0.069058
0.067503
0.066946
0.066858
0.066870
0.066314
0.066314
0.067126
0.066009
0.067598
0.068114
0.066824
0.063939
0.063718
0.065182
0.065702
0.065407
0.065524
0.064575
0.064308
0.067406
0.065122
0.063100
0.064084
0.064872
0.065455
0.064131
0.064793
0.064498
0.064020
0.065655
0.064486
0.066482
0.067759
0.067085
0.066701
0.063725
0.066940
0.063630
0.061863
0.062346
0.064771
0.064970
0.061480
0.062532
0.061035
0.063695
0.064561
0.063369
0.060912
0.060566
0.061127
0.063248
0.061563
0.061484
0.057538
0.060366
0.058895
0.058532
0.058483
0.057900
0.058028
0.056725
0.059431
0.058771
0.057018
0.055305
0.056128
0.057411
0.057718
0.056590
0.054139
0.053835
0.054204
0.053314
0.055023
0.057597
0.054245
0.052275
0.050044
0.052234
0.046517
0.051009
0.047988
0.049195
0.048054
0.049284
0.044960
0.047103
0.049582
0.044789
0.041876
0.045883
0.043249
0.043405
0.037840
0.038464
0.039848
0.037478
0.034114
0.038913
0.037719
0.037657
0.036245
0.036235
0.037765
0.037007
0.034446
0.034487
0.033175
0.033263
0.030763
0.032403
0.030066
0.036162
0.030127
0.029155
0.032960
0.029911
0.026928
0.031608
