0.108138
0.074019
0.064217
0.063598
0.065085
0.065318
0.064475
0.068958
0.061453
0.062495
0.063370
0.060901
0.062535
0.061253
0.061038
0.062279
0.061024
0.059513
0.055754
0.059256
0.055513
0.055989
0.054096
0.057358
0.056249
0.052780
0.051639
0.055446
0.052912
0.053135
0.050500
0.052752
0.052414
0.050386
0.047600
0.049836
0.047852
0.048371
0.045882
0.050561
0.048081
0.048598
0.051215
0.049038
0.049954
0.051587
0.047260
0.050790
0.048855
0.049941
0.047214
0.052027
0.044704
0.048941
0.046494
0.048708
0.046276
0.046536
0.050709
0.049033
0.047121
0.045625
0.041552
0.045856
0.044644
0.044046
0.046241
0.048378
0.052040
0.049232
0.047615
0.048632
0.049818
0.050363
0.048329
0.049945
0.051298
0.048049
0.050587
0.046487
0.048684
0.045615
0.044621
0.045025
0.047627
0.044359
0.043988
0.047292
0.044802
0.045486
0.046997
0.047519
0.048609
0.046722
0.044674
0.046735
0.045506
0.044859
0.044996
0.041439
0.043375
0.044860
0.044580
0.047578
0.046313
0.040658
0.041759
0.040644
0.042905
0.039847
0.043279
0.038601
0.042420
0.041665
0.040698
0.039220
0.041638
0.033895
0.045385
0.032439
0.037744
0.025994
0.038572
0.029421
0.031978
0.031032
0.028839
0.025079
0.028105
0.030924
0.024458
0.031165
0.022882
0.021151
0.029022
0.019480
0.020213
0.021690
0.022656
0.017367
0.018964
0.022660
0.022328
0.022799
0.018354
0.018707
0.021468
0.019961
0.019651
0.027623
