0.528270
0.344480
0.231329
0.264152
0.234717
0.159200
0.108628
0.154332
0.161983
0.122156
0.095143
0.105883
0.118356
0.103748
0.095632
0.091280
0.096597
0.089980
0.081285
0.072339
0.076647
0.070399
0.069578
0.072389
0.069686
0.065882
0.065220
0.058250
0.053742
0.061381
0.059110
0.059905
0.055904
0.053740
0.048768
0.052624
0.056980
0.040793
0.046897
0.047638
0.050636
0.044050
0.040115
0.038161
0.045895
0.042512
0.039597
0.041643
0.036395
0.041608
0.025874
0.035161
0.032632
0.028248
0.028860
0.031722
0.022637
0.026959
0.031047
0.025135
0.022989
0.026998
0.026844
0.024496
0.025905
0.014812
0.016223
0.016740
0.014750
0.015047
0.012284
0.014047
0.015419
0.011347
0.011943
0.009164
0.008168
0.007832
0.007292
0.006728
0.006116
0.006591
0.005967
0.004247
0.003908
0.003612
0.007154
0.006268
0.004901
0.006437
0.003348
0.005222
0.003519
0.004515
0.004017
0.004702
0.003296
0.005616
0.002481
0.003621
0.002061
0.002696
0.004785
0.003999
0.004656
0.002536
0.003178
0.001030
0.001892
0.001597
0.001951
0.001602
0.002080
0.001469
0.002016
0.001720
0.001597
0.001886
0.001290
0.001054
0.001422
0.001103
0.001173
0.000774
0.001418
0.000983
0.001191
0.000771
0.001242
0.001226
0.000870
0.000844
0.001504
0.000717
0.002117
0.000976
0.002373
0.001471
0.000418
0.002340
0.001000
0.000973
0.000502
0.000899
0.001507
0.000464
0.001878
0.000669
0.000459
0.000998
