0.079207
0.071050
0.071670
0.071670
0.071670
0.071670
0.071670
0.071950
0.071001
0.071211
0.070170
0.070844
0.070153
0.070153
0.070862
0.069479
0.070487
0.069396
0.069475
0.070524
0.070242
0.069198
0.069452
0.069357
0.070358
0.068242
0.067991
0.067917
0.070517
0.068323
0.066818
0.065841
0.069385
0.080111
0.066803
0.068313
0.067580
0.068824
0.067581
0.068067
0.068175
0.067192
0.065690
0.066398
0.066111
0.067018
0.067886
0.067509
0.067667
0.066542
0.067037
0.064650
0.065224
0.065843
0.065970
0.065035
0.066299
0.065031
0.062499
0.062831
0.063665
0.061520
0.064558
0.062938
0.061141
0.062766
0.061274
0.063294
0.063961
0.060928
0.059848
0.061842
0.060543
0.060922
0.060382
0.061644
0.060861
0.059517
0.059776
0.057635
0.058224
0.058486
0.057762
0.058340
0.057531
0.057097
0.058333
0.058123
0.058107
0.058346
0.055911
0.056865
0.056257
0.055566
0.055434
0.057165
0.054401
0.054898
0.053536
0.059042
0.059103
0.059197
0.055417
0.055342
0.058997
0.055257
0.055938
0.056225
0.054209
0.053758
0.051246
0.052370
0.052259
0.052738
0.052319
0.048619
0.048912
0.046958
0.049327
0.049467
0.046921
0.047180
0.045312
0.045225
0.044366
0.045654
0.043493
0.043424
0.041533
0.041296
0.043033
0.047529
0.048988
0.054173
0.054363
0.053639
0.052149
0.055012
0.054828
0.053037
0.050316
0.050932
0.048808
0.048992
0.051609
0.046915
0.043424
0.046541
0.046795
0.046627
