0.504934
0.325313
0.231080
0.197940
0.148736
0.119179
0.086165
0.077846
0.074534
0.071291
0.073361
0.071435
0.072107
0.069871
0.070826
0.069403
0.069550
0.069114
0.070912
0.069865
0.070200
0.067424
0.067080
0.069975
0.067850
0.066403
0.067126
0.066969
0.067454
0.066764
0.065495
0.065186
0.064088
0.063117
0.059396
0.061702
0.061081
0.062435
0.058985
0.061132
0.062852
0.060575
0.058585
0.063104
0.057112
0.061698
0.060994
0.052330
0.056341
0.058662
0.053279
0.056573
0.057006
0.056510
0.053374
0.056547
0.055196
0.050626
0.049265
0.050038
0.049342
0.047231
0.045439
0.048280
0.047086
0.044863
0.046030
0.048447
0.044416
0.041379
0.042772
0.045758
0.039553
0.037806
0.042217
0.042754
0.037918
0.040051
0.042221
0.039799
0.041165
0.039869
0.043883
0.039599
0.037673
0.036815
0.039094
0.036987
0.047910
0.047617
0.038782
0.039242
0.033787
0.039839
0.033390
0.037269
0.032890
0.030088
0.024568
0.026951
0.026544
0.028872
0.017464
0.024398
0.021901
0.019555
0.019155
0.016281
0.014488
0.014502
0.016232
0.012643
0.013983
0.012577
0.014836
0.012834
0.011687
0.012233
0.009081
0.007299
0.006195
0.006376
0.006085
0.006387
0.005855
0.008506
0.004369
0.004828
0.003995
0.006665
0.004861
0.006365
0.008703
0.005646
0.008152
0.007718
0.004904
0.005686
0.004466
0.004429
0.006353
0.004851
0.002420
0.001933
0.002884
0.001291
0.004173
0.002684
0.006843
0.003216
