0.168447
0.071907
0.071626
0.071483
0.070874
0.070254
0.070874
0.069858
0.070689
0.071212
0.069235
0.076033
0.070226
0.070605
0.069777
0.070605
0.070605
0.070254
0.070874
0.070969
0.069927
0.070874
0.070254
0.070689
0.069927
0.070605
0.069716
0.070605
0.069693
0.070571
0.070571
0.069693
0.070558
0.070571
0.070571
0.070558
0.069693
0.070558
0.069693
0.070558
0.069693
0.070838
0.070091
0.069226
0.069727
0.069685
0.070084
0.069214
0.069217
0.069217
0.070086
0.068382
0.068386
0.068758
0.069534
0.067183
0.067764
0.066282
0.065947
0.067028
0.062165
0.064821
0.065160
0.064405
0.062238
0.071116
0.063789
0.092022
0.064722
0.066073
0.065690
0.066093
0.065769
0.067508
0.063729
0.063529
0.067255
0.066318
0.065133
0.067634
0.065329
0.067911
0.068312
0.065401
0.065669
0.064806
0.063863
0.064275
0.063743
0.060995
0.062296
0.063193
0.061434
0.061695
0.065116
0.062281
0.060926
0.059417
0.058108
0.061957
0.061688
0.059547
0.059706
0.060119
0.059642
0.058703
0.058773
0.059533
0.058074
0.060459
0.059211
0.058586
0.059992
0.060338
0.059440
0.060014
0.057517
0.057395
0.055864
0.057413
0.058779
0.059151
0.059485
0.060346
0.058277
0.055661
0.055426
0.056166
0.056143
0.055505
0.054902
0.056102
0.055330
0.053591
0.056366
0.057253
0.053533
0.055931
0.053173
0.054150
0.055038
0.056858
0.055886
0.051266
0.052799
0.051153
0.054741
0.051381
0.048414
0.051203
