0.071990
0.071670
0.071203
0.070839
0.070371
0.067878
0.067649
0.067407
0.068372
0.066959
0.066488
0.064893
0.063519
0.061254
0.062949
0.063124
0.064464
0.064171
0.059220
0.060004
0.057959
0.059993
0.055672
0.053742
0.050666
0.051654
0.047675
0.048957
0.046511
0.045543
0.043160
0.044098
0.043945
0.040911
0.040405
0.042663
0.041870
0.039668
0.036818
0.040879
0.040005
0.037993
0.040234
0.039201
0.036482
0.033970
0.028838
0.031664
0.031526
0.030621
0.030806
0.029613
0.026758
0.033466
0.027885
0.025685
0.026480
0.024592
0.024656
0.025000
0.023327
0.020771
0.022877
0.022275
0.020473
0.022306
0.019084
0.022832
0.018666
0.017873
0.021326
0.018423
0.018130
0.022974
0.012725
0.008334
0.008732
0.010663
0.006403
0.008450
0.005604
0.007443
0.009109
0.005025
0.008155
0.005283
0.003795
0.007795
0.007129
0.004660
0.006874
0.007231
0.005506
0.006950
0.007597
0.005903
0.004314
0.002920
0.003328
0.006168
0.003046
0.003084
0.002701
0.002490
0.002441
0.003973
0.002960
0.006800
0.005468
0.003318
0.003937
0.003138
0.002699
0.005061
0.006401
0.003395
0.010875
0.007287
0.003554
0.002174
0.005892
0.003771
0.002648
0.004820
0.003725
0.004545
0.002491
0.002569
0.002485
0.002014
0.001680
0.002085
0.002144
0.001658
0.001769
0.001967
0.001756
0.001690
0.001667
0.001732
0.001705
0.001730
0.002227
0.001863
0.001561
0.002053
0.002541
0.001681
0.001490
0.001373
