0.072311
0.067624
0.067406
0.067869
0.064866
0.065047
0.059138
0.061309
0.060088
0.058526
0.056867
0.057681
0.054579
0.053977
0.056131
0.057130
0.052265
0.054210
0.050645
0.049857
0.047414
0.048779
0.044126
0.046239
0.049131
0.041692
0.040157
0.042154
0.040336
0.036712
0.036553
0.031771
0.032981
0.034643
0.032528
0.029859
0.029263
0.026949
0.026669
0.028428
0.022770
0.024379
0.024036
0.021905
0.022511
0.018767
0.017607
0.020096
0.017964
0.016862
0.015691
0.014225
0.014723
0.013096
0.016713
0.011861
0.012697
0.011131
0.011379
0.017034
0.011554
0.012543
0.012779
0.008780
0.009083
0.008842
0.006358
0.006939
0.008076
0.006671
0.006785
0.005932
0.006652
0.006902
0.005922
0.005540
0.005312
0.006194
0.005779
0.003947
0.003628
0.003507
0.003340
0.003677
0.003488
0.003515
0.003463
0.004800
0.002384
0.003109
0.002643
0.002506
0.002433
0.003249
0.001901
0.002200
0.002060
0.002015
0.002563
0.001980
0.002060
0.001818
0.001970
0.001509
0.001806
0.001637
0.001672
0.001539
0.001585
0.001872
0.001660
0.001527
0.001594
0.001569
0.001404
0.001647
0.001427
0.001492
0.001615
0.001547
0.001374
0.001228
0.001181
0.001143
0.001289
0.001374
0.001226
0.001323
0.001121
0.001213
0.001474
0.001155
0.001097
0.001073
0.001042
0.001046
0.000983
0.000960
0.001069
0.001062
0.001085
0.001056
0.001049
0.000989
0.000979
0.000929
0.000981
0.001120
0.001037
0.001001
