0.407171
0.335453
0.292746
0.214442
0.140630
0.096584
0.072261
0.061126
0.063675
0.062344
0.055765
0.048518
0.047229
0.042417
0.038778
0.040240
0.034909
0.036190
0.033431
0.033113
0.031488
0.029174
0.027188
0.027323
0.023909
0.021417
0.021338
0.023543
0.022458
0.018001
0.017399
0.020104
0.015779
0.017680
0.017296
0.015455
0.015737
0.015111
0.014711
0.014787
0.014766
0.013059
0.015230
0.013004
0.014161
0.013893
0.014887
0.012967
0.013410
0.012777
0.013449
0.013166
0.014561
0.012257
0.011949
0.010562
0.009868
0.010754
0.010293
0.010192
0.009761
0.011161
0.009438
0.010166
0.009811
0.009119
0.009169
0.007535
0.007561
0.008011
0.007485
0.006252
0.007702
0.006165
0.005318
0.006048
0.005153
0.005320
0.005519
0.005711
0.004811
0.005455
0.004697
0.004357
0.004206
0.004252
0.003649
0.003081
0.002790
0.003034
0.003538
0.003141
0.003053
0.003015
0.002603
0.002287
0.002272
0.002202
0.002042
0.001967
0.001904
0.001915
0.001476
0.001783
0.001793
0.001502
0.001844
0.001589
0.001533
0.001679
0.001623
0.001626
0.001358
0.001468
0.001305
0.001230
0.001118
0.001233
0.001299
0.001299
0.001063
0.001355
0.000966
0.001016
0.001114
0.001246
0.000845
0.000851
0.000923
0.000846
0.001086
0.001065
0.000955
0.000942
0.000860
0.000909
0.000907
0.000828
0.000871
0.000744
0.000913
0.000855
0.000849
0.000657
0.000683
0.000728
0.000674
0.000653
0.000682
0.000547
