0.195517
0.084721
0.071779
0.071084
0.070047
0.071101
0.069346
0.067683
0.066921
0.067051
0.068560
0.064955
0.064801
0.066092
0.065881
0.063984
0.065549
0.065340
0.062500
0.067443
0.062919
0.063728
0.062718
0.063416
0.063160
0.062600
0.063395
0.063547
0.064100
0.057734
0.059392
0.059823
0.059235
0.062007
0.057462
0.056829
0.055829
0.056784
0.055825
0.060487
0.058409
0.055036
0.054860
0.053541
0.053281
0.055657
0.057314
0.055730
0.052648
0.049199
0.053439
0.050319
0.046587
0.047460
0.046956
0.042578
0.046646
0.044841
0.045486
0.040807
0.040835
0.043007
0.037803
0.040427
0.037462
0.037654
0.037659
0.035276
0.037182
0.036130
0.036476
0.037231
0.038326
0.037252
0.037959
0.043432
0.038101
0.037693
0.039472
0.043354
0.044967
0.041085
0.043239
0.038131
0.039264
0.040175
0.037452
0.034762
0.032160
0.034997
0.032013
0.027105
0.026577
0.031475
0.032308
0.041352
0.040800
0.032946
0.046275
0.047537
0.040442
0.044385
0.033510
0.032383
0.031285
0.030274
0.021309
0.030376
0.028318
0.039783
0.022916
0.022275
0.027083
0.025502
0.024412
0.017888
0.026034
0.019910
0.023661
0.016754
0.015738
0.015802
0.015464
0.018335
0.015671
0.016404
0.013950
0.014798
0.012674
0.016851
0.013616
0.011301
0.012236
0.014754
0.012362
0.012754
0.011497
0.010179
0.011621
0.009483
0.012455
0.011180
0.010245
0.010452
0.012761
0.009417
0.007964
0.010592
0.007613
0.011049
