0.116733
0.084096
0.073447
0.069699
0.071134
0.071285
0.071487
0.070996
0.071526
0.071296
0.074245
0.070059
0.070274
0.068034
0.070714
0.066974
0.067038
0.065976
0.064891
0.064397
0.063865
0.062447
0.062899
0.059624
0.060423
0.063344
0.059104
0.063193
0.057903
0.062514
0.061232
0.059882
0.056572
0.056620
0.054599
0.057781
0.059059
0.050880
0.052230
0.052371
0.053516
0.048204
0.050254
0.048174
0.049464
0.047964
0.047263
0.045747
0.043833
0.043100
0.041600
0.044836
0.045383
0.042811
0.042180
0.041616
0.040048
0.040331
0.040540
0.040282
0.042633
0.044089
0.043124
0.037542
0.041760
0.044463
0.041747
0.049553
0.041379
0.049737
0.050845
0.042192
0.037671
0.040738
0.044773
0.035561
0.039027
0.036106
0.030689
0.023571
0.027796
0.029067
0.027579
0.024567
0.018867
0.021691
0.021509
0.018515
0.015619
0.016234
0.015673
0.013118
0.012416
0.011604
0.010068
0.009714
0.011517
0.029438
0.016318
0.023141
0.015367
0.020322
0.012154
0.011785
0.014957
0.011729
0.012559
0.017989
0.010049
0.012639
0.009059
0.007301
0.020796
0.014897
0.014845
0.016468
0.009481
0.011976
0.010030
0.005270
0.008801
0.007085
0.012039
0.033245
0.007530
0.012251
0.020269
0.019960
0.007612
0.010205
0.016053
0.014494
0.009591
0.010270
0.008680
0.014319
0.009359
0.008301
0.006876
0.005174
0.008533
0.009019
0.008052
0.006595
0.005524
0.005653
0.004877
0.007132
0.005517
0.004480
