0.145078
0.100157
0.096730
0.088888
0.085816
0.084910
0.075567
0.078756
0.064568
0.070398
0.064753
0.065351
0.065418
0.062144
0.059078
0.064050
0.056375
0.052723
0.055048
0.061106
0.057473
0.057669
0.052883
0.054401
0.048911
0.048621
0.053522
0.048118
0.043438
0.050151
0.046479
0.039826
0.041821
0.041750
0.040184
0.035280
0.041094
0.031802
0.037272
0.029228
0.032091
0.033407
0.028954
0.031012
0.023797
0.023265
0.028185
0.024617
0.017118
0.016841
0.022399
0.012586
0.028352
0.022058
0.027490
0.030016
0.027676
0.027090
0.027347
0.024596
0.023775
0.013889
0.017565
0.014760
0.013669
0.017857
0.014231
0.015123
0.017828
0.016587
0.012466
0.009463
0.016287
0.007428
0.007774
0.008521
0.005078
0.003935
0.006523
0.006188
0.006229
0.005523
0.006078
0.009859
0.001976
0.003213
0.005278
0.001125
0.002162
0.002386
0.003013
0.002341
0.003387
0.001037
0.002736
0.001168
0.000921
0.000943
0.000531
0.001319
0.001244
0.001147
0.000628
0.000586
0.000510
0.000987
0.000453
0.000520
0.001001
0.000641
0.000506
0.000780
0.000314
0.000166
0.000344
0.000611
0.000233
0.000206
0.000249
0.000216
0.000285
0.000250
0.000685
0.000215
0.000267
0.000601
0.000544
0.000228
0.000159
0.000140
0.000105
0.000310
0.000242
0.000245
0.000214
0.000227
0.000162
0.003998
0.009067
0.000255
0.001290
0.003209
0.002606
0.008271
0.000751
0.005012
0.018500
0.005733
0.006565
0.003521
