0.095945
0.069122
0.064956
0.061468
0.066417
0.062597
0.058664
0.057215
0.054346
0.056884
0.054033
0.049043
0.050015
0.048307
0.044845
0.045660
0.044707
0.042879
0.042007
0.039068
0.036067
0.034448
0.036148
0.032553
0.038375
0.030287
0.032036
0.033376
0.031243
0.030526
0.035545
0.031736
0.027777
0.025635
0.018989
0.021241
0.018062
0.019270
0.018368
0.017857
0.010840
0.021741
0.014172
0.010901
0.012375
0.010595
0.009582
0.010472
0.007774
0.009594
0.009252
0.010516
0.005391
0.012143
0.008060
0.036483
0.014708
0.015112
0.015867
0.014857
0.010106
0.023766
0.016321
0.009649
0.015049
0.007547
0.013649
0.012420
0.008087
0.005899
0.009075
0.014599
0.008726
0.006094
0.005614
0.009366
0.008798
0.010973
0.009487
0.009045
0.004236
0.010069
0.011819
0.005504
0.006826
0.009683
0.007154
0.006521
0.005540
0.026448
0.012724
0.021980
0.014025
0.008146
0.004153
0.005784
0.014530
0.006528
0.003476
0.007875
0.006107
0.008492
0.009171
0.005338
0.004207
0.019202
0.006315
0.005742
0.009912
0.007175
0.007260
0.005042
0.006770
0.004381
0.006648
0.007049
0.003614
0.007078
0.005799
0.005695
0.006039
0.004299
0.017683
0.025016
0.020659
0.018851
0.024230
0.020520
0.028683
0.020620
0.019675
0.016046
0.011475
0.013093
0.010484
0.022736
0.016139
0.007429
0.009731
0.011547
0.006617
0.006391
0.006772
0.007196
0.012802
0.009424
0.016818
0.009457
0.007261
0.008303
