0.160000
0.175000
0.170000
0.190000
0.225000
0.265000
0.280000
0.300000
0.325000
0.305000
0.335000
0.320000
0.340000
0.345000
0.350000
0.395000
0.400000
0.385000
0.385000
0.435000
0.410000
0.420000
0.455000
0.475000
0.475000
0.490000
0.530000
0.560000
0.595000
0.570000
0.610000
0.630000
0.595000
0.600000
0.630000
0.620000
0.655000
0.650000
0.670000
0.665000
0.695000
0.705000
0.705000
0.725000
0.725000
0.725000
0.720000
0.720000
0.730000
0.730000
0.720000
0.730000
0.720000
0.725000
0.720000
0.725000
0.720000
0.720000
0.735000
0.740000
0.730000
0.730000
0.745000
0.755000
0.770000
0.780000
0.770000
0.775000
0.765000
0.780000
0.795000
0.775000
0.800000
0.780000
0.810000
0.815000
0.820000
0.705000
0.735000
0.750000
0.735000
0.765000
0.765000
0.785000
0.780000
0.800000
0.805000
0.815000
0.820000
0.840000
0.840000
0.840000
0.835000
0.840000
0.825000
0.835000
0.840000
0.840000
0.835000
0.830000
0.830000
0.845000
0.850000
0.845000
0.860000
0.850000
0.805000
0.865000
0.860000
0.855000
0.860000
0.900000
0.895000
0.905000
0.905000
0.905000
0.900000
0.900000
0.905000
0.905000
0.905000
0.900000
0.905000
0.900000
0.905000
0.905000
0.905000
0.905000
0.905000
0.905000
0.905000
0.895000
0.895000
0.905000
0.920000
0.915000
0.895000
0.900000
0.840000
0.660000
0.715000
0.770000
0.795000
0.850000
0.860000
0.855000
0.855000
0.900000
0.875000
0.895000
