0.220000
0.280000
0.365000
0.335000
0.510000
0.555000
0.640000
0.605000
0.710000
0.710000
0.740000
0.800000
0.830000
0.890000
0.875000
0.930000
0.910000
0.900000
0.945000
0.885000
0.910000
0.915000
0.880000
0.895000
0.970000
0.940000
0.985000
0.965000
0.980000
0.980000
0.980000
1.000000
0.985000
0.975000
0.985000
0.970000
0.995000
0.990000
0.995000
0.980000
0.995000
0.995000
0.995000
1.000000
1.000000
0.995000
1.000000
1.000000
1.000000
1.000000
1.000000
1.000000
1.000000
1.000000
1.000000
1.000000
1.000000
1.000000
0.975000
0.955000
0.870000
0.870000
0.900000
0.925000
0.890000
0.925000
0.935000
0.935000
0.835000
0.850000
0.940000
0.910000
0.970000
0.960000
0.995000
0.960000
0.950000
0.990000
0.960000
0.985000
0.995000
0.995000
1.000000
1.000000
1.000000
1.000000
1.000000
1.000000
1.000000
1.000000
1.000000
0.995000
1.000000
1.000000
1.000000
1.000000
1.000000
1.000000
1.000000
1.000000
1.000000
1.000000
1.000000
1.000000
1.000000
1.000000
1.000000
1.000000
1.000000
1.000000
1.000000
1.000000
1.000000
1.000000
1.000000
1.000000
1.000000
1.000000
1.000000
1.000000
1.000000
1.000000
1.000000
1.000000
1.000000
1.000000
1.000000
1.000000
1.000000
1.000000
1.000000
1.000000
1.000000
1.000000
1.000000
1.000000
1.000000
1.000000
1.000000
1.000000
1.000000
1.000000
1.000000
1.000000
1.000000
1.000000
1.000000
1.000000
1.000000
1.000000
