0.094233
0.062713
0.062790
0.061891
0.061132
0.059546
0.059254
0.058073
0.056106
0.055699
0.055056
0.054446
0.054007
0.053500
0.053308
0.052452
0.053264
0.052317
0.052367
0.050929
0.050324
0.049394
0.048136
0.048503
0.045996
0.045431
0.043195
0.042188
0.040012
0.041517
0.040808
0.039465
0.038819
0.040806
0.036746
0.036455
0.036451
0.035346
0.033039
0.033764
0.032651
0.032169
0.030351
0.031328
0.032738
0.030261
0.028101
0.029595
0.029627
0.028039
0.028014
0.028750
0.028802
0.028036
0.027562
0.027339
0.028102
0.027840
0.026120
0.028078
0.027408
0.028055
0.027787
0.026268
0.024636
0.024143
0.024461
0.024874
0.023347
0.025050
0.022288
0.022452
0.022939
0.021389
0.021130
0.021114
0.019993
0.028232
0.028148
0.027279
0.026402
0.025935
0.024095
0.025077
0.024062
0.025487
0.023115
0.023768
0.020320
0.021676
0.020626
0.022088
0.021589
0.020245
0.020569
0.020702
0.020672
0.019520
0.019697
0.020213
0.018677
0.019611
0.021073
0.018358
0.020236
0.019247
0.019932
0.019960
0.018806
0.019339
0.017255
0.016841
0.016507
0.016474
0.018465
0.015243
0.014662
0.014900
0.015030
0.014879
0.014242
0.015424
0.013357
0.013693
0.014488
0.014947
0.012440
0.014932
0.013005
0.012631
0.015354
0.013164
0.014576
0.012636
0.012909
0.014071
0.014238
0.012537
0.020854
0.037578
0.030873
0.025351
0.023023
0.020891
0.018907
0.019113
0.017012
0.014654
0.014853
0.014837
