0.124479
0.086412
0.068012
0.060533
0.049225
0.044642
0.036950
0.038780
0.032897
0.031145
0.028702
0.028796
0.025520
0.024594
0.019631
0.020770
0.022380
0.018987
0.019296
0.017937
0.020038
0.019854
0.019295
0.017342
0.016034
0.013300
0.014185
0.011796
0.012527
0.012307
0.012571
0.012182
0.013145
0.013953
0.015419
0.012507
0.010646
0.010757
0.011502
0.011270
0.010307
0.011170
0.012005
0.010842
0.009915
0.010761
0.013183
0.010668
0.010658
0.009748
0.009800
0.010597
0.011351
0.010510
0.012199
0.010516
0.009656
0.009500
0.003741
0.006362
0.012237
0.017150
0.011875
0.009777
0.009823
0.006301
0.008219
0.008776
0.017800
0.013890
0.007928
0.009628
0.005436
0.005842
0.002740
0.003818
0.004328
0.002693
0.004017
0.001965
0.001353
0.000887
0.000447
0.000405
0.000340
0.000266
0.000310
0.000201
0.000198
0.000152
0.000177
0.000460
0.000215
0.000161
0.000158
0.000123
0.000111
0.000096
0.000099
0.000097
0.000089
0.000080
0.000092
0.000097
0.000077
0.000096
0.000076
0.000066
0.000058
0.000062
0.000058
0.000040
0.000054
0.000046
0.000049
0.000046
0.000042
0.000054
0.000045
0.000040
0.000031
0.000036
0.000044
0.000040
0.000044
0.000049
0.000032
0.000043
0.000042
0.000034
0.000036
0.000029
0.000039
0.000028
0.000026
0.000030
0.000023
0.000019
0.000022
0.000022
0.000023
0.000020
0.000018
0.000019
0.000020
0.000020
0.000024
0.000017
0.000018
0.000017
