0.089482
0.076767
0.074274
0.072860
0.071985
0.071534
0.072186
0.068602
0.066358
0.068696
0.067386
0.063099
0.063804
0.068205
0.064734
0.064674
0.061353
0.063526
0.062279
0.061397
0.058015
0.060113
0.061603
0.057518
0.059712
0.057368
0.059482
0.057998
0.062984
0.057830
0.056154
0.059768
0.060380
0.054282
0.054937
0.055396
0.055687
0.051249
0.054497
0.053700
0.055881
0.054651
0.050763
0.046698
0.054325
0.047843
0.054471
0.053258
0.049365
0.053486
0.050171
0.049614
0.045325
0.045550
0.043936
0.046170
0.044771
0.045551
0.046141
0.040318
0.037606
0.039533
0.039673
0.037706
0.037583
0.041788
0.036079
0.035556
0.036604
0.030140
0.033727
0.036089
0.025627
0.036948
0.028396
0.025778
0.026365
0.019749
0.024178
0.026677
0.022498
0.022914
0.024343
0.021960
0.031792
0.037114
0.024246
0.033081
0.018772
0.036804
0.019971
0.024597
0.029116
0.022902
0.022297
0.021728
0.025585
0.024598
0.017710
0.024608
0.021691
0.016352
0.026742
0.032360
0.021987
0.025484
0.024050
0.023164
0.022524
0.022268
0.018247
0.019427
0.018934
0.019743
0.017875
0.018178
0.019585
0.013265
0.018253
0.012186
0.016410
0.020007
0.010307
0.020281
0.019385
0.013503
0.012465
0.023130
0.014325
0.016507
0.021885
0.026902
0.014312
0.039851
0.025419
0.017962
0.024482
0.022570
0.017745
0.015828
0.016432
0.017267
0.015723
0.012599
0.024597
0.011106
0.017575
0.017006
0.018515
0.014597
