0.077168
0.071725
0.070316
0.069834
0.067649
0.066805
0.065452
0.067045
0.066624
0.065061
0.065653
0.065207
0.062030
0.066107
0.063381
0.064736
0.061159
0.060855
0.061141
0.064275
0.061493
0.063037
0.068839
0.060265
0.062869
0.066691
0.065959
0.062414
0.064169
0.064615
0.057732
0.059967
0.058842
0.059871
0.056677
0.058876
0.049889
0.052656
0.052079
0.048064
0.043566
0.047604
0.045320
0.042569
0.042562
0.039376
0.040217
0.036406
0.037065
0.036081
0.035429
0.039404
0.038070
0.037220
0.035982
0.031707
0.043417
0.035259
0.036217
0.035833
0.035045
0.029713
0.032413
0.028922
0.048096
0.028303
0.038376
0.033958
0.032082
0.030205
0.029608
0.028500
0.030069
0.022837
0.030804
0.025361
0.027075
0.025986
0.036925
0.033202
0.028153
0.035676
0.026403
0.038259
0.041177
0.029215
0.043362
0.038149
0.036293
0.025507
0.035792
0.027447
0.020842
0.031248
0.020405
0.028502
0.028344
0.027503
0.024090
0.029566
0.023360
0.029577
0.022391
0.025950
0.021519
0.025259
0.018857
0.023686
0.024296
0.025713
0.030739
0.024637
0.029159
0.024673
0.022597
0.024118
0.018505
0.018138
0.016056
0.017239
0.015945
0.016667
0.018042
0.016507
0.016397
0.019290
0.024895
0.026187
0.024440
0.020416
0.013993
0.021120
0.028937
0.028401
0.012876
0.014132
0.035054
0.024806
0.014674
0.021039
0.018723
0.025131
0.011378
0.014386
0.021565
0.019447
0.019236
0.013762
0.012393
0.019474
