0.193458
0.077220
0.074451
0.070375
0.063265
0.067763
0.068481
0.062514
0.063542
0.065158
0.064129
0.065987
0.062663
0.062716
0.062706
0.060572
0.057245
0.052843
0.056375
0.053117
0.056122
0.055209
0.057312
0.054539
0.055126
0.053926
0.052265
0.052605
0.050602
0.050512
0.048480
0.047886
0.046389
0.044579
0.044465
0.042773
0.041287
0.041948
0.035856
0.041856
0.035261
0.034993
0.037769
0.032893
0.035451
0.033001
0.031568
0.033245
0.031895
0.031423
0.030207
0.030167
0.028200
0.029021
0.027392
0.024695
0.029413
0.025764
0.031955
0.027590
0.028140
0.026846
0.030073
0.038234
0.024270
0.024253
0.024778
0.022621
0.023419
0.023390
0.022023
0.022935
0.022901
0.022888
0.024353
0.020243
0.018917
0.017771
0.017812
0.019312
0.021603
0.020791
0.023413
0.018141
0.020042
0.022788
0.018761
0.020556
0.018422
0.016299
0.014858
0.017421
0.014187
0.023690
0.023763
0.016258
0.021789
0.022339
0.018568
0.015988
0.015139
0.019337
0.015156
0.016814
0.024560
0.012924
0.018510
0.013312
0.010930
0.014382
0.009750
0.017847
0.013314
0.014315
0.022687
0.022856
0.013785
0.024459
0.012334
0.013617
0.007061
0.007887
0.010094
0.008408
0.011561
0.011046
0.005467
0.004683
0.006694
0.004507
0.003496
0.003675
0.002636
0.002122
0.002035
0.002581
0.001469
0.000851
0.001199
0.003050
0.001468
0.003326
0.000942
0.007346
0.001295
0.002427
0.004087
0.001018
0.001733
0.007572
