0.112250
0.072116
0.072489
0.072080
0.072080
0.072143
0.071518
0.071360
0.071203
0.071276
0.071015
0.070843
0.069737
0.067971
0.069690
0.066591
0.066777
0.068329
0.069508
0.066246
0.066997
0.067730
0.067807
0.066128
0.065693
0.069750
0.065056
0.063941
0.065572
0.067003
0.065636
0.068765
0.068146
0.070690
0.066152
0.068718
0.068954
0.065188
0.066514
0.065098
0.065038
0.063803
0.063508
0.064151
0.063714
0.062952
0.066691
0.063696
0.063623
0.063149
0.062557
0.063087
0.062035
0.060633
0.059304
0.059531
0.060102
0.059249
0.058243
0.060070
0.055885
0.058929
0.058487
0.058154
0.056281
0.056292
0.056249
0.056670
0.057268
0.054326
0.051430
0.053325
0.054714
0.054176
0.052945
0.051646
0.050857
0.051038
0.053639
0.051222
0.052707
0.049773
0.049287
0.050620
0.050778
0.048651
0.046735
0.046969
0.051205
0.045582
0.051831
0.047125
0.051519
0.051539
0.049767
0.049243
0.050361
0.053421
0.046021
0.048981
0.045462
0.045261
0.042280
0.046147
0.040585
0.046023
0.046902
0.046508
0.048533
0.049204
0.045993
0.043262
0.044323
0.048654
0.044647
0.042093
0.045273
0.044683
0.044731
0.040452
0.042799
0.038525
0.036571
0.036313
0.037477
0.040028
0.037043
0.036331
0.036238
0.039179
0.036359
0.038487
0.052415
0.043889
0.048982
0.048087
0.049760
0.045469
0.047312
0.043114
0.039677
0.041607
0.040771
0.037507
0.037304
0.035664
0.036469
0.037705
0.033630
0.036392
