0.372689
0.220548
0.268517
0.187620
0.167232
0.142283
0.164701
0.122925
0.111748
0.109973
0.113120
0.100401
0.084827
0.087435
0.084020
0.096585
0.081855
0.078157
0.073691
0.072499
0.070864
0.067006
0.058820
0.079282
0.062636
0.055019
0.071693
0.074661
0.066165
0.056682
0.057436
0.052494
0.059776
0.059787
0.048527
0.038798
0.045252
0.056416
0.046834
0.051833
0.041562
0.038066
0.036139
0.041098
0.038054
0.036894
0.037696
0.044821
0.032330
0.030233
0.027263
0.034225
0.029917
0.026221
0.025086
0.026554
0.025453
0.023067
0.016672
0.020440
0.022027
0.018777
0.024448
0.017657
0.023372
0.016160
0.023750
0.018541
0.014607
0.013902
0.013377
0.009063
0.011465
0.007058
0.017486
0.010131
0.019572
0.010634
0.010342
0.009124
0.007840
0.011338
0.005803
0.006951
0.005069
0.006969
0.003576
0.005213
0.004922
0.005761
0.004599
0.007429
0.006057
0.003439
0.003707
0.003259
0.002151
0.004408
0.005851
0.003913
0.002333
0.002651
0.002562
0.005215
0.002823
0.003161
0.001333
0.002155
0.003004
0.002990
0.004860
0.003399
0.001816
0.001830
0.001951
0.001705
0.002870
0.001985
0.001143
0.002481
0.002161
0.001629
0.001625
0.000735
0.001498
0.003280
0.001994
0.005353
0.001108
0.002636
0.002169
0.001746
0.002510
0.002513
0.002246
0.004687
0.001327
0.001505
0.000483
0.000617
0.000647
0.000588
0.000256
0.001473
0.003154
0.000587
0.000789
0.001695
0.000480
0.001771
