0.252500
0.387500
0.500000
0.555000
0.607500
0.712500
0.795000
0.817500
0.890000
0.900000
0.942500
0.952500
0.975000
0.962500
0.960000
0.972500
0.985000
0.975000
0.990000
0.992500
0.995000
0.997500
0.995000
0.990000
0.997500
0.995000
0.995000
0.992500
0.997500
0.995000
0.997500
0.990000
0.995000
0.987500
0.955000
0.975000
0.975000
0.947500
0.962500
0.922500
0.947500
0.952500
0.955000
0.970000
0.965000
0.975000
0.985000
0.992500
0.992500
0.990000
0.997500
0.997500
0.997500
1.000000
1.000000
1.000000
1.000000
1.000000
1.000000
1.000000
1.000000
1.000000
1.000000
1.000000
1.000000
1.000000
1.000000
1.000000
1.000000
1.000000
1.000000
1.000000
1.000000
1.000000
1.000000
1.000000
1.000000
1.000000
1.000000
1.000000
1.000000
1.000000
1.000000
1.000000
1.000000
1.000000
1.000000
1.000000
1.000000
1.000000
1.000000
1.000000
1.000000
1.000000
1.000000
1.000000
1.000000
1.000000
1.000000
1.000000
1.000000
1.000000
1.000000
1.000000
1.000000
1.000000
0.997500
1.000000
0.995000
1.000000
1.000000
1.000000
0.997500
1.000000
1.000000
1.000000
0.997500
1.000000
1.000000
1.000000
1.000000
1.000000
1.000000
1.000000
1.000000
1.000000
1.000000
1.000000
1.000000
1.000000
1.000000
1.000000
1.000000
1.000000
1.000000
1.000000
1.000000
1.000000
1.000000
1.000000
1.000000
1.000000
1.000000
1.000000
1.000000
1.000000
1.000000
1.000000
1.000000
1.000000
