0.275000
0.400000
0.542500
0.607500
0.632500
0.670000
0.682500
0.732500
0.745000
0.787500
0.795000
0.832500
0.817500
0.832500
0.867500
0.900000
0.907500
0.920000
0.957500
0.950000
0.975000
0.975000
0.977500
0.987500
0.997500
0.992500
0.992500
0.985000
0.982500
0.990000
0.990000
0.997500
0.997500
0.997500
0.990000
0.992500
0.992500
0.980000
0.972500
0.965000
0.995000
0.987500
0.977500
0.977500
0.987500
0.985000
0.982500
0.990000
0.980000
0.990000
0.972500
0.972500
0.990000
0.982500
0.987500
0.970000
0.982500
0.985000
0.990000
0.997500
0.997500
1.000000
1.000000
0.997500
1.000000
1.000000
1.000000
1.000000
1.000000
0.997500
1.000000
1.000000
1.000000
1.000000
1.000000
1.000000
1.000000
1.000000
1.000000
1.000000
1.000000
1.000000
1.000000
1.000000
1.000000
1.000000
1.000000
1.000000
1.000000
1.000000
1.000000
1.000000
1.000000
1.000000
1.000000
1.000000
1.000000
1.000000
1.000000
1.000000
1.000000
1.000000
1.000000
1.000000
1.000000
1.000000
1.000000
1.000000
1.000000
1.000000
1.000000
1.000000
1.000000
0.997500
1.000000
1.000000
1.000000
1.000000
1.000000
1.000000
1.000000
1.000000
1.000000
1.000000
1.000000
1.000000
1.000000
1.000000
1.000000
1.000000
1.000000
0.995000
0.975000
0.962500
0.870000
0.902500
0.905000
0.920000
0.957500
0.962500
0.982500
0.987500
0.985000
0.987500
0.997500
1.000000
1.000000
1.000000
0.997500
1.000000
