0.057800
0.046775
0.038170
0.033581
0.031815
0.028819
0.026647
0.025542
0.023776
0.021842
0.019925
0.018248
0.017364
0.014890
0.012895
0.010015
0.008843
0.007004
0.004729
0.004373
0.002941
0.002471
0.002620
0.001878
0.001300
0.001166
0.001397
0.001544
0.001698
0.001387
0.001034
0.000734
0.000647
0.000658
0.001081
0.001141
0.000859
0.002450
0.003347
0.002347
0.001213
0.001433
0.002357
0.001992
0.001363
0.001923
0.001464
0.000987
0.001754
0.001202
0.001959
0.002706
0.001570
0.001797
0.001915
0.003075
0.002171
0.001394
0.000919
0.000463
0.000369
0.000218
0.000159
0.000194
0.000107
0.000086
0.000102
0.000068
0.000083
0.000197
0.000136
0.000072
0.000052
0.000127
0.000065
0.000103
0.000057
0.000052
0.000039
0.000051
0.000055
0.000033
0.000029
0.000031
0.000033
0.000023
0.000031
0.000054
0.000026
0.000028
0.000028
0.000024
0.000022
0.000029
0.000026
0.000031
0.000020
0.000022
0.000016
0.000031
0.000015
0.000017
0.000020
0.000022
0.000019
0.000019
0.000016
0.000019
0.000012
0.000014
0.000015
0.000038
0.000041
0.000074
0.000026
0.000019
0.000016
0.000018
0.000013
0.000011
0.000019
0.000017
0.000013
0.000015
0.000017
0.000020
0.000012
0.000013
0.000040
0.000012
0.000056
0.000869
0.001791
0.004321
0.017512
0.011527
0.009308
0.008811
0.004370
0.003198
0.001844
0.001122
0.001501
0.001485
0.000449
0.000285
0.000282
0.000201
0.000296
0.000182
