0.060417
0.042760
0.031484
0.025037
0.020872
0.018770
0.015315
0.012571
0.012144
0.009712
0.009210
0.008145
0.007240
0.006139
0.005520
0.005919
0.005204
0.005381
0.006062
0.004440
0.004708
0.006447
0.006564
0.004069
0.003748
0.003782
0.005265
0.003523
0.002358
0.001294
0.001408
0.000784
0.000520
0.000442
0.000335
0.000353
0.000288
0.000196
0.000266
0.000218
0.000186
0.000188
0.000157
0.000143
0.000147
0.000169
0.000149
0.000122
0.000130
0.000118
0.000128
0.000116
0.000138
0.000115
0.000092
0.000085
0.000071
0.000075
0.000071
0.000082
0.000059
0.000056
0.000063
0.000057
0.000074
0.000053
0.000069
0.000069
0.000059
0.000058
0.000042
0.000042
0.000052
0.000046
0.000034
0.000042
0.000039
0.000045
0.000038
0.000033
0.000035
0.000036
0.000033
0.000035
0.000029
0.000031
0.000023
0.000025
0.000021
0.000021
0.000020
0.000040
0.000026
0.000023
0.000026
0.000023
0.000027
0.000022
0.000022
0.000017
0.000021
0.000048
0.000506
0.001477
0.004681
0.002475
0.010422
0.017458
0.011000
0.006346
0.004465
0.008954
0.004892
0.003462
0.001858
0.001261
0.001028
0.000833
0.000461
0.000407
0.000317
0.000285
0.000211
0.000173
0.000124
0.000103
0.000102
0.000104
0.000112
0.000143
0.000127
0.000067
0.000078
0.000065
0.000087
0.000058
0.000064
0.000072
0.000079
0.000065
0.000070
0.000056
0.000068
0.000048
0.000037
0.000031
0.000088
0.000068
0.000059
0.000042
