0.167665
0.257485
0.491018
0.586826
0.586826
0.646707
0.628743
0.646707
0.712575
0.706587
0.712575
0.730539
0.736527
0.754491
0.754491
0.754491
0.748503
0.754491
0.754491
0.754491
0.754491
0.748503
0.754491
0.760479
0.760479
0.760479
0.760479
0.766467
0.772455
0.772455
0.772455
0.772455
0.778443
0.778443
0.772455
0.778443
0.778443
0.778443
0.778443
0.778443
0.778443
0.778443
0.778443
0.778443
0.778443
0.874251
0.904192
0.922156
0.934132
0.922156
0.916168
0.940120
0.934132
0.940120
0.928144
0.940120
0.940120
0.934132
0.940120
0.940120
0.934132
0.940120
0.940120
0.940120
0.946108
0.946108
0.946108
0.946108
0.946108
0.946108
0.946108
0.946108
0.946108
0.946108
0.946108
0.946108
0.958084
0.958084
0.958084
0.958084
0.958084
0.958084
0.964072
0.964072
0.964072
0.964072
0.970060
0.970060
0.970060
0.970060
0.970060
0.970060
0.976048
0.976048
0.976048
0.976048
0.982036
0.976048
0.982036
0.982036
0.982036
0.976048
0.982036
0.982036
0.982036
0.982036
0.982036
0.982036
0.982036
0.982036
0.982036
0.982036
0.976048
0.982036
0.982036
0.982036
0.982036
0.982036
0.982036
0.982036
0.982036
0.982036
0.982036
0.982036
0.982036
0.982036
0.982036
0.982036
0.982036
0.982036
0.982036
0.982036
0.982036
0.982036
0.982036
0.982036
0.982036
0.982036
0.982036
0.982036
0.982036
0.982036
0.982036
0.982036
0.982036
0.982036
0.982036
0.982036
0.982036
0.982036
