0.058662
0.052003
0.047212
0.044065
0.042730
0.042176
0.042967
0.042439
0.042522
0.040355
0.041427
0.039794
0.041057
0.041126
0.039810
0.038868
0.039839
0.040323
0.038812
0.040696
0.039851
0.039699
0.039567
0.039054
0.039384
0.039482
0.039953
0.039350
0.038705
0.038518
0.039031
0.039502
0.040269
0.038254
0.038767
0.038254
0.039196
0.037783
0.039709
0.039667
0.038725
0.038725
0.038254
0.039196
0.038254
0.036796
0.035988
0.035175
0.035339
0.035069
0.034806
0.034864
0.034826
0.035348
0.034440
0.035378
0.034278
0.034334
0.034146
0.034091
0.034329
0.034091
0.034562
0.034091
0.034430
0.034430
0.033959
0.033959
0.033959
0.034901
0.033959
0.033959
0.033883
0.033883
0.034354
0.033883
0.033619
0.034090
0.033619
0.033619
0.033619
0.033619
0.033487
0.033487
0.033487
0.033542
0.034079
0.033411
0.033411
0.033411
0.033882
0.033411
0.033355
0.033202
0.033202
0.033202
0.033147
0.033202
0.033147
0.033815
0.033147
0.033202
0.033147
0.033015
0.033015
0.033015
0.033015
0.033015
0.033015
0.033015
0.033015
0.033015
0.033058
0.033015
0.033015
0.033015
0.033015
0.033058
0.033058
0.033015
0.033683
0.033683
0.033015
0.033015
0.033015
0.033015
0.033015
0.033486
0.033015
0.033015
0.033015
0.033015
0.033015
0.033015
0.033015
0.033015
0.033015
0.033015
0.033015
0.032913
0.032913
0.032913
0.032913
0.032913
0.032913
0.032913
0.032913
0.033384
0.032913
0.032913
