0.053783
0.052755
0.051400
0.048728
0.048459
0.048384
0.045448
0.045619
0.044961
0.044116
0.043249
0.043393
0.039986
0.041486
0.041293
0.041301
0.040282
0.039699
0.039144
0.039993
0.041329
0.039763
0.039942
0.039915
0.039928
0.039177
0.039045
0.039931
0.039503
0.037726
0.036647
0.036026
0.035588
0.036281
0.035921
0.035235
0.035383
0.034857
0.035996
0.035200
0.034967
0.034729
0.034870
0.034729
0.034640
0.034682
0.035736
0.034597
0.035539
0.034640
0.035111
0.035068
0.035068
0.035539
0.035068
0.035068
0.034597
0.035539
0.035068
0.034924
0.034453
0.034321
0.034321
0.034321
0.034321
0.034364
0.034364
0.034703
0.034703
0.034703
0.035371
0.034232
0.034660
0.034112
0.034583
0.035054
0.034583
0.034626
0.034626
0.034307
0.035097
0.034155
0.034155
0.034088
0.034711
0.034524
0.034469
0.034011
0.034435
0.034392
0.033921
0.034392
0.034031
0.033879
0.034350
0.033836
0.033704
0.033704
0.033747
0.034373
0.033856
0.033747
0.033747
0.033704
0.033704
0.033572
0.034043
0.034043
0.033572
0.033572
0.033572
0.034043
0.033572
0.033572
0.034043
0.033572
0.033572
0.034043
0.034043
0.033572
0.033572
0.033572
0.033572
0.033572
0.033572
0.034043
0.033572
0.033572
0.033428
0.033580
0.033428
0.033899
0.033428
0.034412
0.033471
0.033471
0.033471
0.033623
0.033428
0.033385
0.033428
0.033385
0.033428
0.033899
0.033428
0.034284
0.033343
0.033343
0.033343
0.033343
