0.091918
0.071828
0.071670
0.071670
0.071670
0.071670
0.071670
0.071950
0.070874
0.068947
0.070268
0.068621
0.067494
0.068321
0.068418
0.069735
0.069142
0.068343
0.064189
0.067249
0.068424
0.067328
0.066336
0.067048
0.066741
0.066314
0.067747
0.066488
0.068663
0.065227
0.065527
0.065717
0.063562
0.066215
0.065625
0.064911
0.063564
0.066465
0.064391
0.063665
0.063789
0.066128
0.064007
0.064895
0.062556
0.061857
0.060832
0.062809
0.062898
0.059817
0.060902
0.062004
0.062418
0.063650
0.062920
0.064112
0.063459
0.065904
0.060819
0.063051
0.066849
0.062353
0.058402
0.059589
0.056210
0.058524
0.056929
0.057347
0.056862
0.056674
0.056832
0.055463
0.057045
0.056345
0.057040
0.057815
0.058911
0.054036
0.055619
0.052772
0.055989
0.053568
0.050640
0.052793
0.051618
0.047530
0.047109
0.050867
0.052959
0.050606
0.049183
0.049880
0.049562
0.047500
0.052349
0.049478
0.050982
0.048752
0.050470
0.048406
0.047268
0.045637
0.047377
0.044208
0.045531
0.047749
0.048831
0.043466
0.047491
0.044166
0.046678
0.044381
0.042957
0.041376
0.043081
0.041910
0.043705
0.041605
0.041740
0.043137
0.039390
0.042711
0.042076
0.043570
0.042328
0.043276
0.038594
0.044367
0.041644
0.045366
0.037233
0.044104
0.038731
0.040710
0.065545
0.044370
0.040612
0.043482
0.045301
0.046295
0.041336
0.043532
0.046038
0.037026
0.035996
0.044806
0.042214
0.038521
0.034309
0.037470
