0.453251
0.317747
0.190258
0.217805
0.211690
0.129355
0.129131
0.121628
0.118658
0.113053
0.090566
0.095639
0.095046
0.110042
0.085118
0.079539
0.087680
0.090271
0.080089
0.085312
0.086726
0.087357
0.071217
0.082655
0.072228
0.076395
0.072418
0.074461
0.067485
0.064005
0.071479
0.072599
0.072170
0.070788
0.063412
0.063398
0.059129
0.055474
0.064474
0.055357
0.062153
0.063012
0.059489
0.057348
0.045935
0.056857
0.052387
0.060168
0.049103
0.053724
0.046353
0.048157
0.046487
0.056365
0.047637
0.045491
0.042782
0.046242
0.047385
0.039373
0.043528
0.036680
0.040252
0.044423
0.041440
0.035147
0.038198
0.032341
0.041711
0.036830
0.040002
0.030390
0.031733
0.025436
0.031481
0.026866
0.031517
0.030592
0.031506
0.022819
0.029397
0.024715
0.019060
0.019227
0.024734
0.018196
0.016612
0.017269
0.015205
0.014626
0.014744
0.017056
0.013932
0.012893
0.014049
0.011904
0.008862
0.010727
0.012253
0.010668
0.010086
0.011864
0.015409
0.014638
0.006879
0.010086
0.012114
0.012882
0.008840
0.014183
0.012467
0.009350
0.008507
0.008241
0.006649
0.009939
0.010241
0.009571
0.008627
0.007669
0.011639
0.006157
0.016351
0.023968
0.029951
0.011861
0.026308
0.011657
0.021403
0.012143
0.014925
0.020320
0.005697
0.006787
0.009812
0.012340
0.005205
0.015372
0.006905
0.007992
0.008795
0.011717
0.003456
0.004736
0.004295
0.002292
0.003901
0.002527
0.003711
0.004207
