0.148305
0.076096
0.072300
0.071828
0.071670
0.071670
0.071670
0.071670
0.071670
0.070874
0.070874
0.069927
0.070689
0.070605
0.070558
0.070558
0.069693
0.069685
0.069722
0.069857
0.067130
0.068435
0.066456
0.065947
0.066104
0.066536
0.066241
0.066473
0.066350
0.067670
0.065707
0.065442
0.066627
0.064823
0.064649
0.063384
0.064908
0.064748
0.064408
0.065191
0.066141
0.064246
0.065026
0.069221
0.062487
0.066614
0.064314
0.064398
0.064478
0.063229
0.060440
0.064073
0.060804
0.062704
0.061654
0.061756
0.060734
0.059716
0.065071
0.062156
0.062762
0.062249
0.063342
0.061261
0.061689
0.063436
0.062174
0.059524
0.058387
0.059808
0.058674
0.058225
0.060729
0.059563
0.058921
0.057649
0.061914
0.058226
0.059753
0.060554
0.057180
0.064325
0.057985
0.061993
0.058788
0.057342
0.058875
0.054094
0.058575
0.056248
0.058001
0.054838
0.053592
0.055413
0.060203
0.054107
0.056113
0.056354
0.055001
0.057721
0.056298
0.054650
0.056653
0.055856
0.055047
0.056129
0.056443
0.059953
0.055256
0.059091
0.058922
0.058773
0.062255
0.060797
0.055457
0.054544
0.056333
0.051674
0.053011
0.051310
0.052026
0.052862
0.049967
0.048065
0.049463
0.050939
0.045870
0.047948
0.046344
0.049472
0.048760
0.046538
0.047822
0.048169
0.045988
0.052135
0.050978
0.052718
0.050515
0.051883
0.046434
0.045272
0.047916
0.045246
0.045196
0.047032
0.046710
0.041977
0.044945
0.043950
