0.144563
0.089358
0.086464
0.099945
0.077798
0.071525
0.075863
0.064972
0.061303
0.055377
0.056956
0.061568
0.056055
0.055950
0.050058
0.044920
0.052485
0.051290
0.050460
0.045390
0.044311
0.047901
0.051307
0.045698
0.048149
0.048334
0.044184
0.042634
0.037576
0.042754
0.045089
0.045871
0.048213
0.042680
0.044908
0.045927
0.048698
0.048955
0.046269
0.055037
0.043226
0.048198
0.042586
0.050278
0.041893
0.056667
0.044353
0.041864
0.049893
0.042186
0.043705
0.048622
0.039539
0.046364
0.040142
0.035882
0.047927
0.042329
0.043936
0.039279
0.047725
0.042053
0.039329
0.043012
0.039057
0.038760
0.040867
0.039603
0.048523
0.042763
0.035906
0.034003
0.038039
0.040425
0.042162
0.041906
0.035523
0.034289
0.038473
0.040388
0.035345
0.039045
0.033525
0.032291
0.033006
0.041211
0.042047
0.038455
0.042108
0.051162
0.039142
0.045482
0.043337
0.045038
0.041757
0.044787
0.046340
0.047580
0.035562
0.039738
0.037326
0.034472
0.038072
0.036298
0.040472
0.031592
0.042274
0.040790
0.042998
0.040068
0.035588
0.044813
0.033912
0.037503
0.032978
0.033843
0.045368
0.042665
0.032708
0.044495
0.032802
0.037741
0.040374
0.040160
0.035206
0.032291
0.030139
0.027021
0.029287
0.026536
0.034386
0.025864
0.028757
0.028606
0.031955
0.028538
0.031216
0.026418
0.029278
0.031490
0.029151
0.024137
0.028309
0.035774
0.035853
0.039629
0.030120
0.034510
0.031493
0.022954
