0.119162
0.086594
0.072112
0.071202
0.073164
0.070985
0.072261
0.069636
0.070330
0.069923
0.069405
0.067588
0.066828
0.062824
0.071236
0.066756
0.064198
0.064992
0.066807
0.062717
0.060528
0.061632
0.065494
0.059624
0.060504
0.059179
0.067204
0.062887
0.060232
0.064011
0.059925
0.057346
0.062612
0.059355
0.057440
0.059306
0.060257
0.055897
0.059772
0.056689
0.046232
0.051977
0.050727
0.051077
0.050783
0.046310
0.044729
0.047571
0.050154
0.044064
0.042877
0.047230
0.044161
0.055579
0.044913
0.045558
0.045766
0.045444
0.046130
0.043956
0.043365
0.041630
0.049802
0.040304
0.047996
0.043394
0.042769
0.042768
0.044410
0.038195
0.044607
0.040606
0.041918
0.041114
0.042874
0.040435
0.036780
0.043076
0.038647
0.041071
0.038705
0.039596
0.030714
0.037290
0.049705
0.033193
0.040652
0.036037
0.035352
0.040334
0.037483
0.039341
0.034505
0.039195
0.040128
0.038660
0.031300
0.046038
0.034267
0.036588
0.031451
0.033212
0.032606
0.033678
0.027995
0.031010
0.025538
0.039108
0.034461
0.033373
0.036844
0.033040
0.036833
0.033623
0.031679
0.033655
0.039611
0.039429
0.038248
0.028487
0.036822
0.032302
0.025089
0.028203
0.028255
0.034419
0.045589
0.044323
0.033076
0.038178
0.029451
0.038197
0.039232
0.038431
0.032748
0.033439
0.029903
0.034117
0.033149
0.036104
0.033088
0.034243
0.030829
0.029985
0.023718
0.030046
0.026845
0.025037
0.024815
0.025047
