0.090110
0.083984
0.075437
0.058786
0.064323
0.054049
0.050108
0.051025
0.049840
0.046373
0.043096
0.038660
0.036108
0.038818
0.029728
0.027639
0.027207
0.026731
0.025346
0.022533
0.022288
0.018834
0.019619
0.017620
0.017421
0.015300
0.015619
0.015644
0.011410
0.012002
0.009694
0.011585
0.008814
0.011556
0.007316
0.009964
0.005800
0.009674
0.008971
0.008339
0.006386
0.009686
0.005568
0.011624
0.008957
0.007823
0.006468
0.008275
0.008234
0.011971
0.007050
0.006328
0.008206
0.005900
0.006444
0.007576
0.007779
0.006988
0.007673
0.003988
0.004267
0.004899
0.005520
0.004385
0.007435
0.016651
0.011736
0.017066
0.005514
0.023150
0.012765
0.005743
0.005175
0.016712
0.007138
0.008953
0.007885
0.011019
0.007216
0.003697
0.009258
0.021202
0.007664
0.012619
0.008545
0.003346
0.007123
0.006503
0.002661
0.004155
0.002014
0.002487
0.006423
0.003706
0.004387
0.002007
0.001129
0.001474
0.002514
0.001382
0.000720
0.003433
0.000533
0.000618
0.000375
0.005590
0.003693
0.002539
0.001966
0.003823
0.002644
0.000670
0.004493
0.008005
0.003996
0.000751
0.005216
0.014584
0.002915
0.009703
0.007477
0.009342
0.007193
0.006101
0.007529
0.003671
0.002524
0.000864
0.003877
0.003042
0.002889
0.025111
0.017417
0.027221
0.008255
0.011945
0.006122
0.003198
0.005918
0.008253
0.001245
0.010187
0.003014
0.006256
0.006194
0.005942
0.002556
0.001496
0.005750
0.002566
