0.084554
0.075073
0.074192
0.069794
0.065994
0.067820
0.065459
0.057761
0.057917
0.056061
0.052297
0.052327
0.052530
0.049691
0.045869
0.044491
0.041789
0.039209
0.039930
0.037879
0.030291
0.029701
0.024499
0.022395
0.021945
0.019060
0.016308
0.012534
0.014642
0.015020
0.012867
0.012326
0.012822
0.012441
0.007872
0.007235
0.006133
0.005798
0.007914
0.008939
0.005303
0.009668
0.011594
0.006753
0.013316
0.008333
0.012535
0.010735
0.007486
0.009926
0.007047
0.007593
0.006084
0.008888
0.006180
0.007545
0.008469
0.006852
0.007126
0.010548
0.006141
0.004196
0.006203
0.004074
0.008181
0.004723
0.006728
0.004939
0.002020
0.002687
0.006343
0.006399
0.005127
0.004789
0.011463
0.012226
0.010688
0.010413
0.007612
0.010272
0.011286
0.007441
0.007134
0.008314
0.005224
0.006227
0.006237
0.010854
0.008254
0.004501
0.004826
0.004552
0.006603
0.004088
0.003664
0.005054
0.003546
0.004229
0.003745
0.003712
0.001728
0.007391
0.003218
0.001572
0.001688
0.001710
0.002081
0.002774
0.000421
0.021037
0.008531
0.005741
0.011568
0.012042
0.007527
0.005203
0.006844
0.004286
0.003244
0.008708
0.003381
0.003286
0.003152
0.003897
0.002161
0.003744
0.001949
0.002419
0.005297
0.003119
0.004235
0.002980
0.001206
0.001206
0.010871
0.000812
0.001826
0.003315
0.002091
0.001353
0.002739
0.007413
0.005532
0.003767
0.003748
0.001352
0.002657
0.004612
0.007002
0.012936
