0.076690
0.071797
0.071670
0.071203
0.071203
0.068583
0.067764
0.060163
0.067987
0.064070
0.060489
0.061107
0.059131
0.057433
0.056826
0.056387
0.052146
0.056381
0.052302
0.050619
0.051254
0.047117
0.048451
0.048208
0.044307
0.043707
0.045012
0.044137
0.044545
0.041377
0.041371
0.043496
0.038381
0.039795
0.039446
0.033514
0.036527
0.036681
0.035113
0.035891
0.033718
0.032509
0.032196
0.032222
0.033280
0.029916
0.031831
0.032591
0.028798
0.030541
0.027994
0.029978
0.024644
0.022059
0.020681
0.024458
0.020142
0.021294
0.021179
0.020682
0.017374
0.019197
0.017667
0.016187
0.016022
0.013568
0.013552
0.013420
0.010904
0.011762
0.010502
0.010033
0.006623
0.005801
0.007117
0.008051
0.007033
0.005190
0.007546
0.005886
0.004927
0.005654
0.004279
0.006560
0.004616
0.004191
0.004382
0.005229
0.003941
0.004094
0.004166
0.002949
0.003118
0.003006
0.003014
0.003114
0.002734
0.003016
0.002476
0.002180
0.002321
0.002533
0.001875
0.002045
0.001601
0.001932
0.001834
0.002125
0.002198
0.001780
0.001392
0.001212
0.001366
0.001432
0.001674
0.001475
0.001562
0.001289
0.001656
0.001601
0.001518
0.001377
0.001544
0.001501
0.001217
0.001465
0.001174
0.001235
0.001208
0.001212
0.001200
0.001056
0.000905
0.001021
0.000957
0.000842
0.000749
0.000843
0.000897
0.000774
0.000844
0.000920
0.001084
0.000839
0.000819
0.000760
0.000854
0.000861
0.000710
0.000939
