0.109543
0.074065
0.070994
0.072372
0.070691
0.070012
0.069387
0.070611
0.071277
0.069317
0.068334
0.067340
0.068008
0.067474
0.067242
0.066051
0.066422
0.066575
0.065394
0.063273
0.056960
0.056060
0.055971
0.056139
0.054302
0.052575
0.051863
0.053716
0.049136
0.048295
0.047288
0.053510
0.050411
0.050648
0.047307
0.048260
0.046487
0.045969
0.045442
0.043084
0.037812
0.042081
0.039270
0.037455
0.036388
0.040806
0.035658
0.033098
0.034024
0.031522
0.031612
0.033051
0.027450
0.030006
0.027911
0.027543
0.027419
0.026838
0.027946
0.023511
0.022448
0.022149
0.022271
0.022495
0.019934
0.018504
0.020303
0.019817
0.016697
0.017500
0.016172
0.017004
0.014968
0.015505
0.012169
0.012199
0.014781
0.012112
0.010370
0.011212
0.009812
0.009599
0.008201
0.009223
0.008615
0.007884
0.008366
0.008114
0.006939
0.006679
0.007784
0.007733
0.006879
0.007087
0.006362
0.006917
0.007143
0.005453
0.005886
0.004792
0.005191
0.005336
0.005524
0.004747
0.003819
0.004681
0.004013
0.003651
0.003576
0.003704
0.002836
0.003010
0.003038
0.002373
0.002504
0.002808
0.002155
0.002517
0.001784
0.001685
0.001640
0.002073
0.001807
0.001841
0.001728
0.001739
0.001574
0.001642
0.001555
0.001480
0.001751
0.001308
0.001254
0.001312
0.001321
0.001331
0.001202
0.001339
0.001174
0.000897
0.001023
0.001158
0.001248
0.000879
0.001059
0.001048
0.001046
0.001045
0.000729
0.000684
