0.149458
0.106780
0.085675
0.094878
0.082884
0.073941
0.067527
0.067135
0.066769
0.059146
0.058013
0.055635
0.054137
0.052941
0.050304
0.047702
0.047820
0.043400
0.042167
0.039363
0.040572
0.040357
0.037879
0.034948
0.035601
0.033256
0.032489
0.029401
0.028439
0.028599
0.027049
0.025614
0.024371
0.024626
0.025042
0.021991
0.021792
0.022079
0.020791
0.017553
0.016607
0.015694
0.014557
0.014871
0.014269
0.013587
0.011949
0.010769
0.010710
0.010024
0.010203
0.009029
0.008412
0.008253
0.008035
0.007004
0.007563
0.006179
0.006580
0.007020
0.005851
0.006307
0.006460
0.004880
0.004918
0.003923
0.003931
0.003569
0.003616
0.003342
0.002909
0.003419
0.002891
0.002371
0.002769
0.003261
0.003491
0.002232
0.002508
0.002508
0.002017
0.001786
0.001678
0.001753
0.001666
0.001545
0.001498
0.001490
0.001502
0.001875
0.001264
0.001319
0.001407
0.001360
0.001380
0.001310
0.001204
0.001470
0.001317
0.001317
0.001340
0.001209
0.001073
0.001112
0.001052
0.001065
0.000939
0.000956
0.000899
0.000791
0.000787
0.000710
0.000665
0.000636
0.000688
0.000660
0.000793
0.000639
0.000735
0.000709
0.000734
0.000629
0.000542
0.000506
0.000493
0.000508
0.000591
0.000472
0.000577
0.000516
0.000566
0.000489
0.000396
0.000448
0.000468
0.000467
0.000389
0.000392
0.000692
0.000458
0.000430
0.000449
0.000594
0.000409
0.000498
0.000417
0.000406
0.000461
0.000402
0.000447
