0.071828
0.071670
0.071203
0.066100
0.060392
0.061247
0.062953
0.063835
0.062239
0.060731
0.059790
0.058559
0.060403
0.060034
0.060110
0.058335
0.057756
0.057096
0.056336
0.057591
0.055810
0.052398
0.050343
0.050374
0.055216
0.048461
0.046386
0.047944
0.046274
0.047759
0.044326
0.040951
0.040906
0.041230
0.039883
0.039224
0.040813
0.038713
0.042830
0.041241
0.037555
0.032920
0.033000
0.034858
0.036776
0.035485
0.031616
0.035018
0.034023
0.032263
0.031570
0.032915
0.032751
0.029105
0.031154
0.027098
0.030176
0.028556
0.027373
0.025641
0.027905
0.023721
0.023540
0.021952
0.026875
0.025574
0.023265
0.023114
0.022427
0.019672
0.018499
0.017891
0.021815
0.018934
0.018537
0.021000
0.020718
0.019974
0.020213
0.019234
0.018826
0.017105
0.017066
0.016770
0.014646
0.017414
0.015949
0.016419
0.016307
0.017305
0.016341
0.014405
0.013730
0.014158
0.014199
0.015540
0.014345
0.011590
0.013630
0.014993
0.014868
0.017385
0.014290
0.011109
0.012746
0.012226
0.013335
0.013014
0.011432
0.011413
0.009753
0.013794
0.014528
0.009444
0.013277
0.011305
0.010899
0.012516
0.010938
0.011267
0.010515
0.008436
0.008657
0.010472
0.007499
0.007978
0.011331
0.013536
0.008502
0.009043
0.010025
0.007413
0.012904
0.009608
0.006924
0.007396
0.007441
0.009264
0.015258
0.010615
0.008703
0.006895
0.007956
0.008562
0.008553
0.009738
0.007152
0.009267
0.007990
0.005413
