0.079827
0.073084
0.068704
0.065939
0.067319
0.068738
0.065158
0.061052
0.064742
0.063460
0.057020
0.056925
0.056327
0.057124
0.055737
0.057978
0.056906
0.061147
0.055476
0.053775
0.055628
0.052698
0.057521
0.054745
0.054753
0.052399
0.051722
0.055936
0.052894
0.052140
0.054133
0.056551
0.053228
0.055400
0.053481
0.054442
0.056654
0.055103
0.055304
0.055346
0.057644
0.054459
0.055221
0.054140
0.052233
0.052182
0.055935
0.052545
0.048887
0.054740
0.052551
0.058291
0.055535
0.053584
0.049887
0.055660
0.048511
0.051204
0.051650
0.051989
0.050144
0.052816
0.054289
0.050800
0.049763
0.051707
0.052218
0.050261
0.054241
0.050248
0.053930
0.049739
0.051716
0.050035
0.051181
0.050309
0.051233
0.052094
0.045213
0.048590
0.052158
0.044517
0.051711
0.047409
0.049806
0.049827
0.046559
0.046341
0.044743
0.044771
0.059126
0.045392
0.050562
0.049277
0.047654
0.050399
0.045831
0.050303
0.045932
0.048208
0.046416
0.046704
0.042085
0.046032
0.046303
0.046235
0.043224
0.046083
0.044969
0.042224
0.041983
0.046369
0.041835
0.051048
0.045948
0.042391
0.047008
0.042239
0.039703
0.039432
0.036742
0.044934
0.036830
0.037626
0.041487
0.042269
0.044621
0.036227
0.036563
0.033845
0.035623
0.034973
0.034091
0.036223
0.035340
0.037120
0.033529
0.030223
0.039203
0.034939
0.036484
0.030907
0.032988
0.031189
0.035646
0.037350
0.032082
0.038793
0.031764
0.040678
