0.132963
0.088165
0.090555
0.082914
0.073856
0.070216
0.069771
0.067835
0.067859
0.068278
0.069023
0.065998
0.066517
0.067466
0.066619
0.064225
0.066024
0.066839
0.066600
0.065357
0.062539
0.063679
0.060273
0.060427
0.060222
0.058663
0.060347
0.060741
0.057353
0.059211
0.058637
0.058336
0.058404
0.056596
0.055160
0.058728
0.056531
0.055626
0.054446
0.055536
0.055231
0.054576
0.055566
0.059702
0.055062
0.053986
0.055484
0.051659
0.051458
0.048780
0.047306
0.049935
0.048197
0.048130
0.048072
0.046014
0.046284
0.045044
0.045763
0.043588
0.045223
0.045443
0.045908
0.043084
0.040309
0.041237
0.039391
0.041314
0.041019
0.040441
0.039518
0.039955
0.041289
0.038717
0.039603
0.037000
0.039832
0.036982
0.038110
0.038708
0.035315
0.038123
0.037172
0.036889
0.037088
0.038538
0.035008
0.039145
0.034440
0.039164
0.037505
0.035455
0.037280
0.033534
0.033945
0.033688
0.035705
0.033901
0.032925
0.030764
0.034053
0.032738
0.032774
0.031556
0.031299
0.032540
0.031676
0.031298
0.030803
0.030876
0.032662
0.031078
0.031477
0.029841
0.030697
0.029977
0.031746
0.030401
0.028307
0.028512
0.028044
0.032140
0.027716
0.032406
0.029535
0.027467
0.030805
0.028463
0.030839
0.028886
0.026893
0.028977
0.025295
0.028418
0.027176
0.026733
0.025516
0.026895
0.029058
0.025658
0.027047
0.025651
0.028133
0.025275
0.024558
0.024241
0.023035
0.024183
0.021763
0.022007
