0.519012
0.341424
0.244575
0.237490
0.220274
0.144180
0.107836
0.144375
0.139222
0.096791
0.093714
0.106347
0.102180
0.092145
0.083517
0.087922
0.089308
0.087862
0.078409
0.084534
0.077679
0.061972
0.077215
0.067819
0.063830
0.071876
0.063385
0.056720
0.055850
0.055511
0.052060
0.049846
0.052781
0.046695
0.056032
0.044178
0.047353
0.051264
0.052442
0.043131
0.041174
0.039355
0.042178
0.043082
0.039360
0.043748
0.037317
0.028887
0.033000
0.029408
0.028855
0.030476
0.027301
0.032521
0.031281
0.026724
0.026019
0.027439
0.022107
0.029228
0.020793
0.018320
0.017487
0.015619
0.020186
0.017788
0.019223
0.010294
0.015880
0.015587
0.017861
0.013186
0.011404
0.011291
0.012341
0.008568
0.013716
0.009178
0.014221
0.013548
0.014870
0.009661
0.013248
0.012390
0.007272
0.009138
0.006639
0.007577
0.007171
0.004797
0.004304
0.003319
0.005550
0.003299
0.003617
0.003519
0.004137
0.001802
0.003109
0.004269
0.001701
0.002827
0.003233
0.002515
0.002455
0.001178
0.001642
0.004542
0.001699
0.001867
0.001955
0.001968
0.001143
0.001355
0.001321
0.000941
0.001126
0.001352
0.001446
0.001113
0.001170
0.001252
0.000956
0.000964
0.000940
0.001452
0.000851
0.004596
0.001036
0.001100
0.001028
0.000899
0.000445
0.000504
0.000675
0.000669
0.002853
0.001332
0.001245
0.000560
0.000781
0.001685
0.000415
0.000981
0.000645
0.000997
0.000375
0.002247
0.000847
0.000454
