0.077355
0.064447
0.064648
0.062966
0.063536
0.064813
0.057746
0.060016
0.058774
0.057118
0.058579
0.058572
0.057549
0.054417
0.054057
0.053507
0.050592
0.052668
0.052446
0.050846
0.047181
0.046499
0.044656
0.044343
0.044819
0.043210
0.041630
0.040313
0.039943
0.040849
0.041226
0.040570
0.038421
0.037353
0.037289
0.036431
0.034526
0.034886
0.035668
0.036819
0.034479
0.032642
0.033651
0.031438
0.030547
0.029483
0.027440
0.028207
0.026382
0.029363
0.027755
0.025380
0.027640
0.025521
0.024453
0.024710
0.024614
0.024307
0.024577
0.023052
0.025280
0.022599
0.022915
0.024097
0.022638
0.023340
0.024369
0.020610
0.021254
0.021662
0.021760
0.019357
0.020419
0.020562
0.019273
0.020894
0.017469
0.017988
0.017693
0.016256
0.017437
0.016088
0.015802
0.016250
0.016309
0.016834
0.017942
0.016980
0.016602
0.015982
0.016671
0.017060
0.014628
0.015203
0.015798
0.015373
0.014254
0.015648
0.016003
0.014543
0.014932
0.013999
0.013193
0.013638
0.013472
0.011438
0.011104
0.010764
0.010903
0.010284
0.010939
0.010736
0.011180
0.010553
0.011500
0.010580
0.011382
0.011583
0.010546
0.010600
0.010384
0.009179
0.009973
0.009819
0.008783
0.009778
0.009338
0.009046
0.008031
0.008217
0.008973
0.008366
0.008215
0.008386
0.007824
0.008554
0.008682
0.008689
0.008998
0.009148
0.008566
0.008677
0.008119
0.008514
0.008411
0.007696
0.007472
0.008439
0.008611
0.008171
