0.121033
0.070217
0.064774
0.064974
0.061787
0.062735
0.057147
0.057112
0.058386
0.059926
0.054996
0.054182
0.053260
0.054226
0.051543
0.056646
0.052613
0.051015
0.050772
0.051572
0.051644
0.048075
0.053233
0.050814
0.052474
0.048927
0.049366
0.048222
0.049065
0.048926
0.049968
0.049793
0.052267
0.049781
0.051440
0.049100
0.051081
0.048113
0.049538
0.048654
0.048368
0.049679
0.047092
0.048683
0.048325
0.047405
0.049387
0.047860
0.047432
0.051666
0.046609
0.048195
0.047593
0.045233
0.045951
0.049435
0.046648
0.048005
0.048852
0.047512
0.046241
0.047557
0.046895
0.047513
0.045028
0.048186
0.047765
0.044919
0.044237
0.040983
0.045588
0.042914
0.038710
0.040563
0.038122
0.038526
0.038535
0.040596
0.040445
0.039974
0.038282
0.034690
0.036162
0.037384
0.036872
0.037355
0.035213
0.033503
0.030997
0.030772
0.032497
0.029060
0.031506
0.029864
0.030377
0.032048
0.029073
0.028717
0.028165
0.028608
0.027914
0.031340
0.029479
0.032976
0.031554
0.027433
0.028650
0.027757
0.028307
0.025604
0.028110
0.028543
0.026802
0.025245
0.027479
0.026527
0.023182
0.024112
0.027148
0.025435
0.023941
0.026478
0.024377
0.023433
0.022539
0.025585
0.024194
0.026063
0.024878
0.022937
0.025925
0.026075
0.026634
0.024501
0.024460
0.024274
0.023002
0.025894
0.025645
0.023989
0.024835
0.023831
0.024874
0.022937
0.025757
0.026160
0.024760
0.024354
0.022634
0.026801
