0.412576
0.262496
0.213627
0.117127
0.125555
0.134225
0.101000
0.072297
0.076790
0.075426
0.053001
0.049154
0.051918
0.045860
0.033607
0.032183
0.042765
0.031391
0.028482
0.031106
0.025013
0.022710
0.021120
0.026052
0.024128
0.015202
0.015229
0.018179
0.008585
0.016372
0.012662
0.011561
0.013555
0.015631
0.008843
0.013766
0.013021
0.008796
0.011110
0.008045
0.010295
0.008637
0.005588
0.007189
0.006694
0.003609
0.006206
0.004140
0.006962
0.006569
0.003669
0.005175
0.004421
0.004238
0.003456
0.004325
0.005076
0.002811
0.003678
0.004187
0.002787
0.002737
0.003347
0.001954
0.002506
0.001348
0.001466
0.002251
0.001553
0.001453
0.001741
0.001611
0.000945
0.001578
0.002031
0.002390
0.001442
0.003883
0.001440
0.001937
0.002766
0.001904
0.003208
0.001112
0.001038
0.001664
0.001110
0.000645
0.001239
0.001096
0.001053
0.000983
0.002125
0.000644
0.000931
0.000715
0.000655
0.001050
0.000620
0.000708
0.000527
0.000720
0.000468
0.000422
0.000665
0.000293
0.000344
0.000675
0.000201
0.000285
0.000242
0.000213
0.000515
0.000251
0.000248
0.000220
0.000377
0.000264
0.000212
0.000284
0.000232
0.000280
0.000313
0.000266
0.000179
0.000188
0.000172
0.000241
0.000270
0.000198
0.000189
0.000286
0.000409
0.000380
0.000300
0.000161
0.000220
0.000332
0.000196
0.000256
0.000167
0.000334
0.000312
0.000158
0.000125
0.000243
0.000161
0.000259
0.000132
0.000138
