0.331420
0.229370
0.135453
0.092402
0.065090
0.064783
0.058347
0.057203
0.059754
0.058348
0.059415
0.058760
0.061596
0.059742
0.057719
0.057657
0.058055
0.058631
0.056420
0.054947
0.057217
0.055241
0.053817
0.058752
0.053701
0.052983
0.054865
0.056888
0.054183
0.056540
0.054464
0.053533
0.049856
0.050151
0.049803
0.048875
0.045071
0.049365
0.043995
0.045823
0.042488
0.042244
0.043269
0.044454
0.042629
0.041704
0.042234
0.041097
0.041902
0.040105
0.036649
0.037428
0.036039
0.036415
0.038771
0.032969
0.034935
0.032837
0.030785
0.030493
0.028661
0.028819
0.028950
0.028623
0.030358
0.028545
0.030370
0.029930
0.026461
0.025340
0.028139
0.026165
0.027559
0.023017
0.022847
0.021989
0.023982
0.022501
0.023314
0.022474
0.022668
0.022019
0.022766
0.023304
0.021625
0.022662
0.021330
0.019474
0.021475
0.020090
0.018250
0.020338
0.019291
0.018610
0.019773
0.017388
0.015949
0.029013
0.015200
0.015856
0.015438
0.018926
0.018563
0.019730
0.016878
0.015055
0.013206
0.016933
0.012562
0.029588
0.019992
0.011624
0.016965
0.014904
0.010073
0.012026
0.007946
0.009655
0.004931
0.006346
0.003572
0.004330
0.003982
0.003081
0.003573
0.002711
0.003496
0.002722
0.002371
0.002369
0.002462
0.001847
0.001897
0.002066
0.001189
0.002466
0.001941
0.002080
0.001889
0.000939
0.001560
0.001340
0.001108
0.001265
0.001570
0.000907
0.000960
0.000647
0.000651
0.000672
