0.400003
0.161686
0.076903
0.073266
0.071836
0.071119
0.071670
0.071119
0.070184
0.069575
0.068355
0.069722
0.069527
0.067139
0.067973
0.067752
0.066215
0.068601
0.066176
0.064575
0.065283
0.064404
0.064143
0.060796
0.062694
0.058985
0.058525
0.060660
0.059049
0.055774
0.059649
0.054271
0.055538
0.054209
0.052194
0.048961
0.052770
0.046392
0.049421
0.049179
0.049185
0.048957
0.048926
0.049013
0.045578
0.045684
0.045253
0.046847
0.044569
0.042131
0.040619
0.044231
0.041907
0.041515
0.043957
0.045003
0.045781
0.042454
0.043248
0.042111
0.039768
0.032831
0.031648
0.034529
0.033104
0.035732
0.030339
0.032078
0.031719
0.031220
0.028190
0.025605
0.030307
0.027522
0.024350
0.024522
0.024596
0.025856
0.026313
0.027640
0.028143
0.023279
0.027448
0.024153
0.027441
0.026066
0.025089
0.022543
0.023199
0.023852
0.023785
0.024556
0.024659
0.022937
0.024804
0.022938
0.024613
0.026173
0.021987
0.022912
0.022067
0.023038
0.020985
0.047971
0.027152
0.033123
0.030680
0.029233
0.025697
0.021377
0.022597
0.024254
0.017003
0.015559
0.017157
0.015955
0.015637
0.015255
0.013632
0.011569
0.014189
0.013823
0.011148
0.012176
0.013361
0.012351
0.013260
0.011564
0.010246
0.011348
0.010257
0.009653
0.011541
0.010473
0.012230
0.009338
0.010112
0.010921
0.010924
0.009063
0.009971
0.009923
0.009862
0.010147
0.010860
0.011693
0.010917
0.011711
0.010936
0.010868
