0.089223
0.083739
0.075772
0.075284
0.069688
0.067473
0.068082
0.068559
0.067021
0.063474
0.062266
0.062367
0.060452
0.057429
0.056055
0.055534
0.054072
0.053074
0.052694
0.051390
0.047379
0.050769
0.047854
0.051840
0.048370
0.045789
0.043393
0.044261
0.041488
0.040551
0.041017
0.041506
0.038309
0.039144
0.035979
0.036234
0.033551
0.032785
0.032145
0.031684
0.029933
0.030680
0.032243
0.031540
0.030053
0.029721
0.028116
0.027567
0.026970
0.025336
0.025000
0.025470
0.025540
0.022079
0.021911
0.020297
0.020264
0.020468
0.021386
0.018641
0.019133
0.017568
0.017308
0.016322
0.018522
0.017759
0.016279
0.016995
0.017583
0.016741
0.016335
0.016754
0.017093
0.015265
0.015649
0.015215
0.014514
0.013192
0.013422
0.012950
0.013588
0.013569
0.013297
0.013302
0.012831
0.012185
0.013590
0.011785
0.012166
0.011829
0.011249
0.010780
0.010373
0.010725
0.011072
0.010467
0.010609
0.010791
0.011208
0.010421
0.010362
0.009999
0.009629
0.009926
0.009758
0.009199
0.008494
0.008293
0.009189
0.009572
0.008407
0.009068
0.008720
0.008912
0.009265
0.008666
0.009055
0.009569
0.010094
0.009044
0.010140
0.008659
0.008617
0.007933
0.007098
0.007991
0.007727
0.007571
0.008308
0.008054
0.008175
0.008002
0.007333
0.006762
0.007052
0.006755
0.007141
0.006953
0.007662
0.007390
0.006206
0.006890
0.006757
0.006778
0.006948
0.007072
0.006567
0.006765
0.007695
0.006179
