0.542102
0.260011
0.248001
0.245608
0.235833
0.209837
0.159708
0.132958
0.132871
0.118556
0.076292
0.077588
0.080862
0.072136
0.070276
0.066447
0.055475
0.051074
0.040769
0.047456
0.039794
0.035972
0.031576
0.022584
0.029005
0.028996
0.028082
0.023617
0.022183
0.026063
0.020811
0.019063
0.021045
0.016918
0.016745
0.015340
0.017024
0.016187
0.014138
0.013713
0.014432
0.013380
0.011140
0.013124
0.009739
0.011184
0.009193
0.008656
0.006144
0.007993
0.006839
0.007471
0.007990
0.007618
0.005662
0.003714
0.008826
0.005433
0.007750
0.006010
0.004634
0.005902
0.005808
0.007290
0.005482
0.006609
0.004705
0.006350
0.003333
0.003066
0.004323
0.003695
0.001951
0.005815
0.003384
0.002997
0.002041
0.002270
0.001783
0.002025
0.002111
0.002119
0.001709
0.001658
0.001910
0.001920
0.001236
0.001714
0.001351
0.001210
0.001735
0.001371
0.001695
0.001573
0.001714
0.001311
0.000927
0.001157
0.001383
0.001148
0.000866
0.001430
0.001499
0.000943
0.000987
0.001033
0.001401
0.000915
0.000727
0.000964
0.000632
0.000704
0.001092
0.000736
0.000681
0.000647
0.000590
0.000695
0.000674
0.000711
0.001064
0.000968
0.000721
0.000627
0.000772
0.000687
0.001176
0.000782
0.000794
0.000663
0.000690
0.000630
0.000602
0.000975
0.000723
0.000807
0.000832
0.000966
0.000683
0.000681
0.000535
0.000469
0.000372
0.000353
0.000393
0.000341
0.000408
0.000485
0.000538
0.000545
