0.267462
0.132230
0.084734
0.072804
0.072422
0.071542
0.073390
0.070821
0.070099
0.070947
0.070153
0.070095
0.068928
0.068298
0.069708
0.068759
0.067767
0.066698
0.068155
0.067242
0.067186
0.064965
0.065773
0.064084
0.062590
0.061643
0.063489
0.061811
0.063165
0.062257
0.060200
0.060967
0.058869
0.060220
0.057984
0.060012
0.060679
0.059043
0.061458
0.060509
0.060800
0.058632
0.061111
0.055438
0.055552
0.054730
0.056067
0.054884
0.054509
0.054170
0.053641
0.052229
0.054626
0.051234
0.048634
0.052497
0.050435
0.050624
0.052201
0.048297
0.048143
0.050149
0.048140
0.047605
0.048294
0.050402
0.048552
0.044534
0.048387
0.046341
0.045381
0.043798
0.044183
0.046158
0.042477
0.045111
0.041782
0.040329
0.044634
0.040944
0.039261
0.042331
0.039167
0.037696
0.033910
0.034410
0.031439
0.031540
0.034354
0.030058
0.028648
0.027175
0.026555
0.029954
0.028004
0.026061
0.024809
0.024648
0.021334
0.018811
0.020087
0.019954
0.020773
0.018268
0.018151
0.015121
0.015921
0.015371
0.013166
0.014240
0.013776
0.016713
0.018276
0.013214
0.012477
0.011684
0.011842
0.012119
0.010963
0.009770
0.010350
0.009019
0.010454
0.009061
0.008420
0.008382
0.008832
0.006813
0.007508
0.006477
0.006447
0.006079
0.007343
0.007234
0.006296
0.004953
0.007784
0.006546
0.004306
0.005169
0.005032
0.003595
0.003679
0.005557
0.004423
0.003351
0.003830
0.002878
0.004422
0.002683
