0.188376
0.180945
0.113357
0.104919
0.072496
0.068974
0.070920
0.071617
0.063505
0.064064
0.062113
0.060377
0.060078
0.059926
0.060960
0.057966
0.047937
0.049248
0.051032
0.047270
0.047030
0.043234
0.038359
0.038492
0.037498
0.038152
0.034200
0.038808
0.033177
0.032837
0.029501
0.030393
0.029084
0.028504
0.026468
0.025255
0.027135
0.027269
0.020633
0.019024
0.016969
0.017185
0.017102
0.013279
0.014730
0.014016
0.014005
0.010551
0.010450
0.008710
0.007699
0.006372
0.005762
0.006037
0.005331
0.005387
0.005263
0.005466
0.005371
0.005626
0.004715
0.004408
0.003085
0.003569
0.002203
0.002635
0.002064
0.002353
0.001749
0.002368
0.002120
0.001508
0.001267
0.001487
0.001469
0.001191
0.001044
0.000912
0.001374
0.000817
0.001059
0.001014
0.001092
0.000923
0.000849
0.000965
0.000854
0.000691
0.000687
0.000533
0.000606
0.000490
0.000646
0.000495
0.000525
0.000434
0.000414
0.000522
0.000672
0.000538
0.000529
0.000448
0.000401
0.000428
0.000351
0.000368
0.000350
0.000425
0.000325
0.000414
0.000396
0.000393
0.000387
0.000363
0.000384
0.000384
0.000312
0.000267
0.000219
0.000222
0.000205
0.000210
0.000244
0.000234
0.000283
0.000249
0.000333
0.000301
0.000272
0.000353
0.000282
0.000289
0.000355
0.000252
0.000194
0.000291
0.000205
0.000235
0.000261
0.000318
0.000246
0.000230
0.000282
0.000266
0.000304
0.000274
0.000268
0.000195
0.000187
0.000187
