0.330555
0.152086
0.109752
0.069717
0.076935
0.073289
0.071646
0.071832
0.071828
0.071670
0.071670
0.071670
0.071670
0.071670
0.071670
0.071670
0.071670
0.071670
0.071670
0.071670
0.071670
0.071670
0.071670
0.071670
0.071670
0.071670
0.071670
0.071670
0.071670
0.071670
0.071670
0.071670
0.071670
0.071670
0.071670
0.071670
0.071670
0.071670
0.071670
0.071670
0.071203
0.070839
0.070839
0.071203
0.071203
0.070371
0.073690
0.070907
0.068272
0.068942
0.067672
0.067795
0.067948
0.067859
0.067361
0.066276
0.065245
0.064429
0.064538
0.065086
0.065056
0.064331
0.062547
0.064070
0.062645
0.059498
0.064339
0.061880
0.060438
0.061054
0.059874
0.060948
0.061289
0.058340
0.058930
0.061829
0.058776
0.059178
0.061367
0.058653
0.058927
0.059474
0.059535
0.060067
0.059293
0.060320
0.060048
0.061799
0.059178
0.056965
0.058325
0.056267
0.057118
0.058228
0.058851
0.056401
0.056736
0.058004
0.057992
0.056214
0.056643
0.057986
0.056268
0.057218
0.057084
0.055704
0.058983
0.055591
0.055846
0.054624
0.057374
0.055302
0.056043
0.056081
0.058670
0.058157
0.056011
0.054218
0.054209
0.055984
0.055514
0.050395
0.056055
0.053854
0.055848
0.051042
0.051020
0.050933
0.047184
0.049867
0.048234
0.045669
0.046041
0.045541
0.046539
0.044962
0.044335
0.046158
0.041595
0.042660
0.042755
0.038968
0.040320
0.039336
0.036437
0.036311
0.039666
0.035808
0.035805
0.034492
