0.237035
0.062434
0.062751
0.062712
0.062712
0.062712
0.062712
0.062712
0.062712
0.062712
0.062712
0.062712
0.062712
0.062712
0.062712
0.062712
0.062712
0.062712
0.062712
0.062712
0.062712
0.062712
0.062712
0.062712
0.062712
0.062712
0.062712
0.062712
0.062712
0.062712
0.062712
0.062712
0.062712
0.062712
0.062712
0.062712
0.062712
0.062712
0.062712
0.062712
0.062712
0.062712
0.062712
0.062712
0.062712
0.062712
0.062712
0.062712
0.062712
0.062712
0.062712
0.062712
0.062712
0.062712
0.062712
0.062712
0.062712
0.062712
0.062712
0.062712
0.062712
0.062712
0.062712
0.062712
0.062712
0.062712
0.062712
0.062712
0.062988
0.062712
0.062712
0.062712
0.062712
0.062712
0.062712
0.062712
0.062712
0.062712
0.062712
0.062712
0.062712
0.062712
0.062712
0.062712
0.062712
0.062712
0.062712
0.062712
0.062712
0.062712
0.062712
0.062712
0.062712
0.062408
0.062595
0.062712
0.062712
0.062712
0.062478
0.061554
0.060893
0.059764
0.059006
0.059679
0.060234
0.059394
0.057380
0.058555
0.058262
0.057067
0.058046
0.058330
0.057875
0.057152
0.056996
0.056391
0.057740
0.055466
0.056546
0.057677
0.057199
0.056936
0.056695
0.057174
0.055811
0.055914
0.056701
0.056961
0.056441
0.056408
0.056215
0.055473
0.054976
0.053149
0.054265
0.052611
0.052064
0.053991
0.055653
0.055576
0.054637
0.053241
0.052078
0.051190
0.051617
0.050540
0.048799
0.048846
0.050280
0.049557
