0.071950
0.071670
0.071670
0.071670
0.071670
0.071670
0.068613
0.066262
0.065368
0.067887
0.064798
0.064391
0.066314
0.062286
0.056560
0.060961
0.059052
0.056164
0.056634
0.055444
0.054287
0.053503
0.054481
0.050562
0.050110
0.049449
0.047276
0.047047
0.045106
0.043497
0.030904
0.028968
0.030522
0.025601
0.027208
0.025072
0.027646
0.026322
0.018856
0.020477
0.018878
0.016604
0.013231
0.015474
0.012232
0.018922
0.018447
0.016156
0.013005
0.013043
0.015053
0.012066
0.012358
0.013149
0.011942
0.015610
0.010080
0.015158
0.009202
0.008113
0.012630
0.008119
0.004902
0.007200
0.004462
0.006198
0.004547
0.009014
0.003189
0.003823
0.005355
0.004589
0.005808
0.009334
0.009443
0.004260
0.003224
0.005623
0.004247
0.002822
0.003038
0.006397
0.002330
0.004425
0.001205
0.005004
0.003117
0.002784
0.000492
0.002524
0.001917
0.001841
0.003584
0.003983
0.001517
0.000910
0.005044
0.000838
0.007977
0.013600
0.006211
0.006186
0.012201
0.003694
0.006602
0.003229
0.006366
0.004573
0.004274
0.004266
0.001918
0.001033
0.000886
0.001597
0.002303
0.000919
0.000487
0.002481
0.002081
0.000504
0.001224
0.000872
0.000721
0.000496
0.000415
0.000562
0.000465
0.000331
0.000655
0.001618
0.000711
0.000435
0.000420
0.000398
0.000656
0.000308
0.000424
0.000555
0.000417
0.000302
0.000419
0.000272
0.000223
0.000232
0.000166
0.000151
0.000214
0.000200
0.000317
0.000152
