0.089300
0.079992
0.073912
0.071771
0.068225
0.064017
0.063125
0.059001
0.062664
0.059737
0.058824
0.052918
0.050114
0.048295
0.050301
0.050247
0.046203
0.046599
0.045471
0.041871
0.041165
0.038067
0.036532
0.035950
0.036236
0.036063
0.033678
0.030995
0.031980
0.030425
0.032014
0.028482
0.027248
0.029453
0.025551
0.026751
0.023497
0.023615
0.022532
0.022207
0.022949
0.019232
0.018133
0.016555
0.016942
0.016388
0.016585
0.015809
0.016581
0.016060
0.014414
0.015414
0.015721
0.014041
0.011979
0.012330
0.012488
0.011328
0.011018
0.011895
0.010734
0.010396
0.009623
0.008575
0.008033
0.008780
0.008192
0.008157
0.007894
0.007469
0.008032
0.007724
0.007159
0.007718
0.007422
0.006420
0.006354
0.006728
0.006394
0.006488
0.006609
0.006149
0.006361
0.006397
0.005999
0.006017
0.005323
0.005649
0.006012
0.005220
0.005646
0.005460
0.004872
0.004863
0.005279
0.004677
0.004571
0.004730
0.004155
0.004215
0.004332
0.004674
0.004205
0.004009
0.003971
0.004069
0.004177
0.004185
0.003995
0.004295
0.004245
0.004195
0.003974
0.004212
0.004025
0.003948
0.004047
0.003857
0.004050
0.004069
0.004312
0.003997
0.003844
0.003918
0.004269
0.004104
0.003891
0.004034
0.003978
0.004060
0.004405
0.004440
0.003953
0.003858
0.003984
0.004416
0.003880
0.003799
0.003709
0.003737
0.003951
0.004012
0.003614
0.003786
0.003615
0.003541
0.003539
0.003694
0.003820
0.003569
