0.132333
0.071207
0.071203
0.071203
0.071203
0.070529
0.071096
0.074809
0.069720
0.069754
0.069350
0.064945
0.068057
0.071471
0.065885
0.068335
0.067347
0.066220
0.064270
0.066410
0.062354
0.063597
0.063602
0.064018
0.062241
0.059794
0.065787
0.058474
0.060077
0.057305
0.059376
0.056158
0.056926
0.055235
0.058273
0.056888
0.057484
0.056967
0.055691
0.056207
0.054623
0.054918
0.054097
0.053483
0.054582
0.053086
0.052807
0.054007
0.055002
0.053050
0.052398
0.053971
0.052652
0.055131
0.052051
0.051988
0.050100
0.052415
0.051013
0.051911
0.051707
0.051803
0.053901
0.050500
0.051799
0.054228
0.048716
0.048319
0.052294
0.057430
0.052761
0.051100
0.047388
0.049269
0.048812
0.046509
0.047760
0.049438
0.050852
0.047186
0.043817
0.051357
0.051088
0.048413
0.048241
0.046288
0.043027
0.048399
0.045385
0.044740
0.046600
0.055120
0.051587
0.045893
0.049132
0.053027
0.046434
0.043483
0.043401
0.046351
0.039140
0.042247
0.038406
0.038446
0.039072
0.039085
0.041561
0.041524
0.037127
0.049509
0.034784
0.040056
0.041419
0.038099
0.046347
0.045038
0.038962
0.050758
0.042006
0.042537
0.036639
0.035143
0.036210
0.037613
0.033751
0.032030
0.031078
0.030966
0.031539
0.038759
0.031841
0.032575
0.028644
0.030310
0.030423
0.028129
0.029062
0.028035
0.029580
0.029961
0.030663
0.023725
0.027303
0.027680
0.024838
0.027490
0.024114
0.027220
0.030402
0.029078
