0.239972
0.164929
0.136765
0.107894
0.100971
0.100898
0.091039
0.079141
0.086569
0.065912
0.057571
0.066225
0.062249
0.057367
0.057536
0.054132
0.047157
0.047937
0.043293
0.042392
0.048968
0.039772
0.038256
0.037748
0.037657
0.035460
0.037755
0.034231
0.036298
0.028901
0.029800
0.030508
0.024094
0.033521
0.022153
0.030614
0.024844
0.028187
0.023806
0.023794
0.029385
0.021387
0.019196
0.014853
0.017270
0.015307
0.020176
0.016400
0.015732
0.011724
0.013418
0.014167
0.011188
0.009809
0.011885
0.012759
0.014255
0.009319
0.012191
0.008163
0.009295
0.020283
0.010547
0.007282
0.013553
0.011974
0.013280
0.012506
0.013372
0.012574
0.012013
0.009765
0.016326
0.008934
0.014291
0.010734
0.008708
0.008521
0.009835
0.004747
0.007236
0.006620
0.004850
0.006993
0.003781
0.003929
0.005121
0.004871
0.004039
0.003841
0.001529
0.003178
0.002916
0.003010
0.002953
0.003019
0.002061
0.002127
0.002212
0.001566
0.002915
0.002575
0.001704
0.003196
0.001610
0.002387
0.001527
0.002042
0.001240
0.001609
0.003866
0.003922
0.002905
0.003047
0.002238
0.005000
0.004205
0.008652
0.014948
0.003233
0.007174
0.006341
0.004276
0.011994
0.006440
0.008002
0.008052
0.003534
0.007332
0.005322
0.022927
0.026517
0.012269
0.034572
0.011799
0.020879
0.026939
0.009613
0.013696
0.012602
0.018452
0.015612
0.015348
0.012167
0.007410
0.021389
0.006913
0.009713
0.006377
0.009244
