0.075660
0.069096
0.063588
0.061373
0.063189
0.061701
0.062460
0.064148
0.055307
0.054357
0.059209
0.057651
0.057009
0.046215
0.052128
0.046507
0.052919
0.049836
0.052899
0.048833
0.047280
0.047899
0.049648
0.047505
0.046786
0.045008
0.044520
0.046260
0.043032
0.043945
0.041636
0.042132
0.038041
0.039963
0.038224
0.039966
0.040372
0.034494
0.031591
0.032964
0.029862
0.032402
0.029381
0.033600
0.032825
0.034603
0.036602
0.032814
0.031560
0.033109
0.036256
0.032020
0.031166
0.031885
0.031599
0.028697
0.027176
0.027832
0.034153
0.031494
0.024671
0.026475
0.023124
0.022582
0.024076
0.023804
0.017120
0.022234
0.020946
0.018982
0.020684
0.021095
0.017380
0.025487
0.019695
0.016325
0.015566
0.015319
0.022815
0.023557
0.017257
0.016825
0.024426
0.016163
0.022633
0.023513
0.020701
0.028415
0.023262
0.022602
0.020773
0.028265
0.016120
0.022216
0.017585
0.012457
0.026468
0.018605
0.013453
0.016766
0.015165
0.021425
0.015214
0.015269
0.012769
0.009411
0.017258
0.016045
0.008500
0.012414
0.022538
0.018844
0.015492
0.014391
0.012325
0.014100
0.013532
0.013445
0.014264
0.012353
0.011848
0.007571
0.018186
0.011985
0.011864
0.017234
0.010407
0.011254
0.015342
0.008623
0.008546
0.007743
0.010948
0.012045
0.028253
0.013926
0.019199
0.016455
0.011856
0.010281
0.019519
0.009917
0.014736
0.016474
0.019670
0.020110
0.009800
0.014754
0.017358
0.010397
