0.071686
0.065184
0.063621
0.064750
0.061383
0.059555
0.058522
0.061198
0.057622
0.056659
0.054069
0.055933
0.048703
0.050906
0.047417
0.050050
0.045181
0.049427
0.047713
0.048273
0.042446
0.041038
0.040558
0.036822
0.037438
0.037623
0.034944
0.034129
0.030835
0.032123
0.029869
0.030543
0.030462
0.027800
0.027896
0.037036
0.027161
0.027592
0.024024
0.028321
0.027584
0.024685
0.021620
0.020663
0.021320
0.026367
0.020354
0.025521
0.020400
0.016832
0.016263
0.013861
0.010675
0.012667
0.013307
0.011814
0.014927
0.008454
0.013597
0.007789
0.011339
0.007424
0.008180
0.007411
0.005289
0.004268
0.009989
0.004261
0.005509
0.007725
0.005784
0.006362
0.004810
0.010990
0.009009
0.005404
0.006888
0.004076
0.004618
0.008094
0.002742
0.002661
0.003317
0.003704
0.004181
0.005433
0.003684
0.006051
0.004039
0.007056
0.003552
0.010254
0.006892
0.008331
0.003071
0.018403
0.018612
0.020052
0.020029
0.012269
0.013363
0.012616
0.008871
0.009157
0.009379
0.018260
0.009950
0.009694
0.008334
0.005641
0.002260
0.004950
0.001480
0.005901
0.007890
0.008380
0.004851
0.005352
0.007177
0.004533
0.006561
0.005438
0.000966
0.001705
0.003785
0.009490
0.003874
0.002971
0.014927
0.015114
0.006548
0.007581
0.015253
0.003874
0.003969
0.002352
0.002602
0.003640
0.015273
0.002838
0.001359
0.005910
0.009348
0.016528
0.015463
0.017517
0.013833
0.009225
0.011243
0.008184
