0.095415
0.067460
0.062661
0.060402
0.060759
0.056890
0.055145
0.055789
0.057474
0.054689
0.053559
0.049582
0.050792
0.047056
0.053929
0.044406
0.041715
0.038390
0.038089
0.040576
0.039443
0.036684
0.032133
0.034119
0.035156
0.033796
0.031197
0.028957
0.030060
0.025184
0.030155
0.027174
0.021000
0.022878
0.021664
0.024393
0.018380
0.029545
0.016920
0.023993
0.019150
0.015039
0.014809
0.017388
0.017796
0.019760
0.015259
0.015900
0.019432
0.012096
0.021970
0.018229
0.021121
0.016239
0.012649
0.037862
0.020951
0.012914
0.010076
0.015684
0.011273
0.008194
0.008271
0.013668
0.016949
0.013076
0.015164
0.011127
0.014735
0.010281
0.012259
0.005766
0.008870
0.007593
0.007376
0.008251
0.013112
0.011534
0.013533
0.017318
0.023857
0.017157
0.012285
0.007401
0.014390
0.006721
0.005582
0.030120
0.009387
0.004242
0.007632
0.003266
0.008801
0.007076
0.023453
0.010698
0.009817
0.004337
0.011072
0.008482
0.005649
0.011474
0.004901
0.005545
0.011848
0.002754
0.001549
0.002648
0.005136
0.003648
0.004483
0.002059
0.008139
0.003053
0.003085
0.004523
0.002897
0.003339
0.002538
0.003395
0.004699
0.006163
0.003898
0.001624
0.009464
0.008099
0.004978
0.023930
0.017486
0.015635
0.026254
0.016021
0.018115
0.006104
0.007923
0.009791
0.007231
0.004001
0.004890
0.005876
0.009169
0.004938
0.007550
0.017013
0.007023
0.002172
0.003467
0.006473
0.003163
0.005393
