0.094185
0.076396
0.081355
0.068849
0.067655
0.059826
0.060219
0.058383
0.058788
0.054951
0.054142
0.052736
0.049516
0.044334
0.043776
0.044457
0.041768
0.042282
0.040405
0.038099
0.037972
0.034311
0.035699
0.032867
0.033940
0.038133
0.034915
0.031893
0.029757
0.030703
0.030976
0.031975
0.030973
0.030000
0.031278
0.029125
0.029049
0.030110
0.028231
0.029327
0.026687
0.023860
0.022359
0.023232
0.022481
0.021962
0.022696
0.026260
0.021468
0.020438
0.020300
0.019025
0.020906
0.019533
0.018600
0.020951
0.018383
0.019825
0.019238
0.017495
0.015468
0.016686
0.017687
0.016343
0.016265
0.014615
0.015273
0.013803
0.016777
0.014242
0.013467
0.012945
0.014129
0.013071
0.014117
0.012637
0.012440
0.011897
0.011565
0.011719
0.011421
0.011546
0.011207
0.011384
0.010877
0.010741
0.010074
0.011544
0.010548
0.010995
0.010571
0.010841
0.009268
0.008779
0.009630
0.009718
0.008610
0.008828
0.009918
0.008382
0.010663
0.008605
0.009204
0.008218
0.008829
0.008875
0.010287
0.008730
0.007912
0.008117
0.008190
0.007536
0.008304
0.007315
0.007463
0.006742
0.006395
0.007030
0.006477
0.006122
0.006899
0.005920
0.006521
0.005804
0.005761
0.005872
0.005807
0.005259
0.005649
0.006543
0.006620
0.006695
0.005392
0.006212
0.005776
0.007418
0.006522
0.006074
0.006698
0.005659
0.006271
0.005293
0.004976
0.006217
0.005303
0.005924
0.005318
0.005881
0.006002
0.005232
