0.083845
0.074374
0.072772
0.072580
0.071670
0.069736
0.070191
0.071988
0.067947
0.067704
0.063815
0.065747
0.063219
0.064346
0.063137
0.063051
0.060432
0.059669
0.061315
0.064816
0.066069
0.058024
0.060447
0.060571
0.064161
0.059920
0.059996
0.058664
0.059388
0.062553
0.056903
0.057766
0.058394
0.056088
0.054460
0.056080
0.054499
0.056513
0.056906
0.056400
0.052257
0.055748
0.054181
0.055137
0.057905
0.052268
0.055748
0.053862
0.053960
0.052055
0.054048
0.054352
0.049529
0.054858
0.048386
0.048788
0.055477
0.053717
0.046935
0.053356
0.043164
0.048030
0.045418
0.039767
0.043203
0.041465
0.038791
0.042731
0.043901
0.043710
0.039377
0.044393
0.041954
0.042057
0.034133
0.035214
0.036410
0.035624
0.032639
0.034066
0.030139
0.029520
0.032262
0.025143
0.033930
0.028425
0.025810
0.023675
0.034415
0.028175
0.018607
0.026736
0.021986
0.023864
0.022269
0.024688
0.023129
0.025818
0.029767
0.025474
0.023075
0.021142
0.023643
0.018989
0.022654
0.019392
0.022000
0.016452
0.021690
0.018127
0.017729
0.017689
0.017997
0.013900
0.016956
0.016452
0.016871
0.011552
0.012669
0.013780
0.012800
0.013339
0.011591
0.016448
0.011205
0.009906
0.015435
0.015336
0.012937
0.012283
0.016640
0.012898
0.011710
0.009974
0.009341
0.012584
0.014815
0.008466
0.010259
0.010681
0.009679
0.014351
0.008405
0.013064
0.011696
0.010672
0.016717
0.008436
0.012929
0.010940
