0.092626
0.083309
0.074400
0.066072
0.063334
0.060395
0.061415
0.058151
0.057931
0.054644
0.051517
0.051943
0.051368
0.050106
0.044461
0.049348
0.048990
0.042365
0.042995
0.041196
0.040947
0.041782
0.042815
0.036609
0.042345
0.039141
0.037826
0.037102
0.036089
0.037910
0.034070
0.033458
0.032123
0.033399
0.035273
0.032212
0.031596
0.035425
0.029560
0.028472
0.033583
0.030583
0.028533
0.033087
0.027532
0.029978
0.027201
0.025890
0.029981
0.027080
0.028053
0.028658
0.019866
0.023306
0.018146
0.023334
0.021577
0.021852
0.026041
0.022230
0.023114
0.025961
0.025060
0.021939
0.029175
0.023864
0.022824
0.020512
0.023476
0.020633
0.030464
0.017639
0.027238
0.022152
0.022100
0.015824
0.026367
0.015219
0.021716
0.014307
0.019104
0.018045
0.015534
0.016609
0.019645
0.014522
0.018996
0.013945
0.024979
0.016657
0.014201
0.016299
0.022850
0.011372
0.026545
0.012534
0.012152
0.019269
0.018480
0.010646
0.021335
0.010480
0.012584
0.013231
0.011620
0.013346
0.015393
0.007966
0.018521
0.013680
0.026341
0.008592
0.010650
0.014976
0.009113
0.015677
0.012923
0.008893
0.016547
0.013446
0.007085
0.017916
0.014974
0.014093
0.007946
0.006783
0.006448
0.013369
0.005785
0.010273
0.007912
0.012542
0.011822
0.011524
0.012755
0.027772
0.019252
0.011720
0.006588
0.014097
0.010370
0.007653
0.011320
0.013245
0.019869
0.012705
0.014240
0.007603
0.014091
0.015019
