0.180000
0.220000
0.280000
0.280000
0.240000
0.260000
0.300000
0.300000
0.300000
0.380000
0.460000
0.460000
0.500000
0.480000
0.600000
0.620000
0.660000
0.680000
0.660000
0.720000
0.720000
0.740000
0.700000
0.720000
0.700000
0.700000
0.740000
0.840000
0.900000
0.940000
0.880000
0.880000
0.860000
0.920000
0.940000
0.960000
0.980000
0.980000
0.960000
0.960000
0.940000
0.960000
0.980000
0.960000
0.920000
0.960000
0.960000
1.000000
1.000000
1.000000
0.980000
1.000000
0.980000
0.980000
1.000000
0.980000
0.960000
0.980000
0.980000
0.980000
0.980000
1.000000
1.000000
1.000000
1.000000
1.000000
1.000000
0.980000
0.980000
1.000000
1.000000
1.000000
1.000000
1.000000
1.000000
1.000000
1.000000
1.000000
1.000000
1.000000
0.980000
1.000000
1.000000
1.000000
1.000000
1.000000
1.000000
1.000000
1.000000
1.000000
1.000000
1.000000
0.980000
1.000000
1.000000
1.000000
1.000000
1.000000
1.000000
1.000000
1.000000
1.000000
1.000000
1.000000
1.000000
1.000000
1.000000
1.000000
1.000000
1.000000
1.000000
1.000000
1.000000
1.000000
1.000000
1.000000
1.000000
1.000000
1.000000
1.000000
1.000000
1.000000
1.000000
1.000000
1.000000
1.000000
1.000000
1.000000
1.000000
1.000000
1.000000
1.000000
1.000000
1.000000
1.000000
1.000000
1.000000
1.000000
1.000000
1.000000
1.000000
1.000000
1.000000
1.000000
1.000000
1.000000
1.000000
1.000000
1.000000
1.000000
