0.131608
0.076952
0.073260
0.072655
0.070181
0.070077
0.067214
0.066617
0.067096
0.065996
0.062373
0.062118
0.062552
0.061323
0.062118
0.058834
0.057976
0.057754
0.058938
0.055357
0.056249
0.056226
0.054886
0.052859
0.055882
0.054389
0.054223
0.050567
0.052570
0.051421
0.052228
0.050565
0.051638
0.049519
0.049065
0.052262
0.050072
0.050720
0.049775
0.048306
0.049722
0.050335
0.048949
0.047102
0.047097
0.048808
0.049421
0.050135
0.048910
0.048990
0.047967
0.048428
0.042558
0.045325
0.047701
0.044439
0.046251
0.047768
0.043652
0.043976
0.044400
0.044040
0.044368
0.041946
0.041864
0.045773
0.045474
0.046170
0.044930
0.043394
0.045602
0.044696
0.041943
0.042567
0.043779
0.042747
0.043263
0.042813
0.040864
0.041468
0.039544
0.043047
0.040076
0.041699
0.041307
0.040948
0.040296
0.038173
0.036802
0.035090
0.035873
0.038957
0.036964
0.037638
0.032825
0.035198
0.033655
0.035046
0.034274
0.034593
0.033372
0.034846
0.032787
0.030828
0.034451
0.031652
0.033425
0.032329
0.031221
0.028740
0.031349
0.030339
0.032073
0.028734
0.028066
0.029650
0.028928
0.028338
0.031286
0.025681
0.027904
0.029616
0.027942
0.027793
0.027502
0.028575
0.028747
0.029546
0.026169
0.027497
0.029842
0.029156
0.028556
0.025319
0.027851
0.028437
0.026121
0.030917
0.027698
0.029181
0.027469
0.025747
0.026520
0.027122
0.027988
0.027448
0.026906
0.027410
0.026110
0.027002
