0.167419
0.195984
0.243045
0.220513
0.193447
0.155146
0.139741
0.128968
0.119257
0.108900
0.113030
0.112790
0.103634
0.091129
0.103592
0.102966
0.096937
0.084188
0.081383
0.087497
0.090101
0.088593
0.084991
0.088686
0.084700
0.078319
0.075812
0.079626
0.084106
0.096548
0.079728
0.077321
0.070222
0.078656
0.077496
0.078552
0.074518
0.080278
0.084828
0.081916
0.071513
0.080858
0.066605
0.065064
0.070078
0.067318
0.079295
0.080981
0.066677
0.068164
0.060876
0.059603
0.068006
0.064189
0.062476
0.063386
0.073853
0.058086
0.055216
0.055874
0.066853
0.063665
0.065630
0.069676
0.064123
0.082162
0.072397
0.061930
0.065633
0.061816
0.056022
0.066875
0.058692
0.053354
0.048949
0.056809
0.053805
0.062378
0.056514
0.061429
0.060795
0.052627
0.052068
0.052880
0.060730
0.059211
0.057678
0.057612
0.054979
0.053750
0.059344
0.054964
0.057719
0.049860
0.059584
0.050955
0.060382
0.053269
0.054483
0.054357
0.056998
0.050637
0.053258
0.047648
0.043461
0.049725
0.054606
0.046119
0.052334
0.052284
0.039542
0.058703
0.050680
0.056586
0.062873
0.064765
0.051573
0.053470
0.062365
0.063261
0.052643
0.055505
0.059537
0.046536
0.047304
0.042715
0.054553
0.059471
0.050770
0.040095
0.047012
0.049651
0.052866
0.056128
0.057238
0.053874
0.050321
0.045347
0.056957
0.053355
0.055987
0.052297
0.048308
0.051698
0.049271
0.052320
0.050432
0.037472
0.051310
0.035338
0.046068
0.039101
0.046683
0.039294
0.043061
0.057686
0.038228
0.048103
0.046884
0.041463
0.041777
0.052548
0.049113
0.047566
0.057783
0.052724
0.054505
0.044744
0.044270
0.054453
0.054730
0.042902
0.049181
0.047958
0.047016
0.048394
0.038936
0.042734
0.038478
0.042351
0.043238
0.043268
0.040243
0.048790
0.044118
0.044123
0.050771
0.066316
0.056009
0.055776
0.047689
0.047349
0.036588
0.041980
0.037471
0.043288
0.035697
0.038815
0.048601
0.045807
0.039613
0.049816
0.043597
0.037374
0.042780
0.035182
0.045622
0.061929
0.046529
0.054209
0.041670
0.039079
0.030058
0.037269
0.032502
0.033732
0.043169
0.043138
0.040285
0.031605
0.033302
0.032214
0.032449
0.036977
0.045381
0.034731
0.035156
0.039312
0.031235
0.031446
0.030205
0.033423
0.034888
0.040462
0.038254
0.039658
0.037111
0.030722
0.033986
0.035636
0.046470
0.044780
0.033463
0.030884
0.027758
0.022126
0.026259
0.022254
0.033804
0.090948
0.303960
0.067423
0.066667
0.062232
0.059376
0.057386
0.055328
0.055939
0.054537
0.052962
0.049745
0.051128
0.051191
0.047449
0.047886
0.046639
0.044639
0.043695
0.045795
0.046451
0.046445
0.047495
0.042804
0.040958
0.042936
0.043392
0.042438
0.043878
0.043540
0.046258
0.041836
0.046004
0.046494
0.042244
0.042696
0.041916
0.040121
0.041205
0.038795
0.039168
0.044020
0.040136
0.040481
0.038291
0.038401
0.034326
0.036516
0.037460
0.037096
0.037929
