0.206076
0.134366
0.107395
0.103192
0.079678
0.074156
0.068947
0.066210
0.065935
0.067741
0.061195
0.061771
0.056904
0.058507
0.061998
0.057517
0.060247
0.061175
0.057581
0.053689
0.055835
0.052291
0.056277
0.055962
0.051633
0.054703
0.053593
0.053942
0.049325
0.048978
0.054473
0.053661
0.050869
0.057398
0.054872
0.049440
0.052058
0.049418
0.046464
0.050526
0.064870
0.066413
0.067242
0.065531
0.068915
0.063240
0.061272
0.066226
0.065848
0.064386
0.065466
0.065687
0.063974
0.062923
0.065960
0.062949
0.062628
0.063979
0.057816
0.059211
0.059272
0.059964
0.057874
0.055830
0.057963
0.058538
0.056204
0.055026
0.060391
0.057817
0.059311
0.057875
0.058319
0.057052
0.055836
0.053873
0.053125
0.053896
0.053192
0.054140
0.054016
0.051086
0.050998
0.050256
0.051847
0.051780
0.050893
0.052515
0.051504
0.052320
0.050694
0.048736
0.048079
0.047419
0.048484
0.049010
0.048167
0.048099
0.047080
0.048083
0.048185
0.045819
0.044152
0.047416
0.047247
0.045249
0.044280
0.045081
0.044496
0.042537
0.044820
0.041241
0.042437
0.042491
0.041852
0.043343
0.040642
0.037223
0.041774
0.038233
0.040453
0.037947
0.039019
0.038824
0.041780
0.042045
0.043589
0.044664
0.037217
0.038574
0.037454
0.033692
0.035568
0.037165
0.037728
0.035748
0.036377
0.036002
0.033720
0.034518
0.033748
0.035148
0.037620
0.038319
0.033620
0.033679
0.031708
0.033965
0.031940
0.032232
0.034869
0.036209
0.031206
0.031383
0.031999
0.032236
0.028440
0.030938
0.032171
0.035387
0.033827
0.033210
0.034805
0.031069
0.032572
0.030191
0.028846
0.034008
0.030389
0.032163
0.029681
0.026123
0.027641
0.030999
0.031248
0.030989
0.031481
0.029839
0.027712
0.028264
0.026553
0.028681
0.026722
0.029213
0.024462
0.026851
0.027031
0.026954
0.026143
0.026329
0.026317
0.025099
0.024027
0.024319
0.025426
0.024561
0.024645
0.023465
0.023627
0.024515
0.024316
0.023595
0.024484
0.025195
0.022416
0.025989
0.028895
0.024259
0.025457
0.024535
0.026899
0.022804
0.026027
0.024916
0.023115
0.023228
0.021843
0.021351
0.023821
0.024038
0.025231
0.021935
0.020023
0.019944
0.019953
0.024549
0.026677
0.027118
0.023821
0.022102
0.021153
0.019819
0.022095
0.023819
0.020854
0.021243
0.019174
0.018779
0.020597
0.021708
0.023270
0.020806
0.022334
0.020775
0.020716
0.019684
0.019420
0.017075
0.019099
0.018580
0.017999
0.023538
0.020004
0.019089
0.022069
0.018324
0.018009
0.019881
0.015755
0.020241
0.020725
0.020685
0.020211
0.020674
0.020958
0.016184
0.018046
0.022265
0.024800
0.024027
0.022812
0.018784
0.019782
0.018161
0.020611
0.018314
0.017213
0.018914
0.021958
0.025164
0.022468
0.021127
0.018012
0.041519
0.032614
0.045675
0.042923
0.037933
0.034059
0.031778
0.029931
0.028102
0.027267
0.024709
0.026814
0.029163
0.032251
0.030583
0.028023
0.028720
