0.123719
0.139614
0.103311
0.096147
0.082138
0.082490
0.075401
0.073385
0.068311
0.076126
0.072487
0.072928
0.081541
0.076851
0.075695
0.068157
0.062786
0.067882
0.060692
0.056113
0.059044
0.064756
0.059803
0.055050
0.046217
0.047052
0.047275
0.052509
0.047469
0.050769
0.052361
0.049713
0.046460
0.045313
0.042387
0.046748
0.049462
0.049142
0.047011
0.047987
0.042913
0.046235
0.051351
0.047300
0.042378
0.042586
0.041774
0.040921
0.043785
0.044547
0.042251
0.043782
0.040286
0.048239
0.044283
0.043929
0.042534
0.052900
0.049124
0.042067
0.042672
0.043868
0.045572
0.047437
0.049410
0.053102
0.062370
0.056798
0.042778
0.042729
0.051568
0.047575
0.043764
0.049369
0.346645
0.627631
0.513718
0.449821
0.395157
0.275565
0.221764
0.139588
0.143995
0.164872
0.128070
0.135039
0.134650
0.172344
0.146707
0.150723
0.165873
0.130966
0.150245
0.137154
0.172355
0.166388
0.155096
0.141193
0.146343
0.167554
0.140654
0.119541
0.133497
0.129652
0.142320
0.123526
0.105865
0.130762
0.133739
0.127905
0.147362
0.123798
0.131820
0.128838
0.121733
0.120423
0.149697
0.151119
0.126524
0.122665
0.148408
0.140294
0.137693
0.160006
0.130302
0.142956
0.120022
0.110028
0.117419
0.122281
0.124529
0.129220
0.097519
0.118708
0.111400
0.113229
0.113005
0.102544
0.111092
0.113963
0.107051
0.127205
0.116478
0.101733
0.135722
0.121352
0.115703
0.125677
0.098166
0.119515
0.103426
0.098093
0.138506
0.100724
0.095376
0.100347
0.119055
0.132608
0.135227
0.111121
0.095634
0.115747
0.103566
0.114247
0.104023
0.118933
0.107655
0.092806
0.097626
0.108697
0.115404
0.087296
0.088652
0.121271
0.107521
0.105168
0.103921
0.112289
0.110292
0.119382
0.101474
0.112953
0.093300
0.096460
0.109054
0.089750
0.090216
0.115763
0.094169
0.093338
0.096029
0.115948
0.117203
0.088568
0.104938
0.107039
0.111810
0.128653
0.111293
0.108954
0.099635
0.097598
0.096686
0.092288
0.086748
0.089373
0.108274
0.104593
0.099458
0.108506
0.123531
0.101357
0.091208
0.095306
0.084933
0.090662
0.075230
0.086618
0.097749
0.085852
0.092178
0.085174
0.080797
0.096221
0.106692
0.097815
0.096110
0.103515
0.103266
0.087859
0.101158
0.088562
0.085367
0.089831
0.086077
0.096863
0.103734
0.099007
0.077964
0.095216
0.122119
0.107638
0.096504
0.083470
0.077194
0.085131
0.086261
0.092379
0.084590
0.088781
0.095281
0.096684
0.095339
0.082611
0.094617
0.083599
0.072025
0.080449
0.082950
0.091832
0.071385
0.078657
0.095058
0.101966
0.088652
0.101160
0.097940
0.097218
0.087772
0.094557
0.094045
0.077891
0.092888
0.104114
0.109862
0.107916
0.124776
0.085190
0.097943
0.071038
0.083962
0.071676
0.082164
0.082720
0.086407
0.103809
0.087445
0.087231
0.084001
0.086626
0.089379
0.069428
0.087003
0.098763
0.094063
0.077766
0.068538
0.078729
0.104784
0.075860
