0.097859
0.071670
0.071670
0.071670
0.071203
0.070258
0.069331
0.069487
0.069542
0.068346
0.068242
0.067747
0.070631
0.069559
0.069023
0.069336
0.066977
0.067044
0.065657
0.065963
0.065843
0.062607
0.060222
0.063395
0.063899
0.063531
0.060522
0.065065
0.067096
0.062406
0.064169
0.058945
0.063119
0.057670
0.063781
0.063335
0.056331
0.061558
0.055772
0.058986
0.059146
0.055390
0.056156
0.052985
0.055973
0.050963
0.051277
0.052978
0.051969
0.050417
0.048994
0.049656
0.049896
0.045880
0.046705
0.046426
0.041244
0.047312
0.045374
0.041863
0.042343
0.044668
0.041890
0.042398
0.039026
0.041444
0.041823
0.048042
0.052224
0.053527
0.045760
0.046554
0.046617
0.040758
0.039847
0.037625
0.040406
0.036915
0.038899
0.035735
0.035839
0.035761
0.032232
0.036594
0.033479
0.033638
0.032127
0.032229
0.033888
0.035556
0.029012
0.027114
0.033505
0.030679
0.033483
0.028852
0.029559
0.026558
0.032304
0.038528
0.026755
0.032919
0.029251
0.027505
0.029414
0.030709
0.041497
0.032143
0.038366
0.031710
0.050929
0.028314
0.031613
0.028915
0.029009
0.027158
0.019612
0.026592
0.030771
0.020477
0.030324
0.026546
0.028039
0.023193
0.024590
0.028403
0.017023
0.020518
0.025823
0.026697
0.016106
0.023178
0.017570
0.018033
0.018156
0.016273
0.017663
0.012647
0.013130
0.016037
0.011708
0.007793
0.011284
0.010290
0.009065
0.008138
0.007396
0.005624
0.009839
0.014240
