0.273491
0.169197
0.149748
0.110084
0.091296
0.096756
0.094389
0.083415
0.076742
0.074202
0.070858
0.063593
0.070951
0.069521
0.066277
0.072531
0.061514
0.060749
0.060335
0.068020
0.063271
0.060235
0.058861
0.057327
0.065434
0.058071
0.051877
0.048610
0.041499
0.042980
0.041747
0.044926
0.042880
0.043706
0.039890
0.040950
0.036521
0.042586
0.038283
0.032993
0.030644
0.041492
0.026158
0.035318
0.031564
0.027879
0.027928
0.020533
0.024784
0.026135
0.023141
0.017909
0.020077
0.026790
0.020560
0.029064
0.021196
0.017514
0.024617
0.020387
0.024216
0.019474
0.014388
0.014473
0.010335
0.016629
0.011804
0.014667
0.009933
0.012978
0.009995
0.015435
0.008653
0.008520
0.005243
0.011062
0.007564
0.007318
0.007644
0.006672
0.010028
0.008501
0.003971
0.006464
0.006140
0.006246
0.004174
0.003996
0.005338
0.008284
0.007494
0.004666
0.004750
0.004143
0.004719
0.003399
0.012006
0.005429
0.004687
0.003592
0.005337
0.005382
0.004220
0.003018
0.005666
0.003222
0.006114
0.004247
0.007070
0.003974
0.003287
0.002809
0.002327
0.003709
0.001221
0.003065
0.004908
0.002125
0.002545
0.002649
0.002051
0.002590
0.009132
0.003516
0.008156
0.016056
0.031770
0.029473
0.004173
0.010987
0.010251
0.006594
0.009764
0.015433
0.002753
0.021153
0.010561
0.015165
0.008483
0.008136
0.004453
0.013584
0.005795
0.022671
0.010351
0.017183
0.023374
0.008421
0.004947
0.025629
