0.110197
0.076159
0.069111
0.068542
0.070724
0.064511
0.059710
0.056067
0.058452
0.055176
0.052840
0.054602
0.051645
0.050707
0.054371
0.049510
0.048114
0.050570
0.049070
0.047541
0.045814
0.045246
0.046451
0.046697
0.045323
0.045077
0.043974
0.047014
0.044632
0.043175
0.047332
0.041977
0.043715
0.043079
0.042191
0.045058
0.041113
0.043716
0.037924
0.042447
0.042509
0.042971
0.038023
0.041597
0.040577
0.043150
0.039121
0.038879
0.036742
0.038997
0.038828
0.036164
0.035561
0.040940
0.038148
0.032860
0.038803
0.039675
0.039141
0.037233
0.039704
0.038141
0.032807
0.037325
0.033940
0.034802
0.030714
0.033957
0.030088
0.033857
0.034137
0.031510
0.030661
0.029389
0.024093
0.029935
0.028205
0.033781
0.029842
0.034204
0.031819
0.034563
0.030460
0.029483
0.034069
0.030862
0.032340
0.027293
0.031607
0.032617
0.034418
0.028484
0.028614
0.029529
0.028246
0.026466
0.027113
0.025683
0.027300
0.026679
0.028559
0.027287
0.023366
0.026050
0.026296
0.023548
0.028175
0.024555
0.023690
0.021431
0.025154
0.023226
0.026635
0.023278
0.021748
0.021710
0.023210
0.024900
0.026219
0.025021
0.026789
0.024279
0.014760
0.013967
0.016752
0.016178
0.017324
0.017008
0.015604
0.016358
0.013035
0.013583
0.020090
0.021512
0.013790
0.022350
0.013888
0.014888
0.020066
0.013899
0.012670
0.013647
0.010342
0.008612
0.013619
0.009940
0.012270
0.009913
0.013229
0.014606
