0.089509
0.074122
0.065803
0.066412
0.065132
0.065511
0.067833
0.065738
0.065275
0.066184
0.065566
0.064823
0.066239
0.061978
0.062825
0.062374
0.063727
0.062498
0.062525
0.062577
0.066304
0.060326
0.060789
0.061109
0.058756
0.060434
0.058160
0.062445
0.060790
0.064042
0.058437
0.056548
0.057256
0.061616
0.053733
0.060767
0.056824
0.055073
0.055310
0.052459
0.054382
0.055296
0.055744
0.055466
0.051459
0.059778
0.055379
0.052987
0.054789
0.056426
0.053634
0.057740
0.052799
0.055966
0.055039
0.047861
0.052452
0.046482
0.050495
0.046505
0.049962
0.051364
0.048407
0.051365
0.048249
0.044765
0.047396
0.045731
0.047462
0.046305
0.047779
0.041937
0.043520
0.043977
0.050543
0.042110
0.045431
0.040230
0.044674
0.043988
0.045467
0.044329
0.046771
0.043283
0.042264
0.041098
0.044998
0.039425
0.043509
0.038874
0.039402
0.037989
0.039691
0.038156
0.036497
0.036267
0.036650
0.039956
0.037692
0.038654
0.036271
0.036438
0.036778
0.038528
0.039788
0.035324
0.036472
0.036741
0.035768
0.038601
0.030030
0.033983
0.033497
0.031209
0.032150
0.028888
0.029554
0.026021
0.027035
0.025776
0.024416
0.024372
0.019924
0.021134
0.022131
0.020895
0.020168
0.020802
0.020673
0.022240
0.029956
0.027538
0.020871
0.027342
0.021857
0.027531
0.017049
0.025872
0.020285
0.025208
0.018077
0.026061
0.017085
0.015092
0.021723
0.017695
0.016814
0.018518
0.014725
0.022237
