0.398674
0.152486
0.074515
0.071628
0.071005
0.070759
0.069400
0.069082
0.068967
0.068585
0.067161
0.069047
0.068737
0.066804
0.066257
0.066341
0.063934
0.065117
0.063579
0.063679
0.062389
0.062806
0.060234
0.059519
0.061327
0.058781
0.059545
0.059850
0.058795
0.056734
0.057131
0.055867
0.054087
0.052042
0.052145
0.050851
0.051720
0.047550
0.046706
0.045696
0.047106
0.044568
0.043219
0.044185
0.042771
0.042850
0.041250
0.043225
0.041133
0.041410
0.039056
0.040111
0.040085
0.037208
0.040939
0.038860
0.039106
0.039743
0.039617
0.039491
0.040177
0.039903
0.035953
0.038407
0.035807
0.039003
0.038161
0.036329
0.037481
0.036763
0.036201
0.036331
0.039652
0.038423
0.033930
0.033746
0.036409
0.034920
0.036696
0.035874
0.036716
0.034687
0.034049
0.038781
0.036584
0.035273
0.037252
0.034697
0.036836
0.035275
0.034085
0.033331
0.028562
0.028334
0.030987
0.030345
0.032410
0.029819
0.025179
0.030296
0.028203
0.027932
0.023425
0.014690
0.025707
0.019603
0.013640
0.014850
0.017174
0.015216
0.017425
0.017362
0.012802
0.015349
0.013470
0.017802
0.015408
0.013033
0.013544
0.010479
0.013693
0.012815
0.011831
0.012182
0.014335
0.011937
0.013546
0.011837
0.010752
0.012263
0.012026
0.010092
0.012210
0.011395
0.012950
0.011763
0.011789
0.011976
0.011618
0.012408
0.012924
0.012116
0.011827
0.011617
0.012946
0.013184
0.012660
0.015044
0.012721
0.012307
