0.124242
0.072147
0.067877
0.067409
0.067920
0.067628
0.055955
0.060158
0.058958
0.058066
0.059320
0.055650
0.054537
0.058497
0.055181
0.056875
0.053287
0.054008
0.051947
0.052476
0.053097
0.049922
0.054085
0.049429
0.050111
0.048977
0.049588
0.046870
0.044506
0.042606
0.045644
0.042486
0.045624
0.042914
0.043404
0.044817
0.040574
0.038411
0.038187
0.036932
0.038642
0.041303
0.037349
0.038090
0.037610
0.038724
0.038504
0.038222
0.038639
0.041374
0.035502
0.035712
0.036958
0.034916
0.038524
0.040397
0.038066
0.037778
0.039465
0.035646
0.033369
0.034986
0.035803
0.029833
0.027792
0.031038
0.032774
0.029455
0.031245
0.026558
0.029269
0.029825
0.027315
0.027563
0.027179
0.027888
0.028382
0.029391
0.029338
0.026929
0.025932
0.025272
0.024340
0.026137
0.025315
0.026060
0.027177
0.027034
0.025687
0.025162
0.025108
0.026416
0.025215
0.023579
0.023411
0.028182
0.024455
0.023590
0.022438
0.024101
0.025141
0.026637
0.026314
0.025126
0.025636
0.024200
0.025235
0.026042
0.024272
0.024293
0.025015
0.025894
0.026180
0.025140
0.024874
0.026545
0.023188
0.024423
0.026115
0.023748
0.024925
0.025945
0.024066
0.023133
0.025458
0.026417
0.024186
0.025533
0.025750
0.022086
0.025352
0.025117
0.025240
0.023528
0.023420
0.024471
0.021199
0.025987
0.024979
0.024136
0.023150
0.026000
0.024049
0.023905
0.026019
0.024784
0.023782
0.024108
0.022471
0.027578
