0.092285
0.072959
0.072781
0.071670
0.071670
0.071670
0.071670
0.071670
0.072108
0.072023
0.069936
0.071188
0.069448
0.066675
0.066527
0.068872
0.066794
0.066447
0.066842
0.067742
0.068784
0.065869
0.066687
0.067364
0.067317
0.063576
0.069214
0.068373
0.069589
0.067507
0.065527
0.064748
0.064181
0.067077
0.068584
0.067197
0.066381
0.063829
0.063391
0.068061
0.061607
0.061223
0.060720
0.058821
0.066095
0.062001
0.059807
0.060652
0.059515
0.058479
0.061111
0.059579
0.060247
0.061655
0.060406
0.064000
0.061160
0.064005
0.065421
0.057947
0.063946
0.063724
0.060933
0.060403
0.063906
0.058252
0.056635
0.060554
0.060265
0.062297
0.055258
0.057483
0.058303
0.055670
0.054312
0.055763
0.060624
0.051301
0.059453
0.053292
0.055685
0.066511
0.056798
0.056470
0.054088
0.052400
0.048240
0.043949
0.047232
0.049359
0.045484
0.046915
0.041970
0.045750
0.044891
0.045959
0.050898
0.038097
0.043936
0.040214
0.040870
0.049922
0.042907
0.038066
0.043559
0.044607
0.038140
0.039838
0.038495
0.039677
0.034617
0.039432
0.033582
0.033232
0.034308
0.032736
0.037424
0.038876
0.032849
0.032027
0.027493
0.029370
0.027381
0.030979
0.025327
0.029659
0.028238
0.030856
0.029516
0.042599
0.027595
0.031130
0.029739
0.031897
0.033280
0.032037
0.041486
0.031729
0.034638
0.036356
0.038816
0.035173
0.047306
0.027613
0.047804
0.034653
0.041321
0.030101
0.036938
0.032130
