0.080993
0.071191
0.071410
0.069834
0.066776
0.066897
0.061884
0.064422
0.063186
0.061836
0.063681
0.061943
0.060971
0.056542
0.059347
0.061010
0.062185
0.057599
0.058498
0.059966
0.057860
0.054344
0.051871
0.057091
0.052188
0.048404
0.052384
0.048380
0.049006
0.049819
0.044881
0.046733
0.045427
0.045955
0.040312
0.040673
0.040299
0.040749
0.036884
0.037786
0.038379
0.036000
0.032328
0.034733
0.034543
0.032534
0.031937
0.034440
0.029602
0.030277
0.031384
0.030374
0.027546
0.026842
0.026231
0.028178
0.026814
0.023910
0.024017
0.020162
0.022215
0.019938
0.020780
0.020144
0.018410
0.013315
0.016802
0.011126
0.013450
0.012465
0.010923
0.014821
0.010284
0.007568
0.010048
0.015745
0.009068
0.011501
0.011027
0.009063
0.006155
0.007050
0.006089
0.003408
0.005033
0.004903
0.002879
0.002892
0.001598
0.002085
0.002375
0.003026
0.001594
0.001065
0.000662
0.002038
0.000865
0.000614
0.002717
0.000901
0.002293
0.000679
0.000741
0.000901
0.001453
0.000939
0.000280
0.000485
0.000539
0.000619
0.000430
0.000368
0.000243
0.000795
0.000521
0.000283
0.000461
0.000317
0.000246
0.000183
0.000319
0.000237
0.000253
0.000157
0.000213
0.000156
0.000633
0.000327
0.000624
0.000763
0.000987
0.000180
0.000167
0.000421
0.000704
0.000128
0.000207
0.000072
0.000139
0.000096
0.000194
0.000222
0.000138
0.000063
0.000115
0.000100
0.000104
0.000120
0.000054
0.000084
