0.109397
0.084500
0.072571
0.067248
0.066272
0.065674
0.064836
0.063867
0.059920
0.062797
0.062378
0.062208
0.056140
0.060217
0.057364
0.055877
0.055621
0.052478
0.049905
0.047260
0.053854
0.053133
0.048966
0.047992
0.048249
0.047683
0.044970
0.043134
0.044474
0.042531
0.041003
0.038307
0.041505
0.038284
0.034692
0.039620
0.034287
0.033149
0.032152
0.029243
0.030216
0.032834
0.030260
0.024905
0.029720
0.024420
0.023708
0.028270
0.023123
0.025612
0.024168
0.025869
0.019986
0.021164
0.021891
0.019653
0.018977
0.022906
0.016461
0.014684
0.014505
0.015017
0.013197
0.016450
0.012509
0.015075
0.015402
0.016080
0.011340
0.010268
0.013201
0.008610
0.013254
0.008461
0.010850
0.004625
0.014811
0.008085
0.006500
0.006688
0.005242
0.011152
0.007174
0.011128
0.007419
0.004479
0.005932
0.003765
0.007019
0.003762
0.005032
0.003289
0.006530
0.010670
0.004661
0.004027
0.003083
0.002662
0.003166
0.003774
0.002269
0.003170
0.001202
0.002687
0.001698
0.001500
0.005865
0.000564
0.000867
0.001800
0.001434
0.001444
0.000712
0.001804
0.000538
0.000351
0.000410
0.000730
0.001981
0.000547
0.000334
0.000655
0.000526
0.000381
0.000899
0.000355
0.000502
0.000313
0.000156
0.000276
0.000188
0.000309
0.000164
0.000186
0.000155
0.000152
0.000287
0.000148
0.000393
0.000187
0.000214
0.000144
0.000231
0.000101
0.000166
0.000195
0.000186
0.000102
0.000113
0.000152
