0.271084
0.289157
0.343373
0.355422
0.397590
0.433735
0.445783
0.475904
0.487952
0.427711
0.554217
0.542169
0.620482
0.620482
0.638554
0.632530
0.716867
0.740964
0.753012
0.753012
0.765060
0.765060
0.783133
0.783133
0.783133
0.819277
0.837349
0.831325
0.849398
0.879518
0.831325
0.927711
0.921687
0.939759
0.933735
0.879518
0.927711
0.927711
0.933735
0.951807
0.957831
0.951807
0.939759
0.939759
0.957831
0.945783
0.951807
0.951807
0.957831
0.951807
0.957831
0.963855
0.975904
0.963855
0.957831
0.963855
0.951807
0.951807
0.957831
0.957831
0.963855
0.969880
0.963855
0.963855
0.963855
0.963855
0.969880
0.975904
0.969880
0.975904
0.969880
0.963855
0.963855
0.981928
0.975904
0.969880
0.969880
0.981928
0.969880
0.975904
0.969880
0.975904
0.963855
0.969880
0.969880
0.969880
0.987952
0.981928
0.987952
0.969880
0.981928
0.987952
0.975904
0.969880
0.981928
0.981928
0.981928
0.981928
0.987952
0.981928
0.987952
0.981928
0.981928
0.975904
0.963855
0.981928
0.963855
0.981928
0.981928
0.975904
0.981928
0.987952
0.987952
0.987952
0.981928
0.981928
0.987952
0.981928
0.987952
0.969880
0.987952
0.975904
0.975904
0.975904
0.969880
0.981928
0.981928
0.969880
0.975904
0.987952
0.975904
0.981928
0.975904
0.981928
0.981928
0.975904
0.975904
0.963855
0.969880
0.969880
0.981928
0.969880
0.963855
0.963855
0.981928
0.981928
0.987952
0.987952
0.987952
0.987952
