0.060412
0.054462
0.054713
0.055054
0.050543
0.050402
0.052375
0.049875
0.048878
0.047514
0.041545
0.043421
0.038231
0.037651
0.037368
0.038408
0.034409
0.032237
0.029765
0.031467
0.030428
0.031715
0.028783
0.026774
0.028460
0.027800
0.026119
0.023511
0.024319
0.022910
0.020981
0.018289
0.019826
0.016372
0.014607
0.010193
0.008988
0.007420
0.006048
0.006504
0.005492
0.005639
0.005482
0.005646
0.005176
0.005696
0.008269
0.005245
0.004210
0.005352
0.004209
0.004024
0.004233
0.004062
0.003701
0.003229
0.003306
0.003950
0.003589
0.004105
0.003172
0.002877
0.003115
0.003439
0.005868
0.005759
0.003219
0.002617
0.004474
0.002760
0.002911
0.002980
0.002774
0.002678
0.003095
0.003083
0.002761
0.002385
0.002773
0.002516
0.003747
0.002769
0.002908
0.002580
0.002398
0.002354
0.002124
0.004233
0.002126
0.003187
0.002197
0.003156
0.002338
0.002808
0.002127
0.002853
0.002461
0.002122
0.001842
0.002070
0.002233
0.001964
0.002141
0.002225
0.004248
0.002032
0.002992
0.001769
0.002136
0.002900
0.002478
0.001928
0.002331
0.001712
0.001910
0.001692
0.001873
0.002602
0.001636
0.004261
0.001704
0.002474
0.002913
0.003336
0.003568
0.002797
0.002170
0.002517
0.002848
0.001673
0.002846
0.002362
0.002494
0.002003
0.001857
0.005033
0.002715
0.003082
0.003436
0.005234
0.002400
0.002572
0.001959
0.002399
0.002087
0.003126
0.001669
0.001789
0.001666
0.001551
