0.075064
0.072204
0.071950
0.071670
0.070547
0.068944
0.069022
0.068629
0.065886
0.066117
0.067247
0.067944
0.065994
0.065986
0.063996
0.063180
0.062040
0.059515
0.061682
0.061395
0.058260
0.057466
0.062499
0.057970
0.054883
0.054629
0.050899
0.047716
0.051240
0.048640
0.051385
0.046776
0.043614
0.045806
0.044673
0.041659
0.045110
0.041983
0.041558
0.037075
0.042499
0.037784
0.038491
0.036575
0.038015
0.038312
0.035852
0.030159
0.026797
0.028307
0.026486
0.026437
0.027275
0.026042
0.024633
0.023125
0.021863
0.023227
0.021095
0.019715
0.019389
0.017498
0.016001
0.019680
0.016371
0.020472
0.017894
0.019335
0.016646
0.013228
0.014248
0.012555
0.013090
0.013268
0.011636
0.012810
0.010560
0.009395
0.011806
0.011144
0.011960
0.008906
0.009617
0.008771
0.008706
0.009305
0.008369
0.007803
0.009023
0.006915
0.006368
0.005628
0.005384
0.009030
0.004742
0.006052
0.006670
0.004968
0.005301
0.010509
0.009149
0.006051
0.004911
0.004463
0.005261
0.005987
0.004077
0.004640
0.006539
0.003944
0.003894
0.005099
0.004297
0.005474
0.004210
0.007370
0.003704
0.007919
0.009477
0.002884
0.004988
0.004418
0.006006
0.002860
0.005700
0.003016
0.002538
0.002221
0.003162
0.002670
0.002633
0.004030
0.003180
0.002483
0.002416
0.002649
0.002712
0.002135
0.003127
0.002392
0.003450
0.002190
0.001907
0.002432
0.003026
0.001898
0.001915
0.001836
0.002594
0.002063
