0.072686
0.067963
0.067735
0.065449
0.063868
0.063890
0.064017
0.065077
0.062326
0.060691
0.062683
0.058370
0.060099
0.055417
0.058775
0.055775
0.055480
0.056074
0.051304
0.054293
0.052133
0.050486
0.048959
0.051062
0.049743
0.046142
0.045393
0.046114
0.045335
0.044149
0.042001
0.043433
0.042964
0.043030
0.039533
0.039166
0.038710
0.035549
0.036164
0.032837
0.032214
0.034090
0.032854
0.031764
0.029271
0.028446
0.027843
0.025460
0.027685
0.027462
0.022298
0.022698
0.023525
0.020765
0.021445
0.018507
0.017410
0.014621
0.014071
0.013289
0.011676
0.013028
0.010874
0.012435
0.011321
0.011359
0.010214
0.007104
0.006837
0.007870
0.010414
0.007663
0.009086
0.010314
0.007489
0.007192
0.009912
0.007924
0.006059
0.005341
0.005642
0.005141
0.005365
0.004227
0.004172
0.004300
0.004800
0.005127
0.003391
0.004165
0.004224
0.003401
0.004392
0.003692
0.004319
0.003583
0.003830
0.003986
0.003313
0.003642
0.002932
0.003556
0.003396
0.003269
0.002521
0.003069
0.002538
0.002533
0.002470
0.002602
0.003030
0.002602
0.002356
0.002181
0.002857
0.002246
0.002152
0.002160
0.002423
0.002561
0.002133
0.002760
0.003259
0.002562
0.002104
0.002138
0.002494
0.001664
0.002372
0.001930
0.001740
0.001593
0.001642
0.001493
0.001586
0.001495
0.001450
0.001489
0.001492
0.001445
0.002087
0.001349
0.001274
0.001340
0.001259
0.001174
0.001219
0.001195
0.001370
0.001106
