0.221130
0.121589
0.074472
0.066995
0.067754
0.067441
0.067640
0.067047
0.066424
0.068853
0.068170
0.067123
0.066932
0.062243
0.065677
0.063910
0.063704
0.063990
0.062896
0.061891
0.064613
0.064129
0.060375
0.062139
0.062501
0.060710
0.059341
0.063088
0.059032
0.063731
0.058927
0.062198
0.059878
0.059519
0.055715
0.060973
0.056406
0.063240
0.057148
0.060252
0.059459
0.059467
0.056839
0.057523
0.057023
0.056972
0.056164
0.057844
0.058080
0.056420
0.058166
0.056830
0.052869
0.055818
0.055693
0.057404
0.056871
0.052119
0.051520
0.056154
0.052464
0.051920
0.051633
0.055098
0.051963
0.049391
0.050528
0.050336
0.052169
0.052720
0.051453
0.050906
0.050927
0.049296
0.050049
0.044835
0.047307
0.046853
0.048904
0.048984
0.049782
0.048140
0.050905
0.045797
0.049053
0.045761
0.043676
0.049964
0.041294
0.043432
0.046986
0.045956
0.049025
0.041548
0.042554
0.044778
0.043119
0.040771
0.042084
0.040907
0.037056
0.039855
0.040889
0.039201
0.037975
0.040901
0.042717
0.038615
0.040238
0.039699
0.043426
0.038426
0.044555
0.040927
0.046177
0.044217
0.039165
0.039564
0.038219
0.040026
0.041110
0.033671
0.035784
0.035786
0.034578
0.037999
0.036950
0.031068
0.034382
0.031085
0.034521
0.026944
0.028122
0.032556
0.032789
0.032579
0.031074
0.032907
0.031074
0.031398
0.036607
0.043789
0.033413
0.037505
0.036208
0.037026
0.040130
0.036037
0.033013
0.031246
