0.107369
0.072639
0.059721
0.061905
0.064305
0.060543
0.062182
0.062454
0.060261
0.061575
0.062761
0.060153
0.062374
0.060176
0.060237
0.059853
0.060782
0.060906
0.058731
0.060603
0.061853
0.060671
0.057995
0.058399
0.056043
0.052686
0.050568
0.055838
0.050991
0.051564
0.050376
0.051248
0.049532
0.051709
0.049429
0.049402
0.054015
0.050618
0.052551
0.053987
0.045923
0.046448
0.049699
0.055448
0.048894
0.049884
0.048545
0.050795
0.049299
0.048256
0.049765
0.047821
0.047625
0.047874
0.049620
0.049290
0.045567
0.049719
0.048687
0.046623
0.040978
0.040999
0.048575
0.041163
0.042146
0.044627
0.039210
0.042873
0.046455
0.042812
0.039725
0.035849
0.044723
0.050341
0.042499
0.039143
0.059779
0.041121
0.046378
0.048733
0.043403
0.039172
0.037035
0.041278
0.041336
0.035182
0.040164
0.037336
0.036051
0.040088
0.033820
0.038656
0.040562
0.036168
0.039515
0.038620
0.033645
0.032886
0.037236
0.040367
0.029678
0.034908
0.042980
0.035782
0.036967
0.032975
0.032442
0.030232
0.032957
0.026183
0.035081
0.031268
0.029479
0.029646
0.031218
0.043727
0.031993
0.034317
0.038594
0.032273
0.033147
0.031537
0.029858
0.033391
0.026902
0.036264
0.033184
0.028317
0.038978
0.036105
0.037829
0.032624
0.027050
0.033773
0.033601
0.027966
0.040111
0.031116
0.032439
0.032103
0.027542
0.033226
0.031985
0.026507
0.031112
0.031986
0.030536
0.035174
0.028901
0.036993
