0.267500
0.372500
0.435000
0.485000
0.505000
0.505000
0.517500
0.515000
0.540000
0.587500
0.600000
0.597500
0.600000
0.612500
0.627500
0.637500
0.652500
0.662500
0.635000
0.645000
0.672500
0.650000
0.687500
0.640000
0.682500
0.672500
0.660000
0.665000
0.685000
0.682500
0.695000
0.690000
0.702500
0.680000
0.687500
0.692500
0.690000
0.690000
0.690000
0.695000
0.692500
0.697500
0.690000
0.692500
0.690000
0.695000
0.700000
0.685000
0.695000
0.695000
0.707500
0.700000
0.705000
0.705000
0.692500
0.697500
0.695000
0.690000
0.700000
0.700000
0.695000
0.700000
0.700000
0.700000
0.687500
0.702500
0.685000
0.680000
0.660000
0.695000
0.692500
0.687500
0.695000
0.692500
0.702500
0.702500
0.690000
0.687500
0.670000
0.705000
0.705000
0.687500
0.700000
0.705000
0.682500
0.702500
0.705000
0.710000
0.707500
0.707500
0.707500
0.707500
0.707500
0.702500
0.712500
0.707500
0.705000
0.705000
0.710000
0.707500
0.705000
0.710000
0.710000
0.712500
0.712500
0.707500
0.710000
0.700000
0.712500
0.715000
0.707500
0.712500
0.710000
0.712500
0.697500
0.705000
0.680000
0.692500
0.685000
0.685000
0.685000
0.685000
0.690000
0.707500
0.710000
0.705000
0.710000
0.695000
0.702500
0.707500
0.702500
0.712500
0.705000
0.705000
0.710000
0.705000
0.710000
0.705000
0.705000
0.705000
0.702500
0.715000
0.700000
0.707500
0.707500
0.710000
0.712500
0.695000
0.702500
0.702500
