0.210000
0.342500
0.567500
0.580000
0.592500
0.642500
0.642500
0.635000
0.640000
0.672500
0.682500
0.690000
0.725000
0.705000
0.692500
0.705000
0.727500
0.730000
0.740000
0.727500
0.725000
0.727500
0.735000
0.732500
0.747500
0.732500
0.737500
0.737500
0.732500
0.745000
0.730000
0.747500
0.742500
0.725000
0.725000
0.740000
0.745000
0.742500
0.747500
0.750000
0.745000
0.752500
0.752500
0.737500
0.745000
0.770000
0.765000
0.780000
0.760000
0.765000
0.785000
0.752500
0.772500
0.770000
0.765000
0.760000
0.760000
0.752500
0.760000
0.755000
0.785000
0.790000
0.782500
0.770000
0.792500
0.785000
0.815000
0.785000
0.795000
0.807500
0.800000
0.795000
0.795000
0.792500
0.787500
0.810000
0.830000
0.800000
0.790000
0.787500
0.785000
0.780000
0.802500
0.795000
0.782500
0.772500
0.780000
0.762500
0.772500
0.775000
0.780000
0.790000
0.790000
0.790000
0.777500
0.775000
0.792500
0.785000
0.782500
0.795000
0.782500
0.792500
0.787500
0.807500
0.790000
0.797500
0.795000
0.815000
0.807500
0.815000
0.815000
0.810000
0.790000
0.750000
0.790000
0.765000
0.815000
0.792500
0.817500
0.815000
0.800000
0.795000
0.772500
0.777500
0.780000
0.782500
0.772500
0.775000
0.807500
0.770000
0.787500
0.800000
0.820000
0.795000
0.810000
0.802500
0.815000
0.772500
0.770000
0.772500
0.762500
0.772500
0.755000
0.772500
0.780000
0.777500
0.770000
0.787500
0.782500
0.772500
