0.320000
0.395000
0.455000
0.475000
0.455000
0.517500
0.540000
0.540000
0.555000
0.565000
0.580000
0.595000
0.615000
0.595000
0.612500
0.605000
0.612500
0.595000
0.605000
0.607500
0.617500
0.660000
0.635000
0.632500
0.637500
0.635000
0.637500
0.630000
0.637500
0.645000
0.667500
0.610000
0.652500
0.655000
0.672500
0.652500
0.697500
0.667500
0.705000
0.675000
0.665000
0.695000
0.670000
0.660000
0.662500
0.650000
0.685000
0.680000
0.677500
0.700000
0.692500
0.662500
0.715000
0.732500
0.745000
0.695000
0.700000
0.720000
0.725000
0.730000
0.722500
0.742500
0.687500
0.750000
0.725000
0.752500
0.765000
0.735000
0.730000
0.755000
0.747500
0.760000
0.772500
0.752500
0.757500
0.750000
0.752500
0.757500
0.755000
0.767500
0.705000
0.727500
0.715000
0.730000
0.735000
0.730000
0.742500
0.760000
0.737500
0.785000
0.740000
0.782500
0.787500
0.780000
0.765000
0.787500
0.790000
0.777500
0.775000
0.762500
0.762500
0.782500
0.785000
0.782500
0.785000
0.787500
0.760000
0.782500
0.785000
0.772500
0.770000
0.847500
0.867500
0.925000
0.927500
0.950000
0.942500
0.925000
0.912500
0.935000
0.945000
0.950000
0.930000
0.932500
0.915000
0.922500
0.937500
0.945000
0.942500
0.927500
0.945000
0.955000
0.955000
0.957500
0.960000
0.962500
0.960000
0.970000
0.952500
0.962500
0.935000
0.945000
0.955000
0.962500
0.962500
0.957500
0.962500
0.960000
0.950000
0.935000
