0.277500
0.430000
0.535000
0.542500
0.580000
0.627500
0.655000
0.647500
0.722500
0.677500
0.720000
0.695000
0.705000
0.737500
0.737500
0.742500
0.752500
0.752500
0.765000
0.772500
0.772500
0.782500
0.767500
0.767500
0.790000
0.812500
0.832500
0.795000
0.777500
0.785000
0.802500
0.802500
0.785000
0.827500
0.797500
0.807500
0.845000
0.825000
0.830000
0.830000
0.845000
0.887500
0.877500
0.852500
0.847500
0.865000
0.862500
0.835000
0.822500
0.822500
0.850000
0.835000
0.845000
0.850000
0.847500
0.832500
0.845000
0.857500
0.825000
0.840000
0.860000
0.865000
0.862500
0.885000
0.887500
0.885000
0.892500
0.850000
0.905000
0.867500
0.882500
0.917500
0.905000
0.905000
0.897500
0.897500
0.892500
0.905000
0.902500
0.910000
0.910000
0.912500
0.897500
0.932500
0.922500
0.922500
0.930000
0.927500
0.895000
0.927500
0.925000
0.915000
0.920000
0.920000
0.927500
0.925000
0.920000
0.925000
0.922500
0.945000
0.940000
0.950000
0.950000
0.942500
0.940000
0.942500
0.925000
0.945000
0.947500
0.955000
0.957500
0.942500
0.950000
0.950000
0.942500
0.945000
0.960000
0.970000
0.937500
0.945000
0.900000
0.945000
0.940000
0.902500
0.940000
0.910000
0.945000
0.890000
0.867500
0.885000
0.930000
0.902500
0.910000
0.910000
0.932500
0.917500
0.882500
0.827500
0.850000
0.840000
0.822500
0.872500
0.840000
0.830000
0.845000
0.797500
0.832500
0.842500
0.830000
0.842500
