0.365000
0.540000
0.475000
0.590000
0.610000
0.650000
0.660000
0.655000
0.725000
0.720000
0.727500
0.692500
0.735000
0.730000
0.740000
0.747500
0.765000
0.757500
0.760000
0.767500
0.762500
0.775000
0.770000
0.777500
0.782500
0.780000
0.765000
0.777500
0.777500
0.800000
0.787500
0.787500
0.817500
0.775000
0.790000
0.822500
0.802500
0.855000
0.800000
0.812500
0.827500
0.845000
0.815000
0.815000
0.840000
0.870000
0.862500
0.850000
0.827500
0.832500
0.870000
0.902500
0.877500
0.887500
0.845000
0.907500
0.850000
0.892500
0.865000
0.920000
0.882500
0.860000
0.907500
0.882500
0.920000
0.912500
0.907500
0.920000
0.915000
0.900000
0.882500
0.915000
0.912500
0.927500
0.925000
0.920000
0.920000
0.920000
0.925000
0.932500
0.940000
0.950000
0.922500
0.922500
0.925000
0.907500
0.915000
0.902500
0.937500
0.927500
0.920000
0.917500
0.915000
0.915000
0.920000
0.912500
0.917500
0.925000
0.920000
0.925000
0.927500
0.930000
0.930000
0.925000
0.922500
0.925000
0.930000
0.932500
0.930000
0.935000
0.927500
0.930000
0.922500
0.930000
0.930000
0.930000
0.935000
0.937500
0.920000
0.937500
0.932500
0.937500
0.930000
0.932500
0.932500
0.935000
0.932500
0.935000
0.937500
0.932500
0.935000
0.937500
0.937500
0.932500
0.935000
0.935000
0.922500
0.917500
0.935000
0.942500
0.940000
0.920000
0.920000
0.930000
0.930000
0.932500
0.932500
0.927500
0.925000
0.930000
