0.076710
0.071828
0.071670
0.071950
0.070757
0.071158
0.069239
0.071203
0.071670
0.068450
0.067685
0.067239
0.063917
0.062754
0.065011
0.064366
0.060933
0.060853
0.063715
0.064207
0.059618
0.060684
0.059853
0.059326
0.059336
0.057749
0.058223
0.055931
0.062305
0.057377
0.060834
0.055696
0.056024
0.056024
0.055343
0.058287
0.054490
0.052225
0.051475
0.046825
0.054785
0.052515
0.055310
0.050266
0.053619
0.048866
0.054092
0.050378
0.053052
0.050404
0.048057
0.050693
0.048287
0.046850
0.051359
0.049161
0.048679
0.051908
0.049726
0.051030
0.051981
0.046601
0.046003
0.048908
0.047547
0.045364
0.045777
0.047923
0.046919
0.042913
0.045918
0.047753
0.048780
0.046319
0.043043
0.046827
0.047514
0.043294
0.039080
0.046974
0.040271
0.043042
0.037604
0.040346
0.039717
0.041952
0.038502
0.038345
0.038692
0.040868
0.042643
0.039999
0.040061
0.038622
0.039957
0.036098
0.037534
0.031676
0.030320
0.038930
0.037072
0.038956
0.036676
0.033961
0.041116
0.032770
0.037835
0.035670
0.035607
0.032378
0.030174
0.033296
0.030731
0.032911
0.030307
0.028852
0.030747
0.026811
0.029802
0.026757
0.029432
0.029303
0.026074
0.024437
0.028149
0.030104
0.024822
0.026320
0.024471
0.023298
0.023470
0.025315
0.026324
0.033060
0.029101
0.025326
0.024532
0.033133
0.027158
0.031913
0.030338
0.025191
0.025396
0.029179
0.024911
0.027750
0.020749
0.032763
0.022929
0.039826
