0.071837
0.071828
0.068248
0.070341
0.069568
0.068050
0.063875
0.067168
0.066245
0.066356
0.064658
0.063602
0.063908
0.061639
0.061767
0.060490
0.059223
0.063339
0.056095
0.058960
0.058064
0.059743
0.053253
0.054538
0.058958
0.060420
0.052295
0.054260
0.055396
0.053385
0.052038
0.051983
0.050772
0.049792
0.051108
0.058907
0.048665
0.050799
0.048279
0.053891
0.047915
0.051497
0.047987
0.047843
0.049716
0.047450
0.045909
0.045205
0.041834
0.040237
0.042096
0.044902
0.043251
0.041831
0.044409
0.040092
0.035698
0.041154
0.037998
0.039885
0.040491
0.038741
0.037052
0.038298
0.033063
0.029960
0.033699
0.030330
0.032377
0.026890
0.031139
0.035924
0.030792
0.029465
0.031514
0.030845
0.026493
0.026216
0.022799
0.029935
0.025615
0.024220
0.028774
0.027807
0.024437
0.032359
0.025257
0.031887
0.028552
0.029949
0.029438
0.024518
0.026379
0.023590
0.030186
0.026975
0.025057
0.018694
0.025396
0.022810
0.026187
0.021023
0.022104
0.020682
0.023900
0.020222
0.024768
0.023638
0.019352
0.023990
0.017511
0.021351
0.023833
0.020433
0.017556
0.017711
0.015241
0.026159
0.014027
0.015520
0.011670
0.016949
0.011571
0.020373
0.015667
0.014833
0.017599
0.020973
0.013610
0.015871
0.011249
0.013238
0.010006
0.013089
0.010766
0.008494
0.015173
0.007970
0.012184
0.012333
0.010441
0.015362
0.009956
0.016812
0.010423
0.010271
0.012819
0.012097
0.013803
0.011911
