0.268620
0.225633
0.151300
0.103013
0.072352
0.072252
0.069813
0.069454
0.071443
0.066128
0.065268
0.064905
0.061794
0.061796
0.061163
0.059413
0.059691
0.056223
0.058722
0.054835
0.056189
0.053954
0.054062
0.053448
0.048932
0.050036
0.048123
0.051899
0.049901
0.050328
0.047353
0.044835
0.046033
0.045455
0.043350
0.043404
0.043040
0.041530
0.039050
0.042797
0.039836
0.042960
0.039366
0.036959
0.040313
0.034667
0.034409
0.035800
0.034513
0.033508
0.034362
0.031486
0.032513
0.028850
0.029207
0.025242
0.029123
0.028630
0.026515
0.028067
0.028776
0.030536
0.025292
0.026227
0.025401
0.026145
0.025200
0.022542
0.024263
0.026438
0.026843
0.022094
0.025035
0.021836
0.023879
0.020780
0.021618
0.025465
0.022370
0.021189
0.020227
0.022026
0.019619
0.020553
0.022141
0.021255
0.017586
0.018650
0.020036
0.018293
0.021863
0.020262
0.020557
0.020855
0.017731
0.019842
0.020940
0.021513
0.021963
0.020169
0.021037
0.018281
0.020229
0.016330
0.017623
0.016987
0.017131
0.016914
0.018964
0.016244
0.016506
0.014030
0.016640
0.016384
0.015228
0.015351
0.015277
0.014807
0.016651
0.013271
0.014566
0.015990
0.015025
0.016156
0.014346
0.014925
0.014560
0.013867
0.012121
0.009591
0.010959
0.009149
0.006798
0.008593
0.011848
0.008300
0.006591
0.006243
0.006016
0.004621
0.004048
0.004698
0.003572
0.003284
0.003442
0.003241
0.003144
0.002448
0.003063
0.002028
