0.321830
0.084771
0.077171
0.073389
0.070727
0.070917
0.070705
0.071088
0.070602
0.071339
0.075081
0.069281
0.070339
0.067789
0.067164
0.065433
0.068375
0.067034
0.068304
0.064115
0.065200
0.064788
0.063861
0.062948
0.061907
0.055887
0.057637
0.061953
0.057834
0.055257
0.060428
0.062279
0.060502
0.060484
0.059552
0.058402
0.064036
0.057458
0.061188
0.054512
0.058235
0.054208
0.055436
0.053668
0.053873
0.050915
0.053450
0.050995
0.055669
0.056526
0.052046
0.054774
0.049142
0.053179
0.053533
0.052167
0.051144
0.052123
0.053927
0.048077
0.045608
0.047782
0.049039
0.044329
0.044828
0.046906
0.044991
0.045079
0.048264
0.048029
0.046666
0.039681
0.045398
0.041331
0.039216
0.038916
0.043931
0.040669
0.040368
0.042125
0.045051
0.042805
0.041853
0.042550
0.043395
0.042685
0.045006
0.040519
0.044725
0.043146
0.039915
0.043568
0.038274
0.042092
0.039853
0.039456
0.038471
0.035626
0.035647
0.038579
0.037077
0.035737
0.036002
0.035531
0.031797
0.034526
0.033305
0.038191
0.033933
0.033030
0.039024
0.028464
0.031122
0.028421
0.028390
0.028904
0.029015
0.026455
0.030592
0.023163
0.022678
0.022898
0.018561
0.017619
0.018669
0.017938
0.019458
0.017891
0.019784
0.016625
0.019414
0.016182
0.016038
0.016516
0.013349
0.016079
0.013762
0.013868
0.013951
0.011290
0.011746
0.011067
0.010393
0.010671
0.007970
0.008933
0.008676
0.008949
0.008986
0.007811
