0.087455
0.071828
0.071670
0.071670
0.071670
0.071670
0.071670
0.071670
0.071670
0.071670
0.071670
0.071670
0.071670
0.071670
0.071670
0.071670
0.071670
0.071670
0.071670
0.071670
0.071670
0.071670
0.071670
0.071670
0.071670
0.068241
0.063415
0.062467
0.067440
0.062034
0.063218
0.064095
0.063942
0.059984
0.061632
0.063309
0.063008
0.061388
0.063616
0.063616
0.063494
0.061791
0.063188
0.064649
0.062907
0.061594
0.063966
0.062155
0.061260
0.062638
0.060792
0.061885
0.060750
0.062881
0.061059
0.057103
0.060946
0.059477
0.058859
0.058837
0.060103
0.060743
0.060792
0.062565
0.063362
0.061781
0.062411
0.063286
0.059715
0.061898
0.062201
0.062512
0.060511
0.060820
0.058130
0.057756
0.056427
0.056219
0.056717
0.062706
0.058764
0.057950
0.059414
0.058850
0.058216
0.059851
0.057793
0.059669
0.060446
0.060904
0.062374
0.059567
0.060026
0.060650
0.060019
0.060756
0.059101
0.059342
0.061718
0.060721
0.062681
0.057932
0.060614
0.062797
0.059624
0.059097
0.058327
0.060609
0.060256
0.059609
0.060058
0.059617
0.058449
0.059934
0.056551
0.059024
0.055899
0.057781
0.057277
0.060622
0.056998
0.058946
0.058502
0.058397
0.057956
0.054270
0.058772
0.057376
0.056949
0.053846
0.057616
0.056154
0.056520
0.054835
0.057098
0.057551
0.057673
0.055897
0.057075
0.059611
0.058467
0.057787
0.056929
0.056452
0.071001
0.060880
0.062071
0.065142
0.064063
0.063733
