0.203200
0.164569
0.088476
0.071610
0.072230
0.071670
0.071670
0.071670
0.071670
0.071670
0.071670
0.071670
0.071670
0.071670
0.071670
0.071670
0.071670
0.071670
0.071670
0.071670
0.071670
0.071670
0.071670
0.071670
0.071670
0.071670
0.071670
0.071670
0.071670
0.071670
0.071670
0.071670
0.071670
0.070839
0.071203
0.071203
0.070839
0.070874
0.070874
0.070874
0.070874
0.069927
0.070689
0.069927
0.069927
0.069927
0.069927
0.069927
0.069777
0.070605
0.069777
0.070605
0.070571
0.070571
0.070571
0.069693
0.067498
0.068717
0.067574
0.064780
0.063205
0.063636
0.063039
0.064518
0.062119
0.061899
0.062487
0.064239
0.060212
0.063165
0.060157
0.057928
0.059113
0.060576
0.056973
0.057774
0.057626
0.058902
0.058113
0.056617
0.057344
0.057368
0.056822
0.054592
0.053074
0.053028
0.052320
0.054147
0.052679
0.050389
0.053803
0.051113
0.049887
0.052661
0.050130
0.050206
0.050438
0.049726
0.049142
0.048468
0.050650
0.049810
0.048490
0.049518
0.047895
0.049216
0.050556
0.045346
0.047816
0.052051
0.047561
0.046736
0.045066
0.048069
0.049066
0.046392
0.046703
0.048752
0.046098
0.046872
0.046946
0.043375
0.043289
0.044044
0.047395
0.043337
0.044540
0.041903
0.045197
0.042021
0.047743
0.045054
0.045546
0.045823
0.042518
0.044037
0.042595
0.044384
0.040457
0.044157
0.041161
0.043448
0.042814
0.042711
0.039472
0.040939
0.039856
0.040542
0.039559
0.038343
