0.077913
0.073147
0.071963
0.070350
0.068609
0.066168
0.065815
0.065199
0.064911
0.064458
0.062303
0.062805
0.064892
0.061738
0.063037
0.062725
0.062062
0.064218
0.060507
0.061065
0.062252
0.060564
0.059399
0.059836
0.061347
0.058759
0.058094
0.059806
0.059090
0.060293
0.057639
0.057709
0.057421
0.058214
0.058058
0.056616
0.055247
0.056825
0.054215
0.057095
0.056129
0.053491
0.054931
0.053064
0.056108
0.053897
0.056266
0.052750
0.053755
0.051094
0.052101
0.052556
0.051343
0.051272
0.050266
0.048330
0.049824
0.050740
0.047050
0.045579
0.046963
0.045952
0.044516
0.046777
0.044824
0.045744
0.044616
0.043784
0.044020
0.038960
0.041606
0.040296
0.041322
0.041081
0.039256
0.041261
0.041138
0.038317
0.036611
0.037776
0.036755
0.037149
0.038580
0.035323
0.037087
0.039456
0.036337
0.036322
0.035123
0.036326
0.036007
0.036694
0.037941
0.036259
0.036443
0.034330
0.034167
0.034418
0.035320
0.035225
0.035036
0.032232
0.036977
0.034808
0.035924
0.036828
0.034573
0.033460
0.031695
0.032649
0.034534
0.033609
0.034703
0.031793
0.034030
0.033354
0.032253
0.032695
0.033819
0.033593
0.032753
0.033900
0.036492
0.033639
0.035535
0.033492
0.035391
0.032925
0.034976
0.033339
0.034996
0.033788
0.031070
0.033473
0.034232
0.031097
0.034483
0.031066
0.033075
0.032155
0.033151
0.033352
0.030707
0.032488
0.030719
0.031232
0.030515
0.030406
0.031884
0.031964
