0.073279
0.071950
0.076626
0.074138
0.072270
0.072265
0.070839
0.071797
0.070966
0.072006
0.069163
0.068959
0.070180
0.068480
0.067845
0.066283
0.068410
0.064632
0.065341
0.064444
0.063788
0.064414
0.064727
0.066375
0.063343
0.065241
0.065160
0.059393
0.065810
0.061880
0.063660
0.059442
0.060620
0.061943
0.060596
0.061525
0.057954
0.059942
0.059347
0.061427
0.052490
0.056445
0.055546
0.056134
0.054373
0.056409
0.052123
0.050508
0.050876
0.049437
0.049121
0.059387
0.050354
0.048823
0.050197
0.047922
0.049642
0.050731
0.049719
0.047848
0.045477
0.045431
0.045883
0.051926
0.048247
0.048266
0.043500
0.045664
0.049298
0.046149
0.041539
0.043447
0.047991
0.041012
0.042569
0.038836
0.049061
0.048312
0.037202
0.045177
0.038948
0.037761
0.041771
0.042965
0.038800
0.039998
0.038969
0.034900
0.032488
0.039284
0.036905
0.037531
0.031361
0.035054
0.037039
0.036535
0.037636
0.037035
0.037811
0.031262
0.041129
0.031146
0.035880
0.040516
0.033037
0.033495
0.036477
0.031753
0.036405
0.029046
0.029064
0.033453
0.031361
0.029711
0.026989
0.033912
0.033276
0.027898
0.033240
0.031474
0.036959
0.038359
0.031414
0.023466
0.025620
0.031379
0.024806
0.032068
0.026081
0.029932
0.026184
0.023267
0.023205
0.026623
0.028492
0.022080
0.030023
0.028039
0.023710
0.034367
0.022906
0.021846
0.030576
0.026411
0.023418
0.024921
0.032556
0.017164
0.033644
0.027696
