0.160466
0.105231
0.066696
0.064843
0.061075
0.061761
0.061334
0.060294
0.061052
0.058536
0.060423
0.058796
0.057777
0.056502
0.056148
0.054117
0.061175
0.055456
0.055329
0.053516
0.052193
0.051513
0.054553
0.051773
0.051294
0.051181
0.049292
0.053509
0.053400
0.050451
0.052085
0.051601
0.051154
0.053747
0.050133
0.052685
0.048420
0.052064
0.051673
0.052764
0.052273
0.058703
0.055584
0.055290
0.054459
0.055530
0.049605
0.057531
0.051388
0.055583
0.054382
0.049806
0.048683
0.054223
0.054887
0.054592
0.054135
0.048798
0.053473
0.051457
0.049495
0.052284
0.049891
0.052329
0.051235
0.049628
0.052799
0.050127
0.056499
0.049649
0.050913
0.049030
0.048616
0.047552
0.051003
0.050113
0.051401
0.054146
0.050817
0.052204
0.053721
0.052918
0.050014
0.051437
0.053761
0.048158
0.048558
0.053719
0.051397
0.050007
0.051063
0.048626
0.050260
0.045204
0.046273
0.051474
0.049634
0.055618
0.052336
0.048476
0.049649
0.047756
0.047473
0.049028
0.050403
0.050648
0.047269
0.047790
0.045040
0.048717
0.046921
0.045770
0.047294
0.044713
0.046019
0.045871
0.042628
0.041640
0.051933
0.045300
0.045031
0.042715
0.041578
0.044548
0.043784
0.042082
0.042505
0.048163
0.043933
0.046304
0.044314
0.042248
0.043097
0.054266
0.050400
0.057104
0.051126
0.050824
0.047144
0.050490
0.046805
0.049896
0.046250
0.049064
0.044344
0.043650
0.046343
0.049328
0.046016
0.046914
