0.106401
0.092678
0.100392
0.091944
0.087374
0.079134
0.068331
0.074857
0.066335
0.068078
0.067848
0.073705
0.056902
0.059024
0.057270
0.054471
0.054721
0.054127
0.051968
0.050000
0.049554
0.046941
0.045459
0.053093
0.046784
0.046665
0.036117
0.039419
0.032071
0.039810
0.035040
0.036137
0.033347
0.030268
0.023277
0.026582
0.022912
0.024127
0.026569
0.013362
0.012915
0.022861
0.019433
0.014235
0.017097
0.019233
0.014291
0.013920
0.018606
0.013701
0.011481
0.010126
0.014679
0.007612
0.015086
0.009602
0.015125
0.014825
0.022238
0.017417
0.027550
0.017745
0.016777
0.016120
0.011840
0.011641
0.009196
0.012519
0.011060
0.017372
0.009748
0.016240
0.013592
0.006278
0.016697
0.008361
0.026583
0.016035
0.012284
0.015181
0.015172
0.003060
0.005590
0.003635
0.008847
0.003916
0.006925
0.002659
0.003190
0.007860
0.003399
0.008241
0.005035
0.001827
0.002093
0.002512
0.001191
0.000601
0.005597
0.002801
0.012722
0.002336
0.001306
0.004028
0.003773
0.000940
0.000597
0.004455
0.006035
0.000836
0.001846
0.001806
0.002680
0.000735
0.000791
0.001364
0.000501
0.002547
0.010618
0.025112
0.021904
0.015265
0.009777
0.001497
0.006436
0.001188
0.007995
0.003717
0.001274
0.003988
0.001926
0.000644
0.005810
0.000869
0.003173
0.000533
0.013630
0.003415
0.012971
0.006073
0.006591
0.002985
0.006954
0.004918
0.028873
0.026985
0.017440
0.009060
0.004850
0.009494
