0.165876
0.094674
0.093831
0.075806
0.073075
0.073514
0.071180
0.074138
0.069270
0.071600
0.068112
0.069328
0.069396
0.068680
0.069490
0.065893
0.068094
0.065094
0.068077
0.064386
0.064583
0.065033
0.060652
0.059708
0.058368
0.056563
0.054248
0.054170
0.054761
0.055424
0.056154
0.052641
0.051340
0.052659
0.049174
0.052202
0.047819
0.042463
0.038973
0.043035
0.040015
0.039927
0.037552
0.039195
0.037159
0.038106
0.034858
0.033582
0.034627
0.035335
0.031811
0.031239
0.030824
0.026986
0.033490
0.037572
0.034581
0.033324
0.033586
0.021464
0.030503
0.023039
0.021563
0.020011
0.016354
0.017909
0.021983
0.015603
0.014399
0.013194
0.013578
0.014115
0.013352
0.010561
0.011889
0.015378
0.024507
0.023154
0.020478
0.016684
0.019942
0.029637
0.019984
0.011218
0.011286
0.019037
0.011371
0.029012
0.008365
0.012286
0.013565
0.007172
0.008888
0.008334
0.008414
0.006693
0.005443
0.006265
0.004361
0.003532
0.004131
0.003025
0.006320
0.002065
0.003198
0.002368
0.007781
0.002323
0.001590
0.002997
0.002392
0.003985
0.008123
0.001891
0.017342
0.002180
0.001852
0.002707
0.005423
0.001772
0.003144
0.001828
0.001884
0.003568
0.003227
0.003464
0.007547
0.035767
0.013348
0.046557
0.010642
0.025571
0.018251
0.020383
0.012467
0.018072
0.022499
0.008043
0.014689
0.012881
0.048983
0.016796
0.045814
0.008972
0.037717
0.017343
0.020663
0.007465
0.005946
0.010603
