0.523511
0.314540
0.099671
0.072922
0.073470
0.072360
0.070661
0.071875
0.070940
0.070532
0.073739
0.067412
0.071330
0.071518
0.072047
0.068863
0.069830
0.070174
0.066531
0.066635
0.067239
0.068665
0.066728
0.068492
0.068263
0.069198
0.067048
0.071983
0.067485
0.069719
0.069094
0.069939
0.065847
0.063703
0.062950
0.062438
0.063473
0.063876
0.062602
0.064798
0.060110
0.061792
0.065332
0.060286
0.059617
0.062727
0.061512
0.059792
0.059113
0.060234
0.058154
0.059292
0.055308
0.056385
0.059139
0.055278
0.057831
0.056583
0.054893
0.055590
0.055025
0.054568
0.052144
0.053837
0.052025
0.052786
0.052271
0.052822
0.051465
0.048258
0.049322
0.051281
0.051480
0.048376
0.049744
0.047440
0.051105
0.049679
0.049716
0.049525
0.049297
0.052513
0.049304
0.052162
0.052045
0.049353
0.049333
0.053062
0.048813
0.046864
0.048704
0.047398
0.046628
0.045786
0.043759
0.043306
0.045896
0.039841
0.044650
0.040716
0.040228
0.039734
0.041184
0.044361
0.044876
0.045039
0.042731
0.046725
0.039151
0.043809
0.042237
0.043269
0.043366
0.042771
0.042440
0.041957
0.041188
0.035943
0.037374
0.039066
0.035456
0.038970
0.039124
0.035548
0.035836
0.035990
0.041063
0.037225
0.036655
0.038471
0.036611
0.037321
0.038757
0.031237
0.037286
0.036323
0.033303
0.031125
0.031358
0.031735
0.032914
0.031009
0.029106
0.034161
0.030473
0.027168
0.031428
0.030117
0.031304
0.030877
