0.331721
0.177208
0.252517
0.176024
0.099855
0.117923
0.141319
0.108256
0.080919
0.091105
0.092648
0.092138
0.076478
0.070589
0.082244
0.072455
0.084563
0.067876
0.065633
0.064951
0.062712
0.065309
0.059305
0.055580
0.059741
0.060915
0.055427
0.041625
0.049115
0.048782
0.047036
0.043887
0.050905
0.048710
0.046770
0.043123
0.047566
0.041482
0.038784
0.036327
0.036517
0.035853
0.029019
0.041444
0.039522
0.042679
0.030618
0.026196
0.027774
0.023969
0.026311
0.026167
0.019837
0.025498
0.020789
0.020612
0.015966
0.017816
0.021525
0.015735
0.015787
0.011985
0.014304
0.017756
0.014871
0.016602
0.012384
0.012060
0.012183
0.011211
0.009672
0.008072
0.011447
0.006567
0.008021
0.009297
0.007631
0.008968
0.008094
0.006033
0.009119
0.004741
0.005698
0.005962
0.004262
0.003336
0.004688
0.004180
0.003077
0.004688
0.003741
0.004093
0.001881
0.003951
0.001446
0.003535
0.001724
0.002601
0.002153
0.001735
0.002121
0.002369
0.001505
0.000796
0.002228
0.001091
0.001772
0.000852
0.002157
0.001410
0.002442
0.001287
0.000912
0.002231
0.001045
0.000961
0.002562
0.001345
0.001313
0.001059
0.002025
0.001604
0.001811
0.005094
0.001901
0.003797
0.001759
0.001336
0.001878
0.001271
0.001241
0.001840
0.001373
0.000948
0.001373
0.000889
0.001496
0.001359
0.000484
0.000636
0.000854
0.000409
0.000527
0.000566
0.000722
0.000891
0.000339
0.000486
0.000311
0.000503
