0.074657
0.069751
0.068497
0.068111
0.068109
0.065684
0.067279
0.068416
0.063312
0.063596
0.068754
0.064770
0.063918
0.064466
0.061564
0.060280
0.064275
0.061143
0.060707
0.057977
0.061371
0.061636
0.061062
0.056472
0.058647
0.058612
0.058413
0.059527
0.054840
0.054681
0.060617
0.058941
0.055360
0.061630
0.056302
0.060209
0.057793
0.057192
0.057380
0.056433
0.056919
0.059341
0.056838
0.055909
0.053230
0.058094
0.054664
0.053783
0.057703
0.053625
0.051427
0.051713
0.049232
0.050984
0.050944
0.053468
0.053368
0.050699
0.055414
0.051729
0.052868
0.046889
0.050325
0.050046
0.048706
0.046533
0.047045
0.046089
0.049017
0.042775
0.039598
0.039208
0.040446
0.039162
0.041829
0.039034
0.041681
0.046075
0.039673
0.042712
0.048186
0.038868
0.048519
0.033716
0.051170
0.043294
0.041208
0.032115
0.040196
0.032983
0.037706
0.036414
0.039241
0.044389
0.035611
0.028777
0.033700
0.032621
0.030967
0.037909
0.034045
0.035043
0.041366
0.034195
0.029642
0.037776
0.035231
0.037937
0.030828
0.038279
0.032347
0.039416
0.030534
0.028128
0.034138
0.034819
0.030700
0.031111
0.026553
0.027703
0.026334
0.030405
0.033438
0.029247
0.032513
0.024895
0.022462
0.028874
0.022750
0.027082
0.025190
0.024422
0.021620
0.020551
0.023413
0.032406
0.025198
0.035262
0.025305
0.030886
0.022670
0.022846
0.018215
0.022422
0.020836
0.021816
0.020420
0.035465
0.019855
0.025041
