0.117681
0.099420
0.087807
0.072963
0.075154
0.072285
0.068118
0.068287
0.066985
0.064609
0.067879
0.062778
0.060237
0.063799
0.065569
0.060056
0.060215
0.065276
0.064036
0.061095
0.062205
0.061347
0.061623
0.065322
0.060788
0.060903
0.063052
0.058709
0.064684
0.061431
0.062781
0.058889
0.059368
0.061223
0.059470
0.058596
0.057275
0.059160
0.056953
0.058265
0.054808
0.057624
0.055296
0.057300
0.055829
0.055092
0.055626
0.057870
0.056990
0.055218
0.059167
0.057059
0.055991
0.056855
0.056792
0.053406
0.058292
0.054788
0.053583
0.049598
0.055940
0.058532
0.049571
0.058158
0.053278
0.060329
0.060839
0.057875
0.055355
0.054632
0.049462
0.050780
0.050094
0.048322
0.049401
0.049311
0.044981
0.051232
0.046122
0.046984
0.044662
0.043204
0.041162
0.039571
0.040985
0.033627
0.039541
0.040685
0.039921
0.040087
0.035739
0.039210
0.040588
0.039907
0.045412
0.042431
0.037129
0.047278
0.042575
0.038839
0.041604
0.044619
0.033147
0.041200
0.037426
0.042200
0.037173
0.031464
0.030554
0.029179
0.034919
0.030963
0.036852
0.038343
0.032334
0.025045
0.028444
0.032734
0.027372
0.022022
0.027062
0.022213
0.032729
0.028258
0.035063
0.035152
0.026438
0.029931
0.026710
0.027681
0.018784
0.021282
0.021061
0.018245
0.024228
0.019417
0.019203
0.021531
0.021943
0.021084
0.016855
0.015499
0.021766
0.020872
0.029685
0.021000
0.026252
0.020394
0.021227
0.019025
