0.158839
0.101195
0.067828
0.065341
0.065824
0.062586
0.064961
0.063285
0.063154
0.062603
0.063446
0.065560
0.058755
0.061240
0.063831
0.060543
0.057286
0.056445
0.060064
0.056301
0.058002
0.055050
0.052036
0.056111
0.053338
0.054285
0.051823
0.054497
0.049806
0.054349
0.048447
0.047300
0.048275
0.048847
0.050526
0.049161
0.048864
0.042936
0.042706
0.043841
0.044729
0.041195
0.042550
0.041935
0.042795
0.040146
0.039201
0.040224
0.039141
0.037803
0.036592
0.034470
0.032856
0.032814
0.034967
0.031277
0.032906
0.032838
0.032202
0.029297
0.028589
0.028204
0.026080
0.020564
0.024871
0.028619
0.024762
0.024806
0.026176
0.026172
0.025247
0.022880
0.026163
0.025854
0.022142
0.021997
0.024847
0.022708
0.020768
0.022688
0.047292
0.018741
0.024848
0.021377
0.020990
0.019952
0.018300
0.018737
0.017231
0.019379
0.019026
0.016042
0.016033
0.015616
0.015337
0.017694
0.014986
0.014231
0.017225
0.016662
0.014894
0.016224
0.016288
0.013485
0.025008
0.023412
0.017317
0.016766
0.014296
0.013137
0.018315
0.015535
0.010253
0.007865
0.010195
0.005097
0.013082
0.005810
0.006369
0.007243
0.007400
0.007570
0.002143
0.005058
0.004070
0.004151
0.003472
0.003801
0.003760
0.003068
0.002441
0.002561
0.001974
0.003612
0.002326
0.001558
0.001974
0.001275
0.001539
0.001159
0.001834
0.001551
0.002164
0.001462
0.001632
0.001380
0.001683
0.001139
0.001046
0.000730
