0.164985
0.126960
0.118012
0.085525
0.077675
0.073547
0.078062
0.071561
0.071176
0.070695
0.070115
0.064171
0.063885
0.061160
0.056345
0.059397
0.057253
0.057804
0.057835
0.058280
0.060623
0.056895
0.054411
0.054440
0.050190
0.051080
0.051603
0.053867
0.044703
0.050107
0.044313
0.047853
0.044331
0.042417
0.042112
0.036945
0.040162
0.039359
0.038765
0.038056
0.034049
0.038159
0.036386
0.045246
0.032305
0.037713
0.034686
0.034991
0.034587
0.028872
0.023742
0.030604
0.027040
0.024314
0.027268
0.019334
0.025486
0.020165
0.017370
0.015520
0.017111
0.016171
0.018951
0.016266
0.013017
0.015381
0.012678
0.016817
0.018036
0.007638
0.015775
0.006951
0.008278
0.006998
0.007057
0.007059
0.009552
0.003955
0.004934
0.004822
0.008280
0.005650
0.004812
0.003928
0.002602
0.004522
0.003241
0.014215
0.004388
0.022177
0.006095
0.012538
0.006781
0.006128
0.005339
0.010191
0.003518
0.003407
0.003650
0.005184
0.003424
0.002468
0.005936
0.001934
0.010001
0.001733
0.003979
0.004450
0.002759
0.004026
0.005547
0.002303
0.002893
0.002780
0.002982
0.001843
0.001151
0.004768
0.002760
0.001454
0.001035
0.002960
0.001664
0.001134
0.003703
0.001736
0.001792
0.003260
0.001939
0.002388
0.001871
0.001497
0.001273
0.001090
0.001073
0.001137
0.001179
0.000563
0.002358
0.000594
0.000603
0.002550
0.001002
0.000846
0.000830
0.000964
0.001252
0.000956
0.001506
0.000758
