0.090316
0.074252
0.068297
0.066726
0.062041
0.062603
0.061313
0.059472
0.056470
0.056758
0.052858
0.052643
0.053108
0.052631
0.053825
0.047827
0.051032
0.050495
0.050458
0.051890
0.051568
0.053383
0.048916
0.048302
0.049479
0.050220
0.050003
0.047756
0.051844
0.046527
0.050056
0.049850
0.048527
0.049065
0.042439
0.046657
0.049846
0.048678
0.047379
0.046492
0.043575
0.048857
0.044435
0.041988
0.045313
0.044619
0.043796
0.042411
0.041318
0.042657
0.040008
0.042937
0.044549
0.040493
0.044415
0.039337
0.040479
0.040462
0.039470
0.041155
0.042133
0.039404
0.039487
0.044773
0.036855
0.036096
0.038067
0.036893
0.036389
0.039377
0.040546
0.043515
0.037273
0.037225
0.042404
0.039715
0.033309
0.033009
0.035222
0.032441
0.032043
0.029063
0.032335
0.030636
0.034016
0.033529
0.038393
0.035268
0.033532
0.028476
0.031141
0.037706
0.039793
0.034632
0.027551
0.036708
0.033136
0.042471
0.028186
0.031521
0.033412
0.035096
0.039800
0.029908
0.032986
0.034024
0.036414
0.030971
0.031606
0.027320
0.036969
0.030145
0.032327
0.030576
0.028064
0.033510
0.031223
0.027829
0.021887
0.030204
0.032335
0.029208
0.035586
0.031309
0.029024
0.029356
0.030196
0.025363
0.030926
0.023922
0.030792
0.028342
0.030292
0.026075
0.023632
0.024470
0.029099
0.026666
0.024160
0.028240
0.026176
0.032029
0.031333
0.032054
0.025790
0.023711
0.028364
0.026315
0.029015
0.024122
