0.087830
0.080006
0.074454
0.068969
0.065479
0.066752
0.061211
0.061440
0.058512
0.056940
0.057588
0.053056
0.056926
0.052391
0.050135
0.051597
0.053656
0.050113
0.049706
0.049568
0.050633
0.048428
0.049777
0.050891
0.050790
0.050268
0.050477
0.047795
0.048567
0.048204
0.045608
0.046482
0.049355
0.043883
0.044558
0.049278
0.046103
0.049913
0.045656
0.045722
0.043095
0.045701
0.046552
0.046691
0.043651
0.045071
0.046123
0.043874
0.044990
0.042396
0.043080
0.043703
0.041513
0.042662
0.046525
0.044476
0.038758
0.043161
0.044261
0.041135
0.043713
0.040811
0.041554
0.038030
0.041371
0.041009
0.038926
0.038334
0.037840
0.039487
0.037945
0.041310
0.041286
0.039006
0.041821
0.039350
0.039819
0.040078
0.039787
0.039923
0.039697
0.041885
0.039652
0.039307
0.036177
0.038868
0.038971
0.037037
0.039878
0.039640
0.036042
0.037702
0.037002
0.036482
0.033423
0.034577
0.036497
0.036911
0.035944
0.032834
0.035089
0.037213
0.034832
0.037026
0.035932
0.035184
0.031817
0.034906
0.037781
0.034452
0.036266
0.038928
0.032756
0.033926
0.031986
0.037393
0.036950
0.033581
0.036777
0.032202
0.034994
0.035827
0.031015
0.031800
0.032646
0.029579
0.033653
0.030999
0.031727
0.033660
0.035592
0.031537
0.030485
0.031012
0.037825
0.033093
0.028112
0.028991
0.030597
0.033172
0.031230
0.034131
0.026707
0.030862
0.032948
0.030624
0.027547
0.030916
0.032420
0.033222
