0.084933
0.071432
0.072484
0.071172
0.071828
0.070691
0.072154
0.072418
0.070640
0.069900
0.069041
0.067812
0.068691
0.066640
0.062458
0.061646
0.065116
0.066271
0.060178
0.062144
0.063074
0.057917
0.061501
0.063682
0.058953
0.059225
0.059349
0.059190
0.061552
0.060529
0.062708
0.061330
0.063989
0.063502
0.063427
0.058806
0.062175
0.058990
0.059844
0.059577
0.059850
0.062075
0.061058
0.063525
0.060273
0.060721
0.058852
0.059375
0.057542
0.058847
0.055341
0.056396
0.055391
0.055179
0.058579
0.058269
0.063062
0.056661
0.058075
0.060841
0.061714
0.057787
0.061366
0.061080
0.059389
0.062400
0.060152
0.058479
0.060245
0.059340
0.058678
0.057122
0.053858
0.059645
0.057472
0.054185
0.056320
0.052577
0.056806
0.048690
0.054286
0.048264
0.053107
0.049985
0.047467
0.052002
0.049236
0.051629
0.044513
0.049302
0.053169
0.048744
0.052281
0.048518
0.050188
0.038377
0.047604
0.046859
0.046583
0.044363
0.046175
0.041493
0.041861
0.048183
0.044438
0.038362
0.033278
0.031474
0.036864
0.040385
0.038370
0.035238
0.039833
0.038616
0.040965
0.032465
0.037817
0.034628
0.040015
0.042729
0.031954
0.041209
0.034816
0.031849
0.034801
0.029363
0.032028
0.038608
0.031460
0.028922
0.032882
0.033734
0.028669
0.033671
0.033921
0.033165
0.037119
0.036234
0.036399
0.023718
0.027125
0.022788
0.032468
0.032319
0.026131
0.023624
0.030898
0.026151
0.024957
0.025769
