0.136573
0.092033
0.076589
0.078475
0.074035
0.071737
0.070599
0.070268
0.069434
0.067179
0.066479
0.066214
0.069550
0.069459
0.066724
0.068449
0.069541
0.063473
0.067290
0.067439
0.063070
0.068913
0.062045
0.063812
0.066220
0.064372
0.065074
0.063678
0.062402
0.062950
0.060575
0.060552
0.061146
0.061501
0.056159
0.059184
0.061135
0.060863
0.059793
0.058035
0.057542
0.053645
0.056129
0.058725
0.060303
0.057299
0.059027
0.061873
0.059520
0.062264
0.060236
0.060758
0.060268
0.060139
0.059519
0.050869
0.065976
0.053153
0.052270
0.057698
0.057962
0.057029
0.055441
0.055388
0.058855
0.055655
0.053576
0.054410
0.049589
0.056890
0.055655
0.056618
0.051902
0.052392
0.052849
0.051927
0.051780
0.047890
0.048051
0.050715
0.047662
0.045046
0.048256
0.048930
0.048555
0.045058
0.050123
0.043579
0.045350
0.043838
0.043271
0.043639
0.041781
0.044983
0.043261
0.042829
0.039483
0.049118
0.043730
0.043017
0.050369
0.051196
0.053546
0.048622
0.044499
0.045524
0.039845
0.046081
0.040931
0.036836
0.038426
0.035523
0.040433
0.042731
0.033297
0.056802
0.038675
0.046440
0.044171
0.043702
0.046257
0.044822
0.043403
0.042739
0.041903
0.038669
0.036883
0.035113
0.029253
0.028194
0.029213
0.031190
0.028403
0.050196
0.028280
0.031986
0.033773
0.030757
0.032415
0.028092
0.027732
0.028323
0.030576
0.034759
0.041262
0.030139
0.027477
0.034795
0.032827
0.046180
