0.074340
0.071320
0.068691
0.069599
0.066289
0.066164
0.066455
0.064751
0.063967
0.062124
0.057975
0.057825
0.058791
0.061000
0.058683
0.052591
0.055455
0.054559
0.054032
0.048804
0.041907
0.041694
0.041599
0.035863
0.040712
0.034313
0.030589
0.033567
0.032968
0.035541
0.032320
0.030625
0.032625
0.024316
0.034088
0.023703
0.025021
0.021978
0.027698
0.020841
0.022093
0.019835
0.023067
0.018069
0.017531
0.023894
0.015148
0.018813
0.023438
0.018818
0.018336
0.022945
0.018275
0.020750
0.013253
0.020166
0.018525
0.017321
0.012204
0.019531
0.014197
0.012321
0.012010
0.011226
0.012938
0.015088
0.010466
0.012809
0.007893
0.007905
0.023160
0.009850
0.019525
0.019162
0.011672
0.016340
0.015289
0.008963
0.015971
0.015987
0.008785
0.005674
0.005263
0.007614
0.010632
0.009932
0.010970
0.010903
0.007091
0.007962
0.007174
0.009047
0.006489
0.007960
0.012274
0.007144
0.009686
0.005586
0.011463
0.004373
0.003983
0.006681
0.007203
0.002599
0.004073
0.003077
0.006017
0.003765
0.002768
0.003703
0.003626
0.003559
0.002317
0.004125
0.002540
0.003073
0.002103
0.002132
0.002895
0.003217
0.001932
0.002002
0.001965
0.002248
0.002531
0.003255
0.002413
0.001279
0.004548
0.004053
0.001945
0.004263
0.002303
0.003700
0.001916
0.001371
0.002846
0.001449
0.001386
0.001416
0.002538
0.001187
0.000839
0.001794
0.003586
0.008483
0.009606
0.001281
0.003984
0.009101
