0.073117
0.071985
0.071670
0.071172
0.070280
0.068796
0.066119
0.067623
0.065957
0.067198
0.064546
0.059273
0.062692
0.061239
0.057266
0.053014
0.054019
0.050732
0.050797
0.049382
0.049049
0.048451
0.045397
0.044001
0.038808
0.039066
0.036368
0.039339
0.037443
0.035446
0.032853
0.031544
0.030708
0.031348
0.029958
0.029360
0.026568
0.029011
0.025963
0.024475
0.025557
0.023233
0.023947
0.021983
0.020116
0.019120
0.017526
0.018208
0.016814
0.016601
0.017200
0.017671
0.016052
0.016259
0.015944
0.013774
0.015054
0.014145
0.013613
0.014079
0.012593
0.013446
0.013245
0.011912
0.010911
0.010837
0.010100
0.010059
0.009965
0.010090
0.009173
0.009569
0.009791
0.008682
0.008722
0.008657
0.008518
0.008339
0.008145
0.007897
0.007051
0.007420
0.006804
0.006710
0.006547
0.006936
0.007054
0.006433
0.006145
0.006265
0.005799
0.005614
0.005538
0.005341
0.005110
0.005441
0.005126
0.005223
0.005447
0.005508
0.005089
0.005272
0.005001
0.005249
0.005118
0.004913
0.005065
0.004554
0.004312
0.004243
0.004346
0.004239
0.004112
0.004107
0.004060
0.004096
0.004227
0.004130
0.004163
0.004054
0.004034
0.003850
0.004183
0.003994
0.003872
0.004107
0.004157
0.004040
0.004058
0.004007
0.003986
0.004127
0.003749
0.004137
0.003870
0.003789
0.003852
0.003767
0.003675
0.003650
0.003682
0.003590
0.003686
0.003775
0.003515
0.003541
0.003708
0.003654
0.003428
0.003552
