0.101052
0.084554
0.068438
0.069457
0.068785
0.066154
0.065188
0.063059
0.059861
0.059208
0.056451
0.055566
0.056129
0.057670
0.054059
0.052865
0.050737
0.051743
0.050145
0.049615
0.046619
0.047926
0.043623
0.046061
0.047994
0.044333
0.046395
0.044410
0.039776
0.041575
0.038511
0.036392
0.034612
0.033409
0.032313
0.031551
0.031574
0.030387
0.029288
0.027408
0.025605
0.023851
0.024537
0.023291
0.022370
0.021214
0.020038
0.020757
0.021911
0.020619
0.018911
0.018927
0.017831
0.017722
0.017431
0.017168
0.015318
0.015723
0.014374
0.013878
0.014208
0.014920
0.013712
0.013345
0.013597
0.013478
0.012644
0.012558
0.010995
0.011758
0.011222
0.010319
0.011509
0.010316
0.010057
0.009261
0.009039
0.008297
0.008005
0.007806
0.008047
0.008234
0.007756
0.007177
0.007074
0.007444
0.007450
0.007189
0.007240
0.007370
0.007113
0.007151
0.006649
0.007136
0.007209
0.006907
0.006371
0.006151
0.005560
0.005322
0.005413
0.005332
0.005337
0.004674
0.004632
0.004748
0.004828
0.005204
0.004939
0.004810
0.004902
0.004451
0.004489
0.004534
0.004475
0.004414
0.004844
0.004691
0.005037
0.004432
0.004365
0.004523
0.004252
0.004159
0.004324
0.004281
0.004610
0.004348
0.004372
0.004226
0.004167
0.004049
0.003913
0.003909
0.003817
0.003986
0.003909
0.003911
0.003869
0.004078
0.003950
0.003881
0.003884
0.003977
0.003867
0.003863
0.003820
0.003685
0.003753
0.003513
