0.074418
0.074391
0.071443
0.071172
0.071748
0.071827
0.070814
0.069130
0.069866
0.069116
0.067385
0.067059
0.068171
0.069160
0.068973
0.068690
0.066637
0.068509
0.066829
0.066859
0.066924
0.067486
0.065415
0.067489
0.064737
0.064667
0.064502
0.065452
0.063727
0.066120
0.065204
0.065158
0.065945
0.064836
0.064320
0.066186
0.067706
0.063868
0.065804
0.065573
0.066464
0.063981
0.061917
0.063633
0.063111
0.062604
0.059717
0.065122
0.060485
0.062632
0.060478
0.061247
0.060943
0.059826
0.061429
0.061183
0.058506
0.058055
0.060725
0.060080
0.059613
0.061064
0.061570
0.058052
0.057586
0.057476
0.056595
0.055588
0.055394
0.055634
0.058515
0.059582
0.059020
0.053904
0.058365
0.056756
0.055739
0.055082
0.055335
0.056746
0.056970
0.059138
0.057579
0.056319
0.055259
0.054669
0.056499
0.055151
0.055996
0.055459
0.050826
0.051398
0.054066
0.051911
0.053583
0.049236
0.052609
0.050604
0.051608
0.046782
0.050922
0.049432
0.048040
0.048333
0.047797
0.048358
0.047443
0.044408
0.046790
0.045217
0.045240
0.047281
0.046431
0.047357
0.049610
0.048167
0.044712
0.048405
0.047399
0.045600
0.043241
0.043639
0.043308
0.044090
0.045994
0.042551
0.045311
0.044427
0.041156
0.046174
0.045545
0.042262
0.045383
0.045231
0.039099
0.043009
0.043288
0.043779
0.042665
0.042559
0.043450
0.043322
0.045335
0.043691
0.043346
0.045264
0.047464
0.041423
0.040717
0.042769
