0.082319
0.084824
0.078886
0.071895
0.073432
0.072953
0.068457
0.069617
0.069872
0.069573
0.065253
0.066696
0.065561
0.063229
0.063353
0.063563
0.064411
0.066416
0.064220
0.062720
0.059840
0.058638
0.056248
0.056881
0.057348
0.056559
0.056214
0.055780
0.055492
0.055696
0.057797
0.053490
0.057437
0.053999
0.054017
0.055339
0.051367
0.053964
0.052595
0.054293
0.049929
0.050871
0.049425
0.053967
0.051749
0.049241
0.051262
0.050491
0.047775
0.048705
0.049015
0.051521
0.050890
0.048314
0.051476
0.048509
0.046489
0.048584
0.047179
0.046322
0.049603
0.049276
0.047479
0.047635
0.045114
0.047505
0.043896
0.044934
0.045033
0.047674
0.045261
0.043358
0.045177
0.044571
0.044335
0.043610
0.042322
0.043526
0.042383
0.044226
0.042648
0.042668
0.043256
0.041117
0.044786
0.040888
0.039807
0.042036
0.039720
0.038146
0.036720
0.036256
0.037521
0.036871
0.040406
0.037783
0.033990
0.037047
0.038666
0.035833
0.039205
0.039004
0.037033
0.037864
0.035835
0.033711
0.034467
0.032354
0.031245
0.036653
0.033926
0.034775
0.032644
0.033560
0.033822
0.031527
0.031409
0.031129
0.033640
0.034061
0.030235
0.030167
0.030502
0.032218
0.031048
0.031373
0.032928
0.033216
0.031314
0.028824
0.031773
0.032441
0.030091
0.030406
0.031488
0.033541
0.030085
0.030924
0.031817
0.026903
0.028998
0.028978
0.028068
0.026945
0.029680
0.024292
0.027570
0.025157
0.029622
0.027014
