0.316042
0.195713
0.174609
0.163587
0.165356
0.145066
0.102388
0.092447
0.115648
0.099343
0.078216
0.084837
0.090515
0.092380
0.085567
0.069386
0.073233
0.078721
0.064520
0.074384
0.068964
0.069161
0.067215
0.071943
0.060020
0.073545
0.065173
0.069449
0.065431
0.056987
0.068524
0.058981
0.064533
0.059140
0.055072
0.049829
0.051199
0.051987
0.063273
0.058850
0.054312
0.046646
0.048441
0.046664
0.054430
0.050918
0.044340
0.049345
0.051837
0.051051
0.050520
0.044140
0.041476
0.044673
0.042832
0.041745
0.038933
0.035842
0.033646
0.038692
0.038838
0.037495
0.040478
0.036895
0.040986
0.034733
0.031498
0.034909
0.033442
0.032389
0.028419
0.024023
0.026538
0.028334
0.034846
0.022946
0.027090
0.021933
0.025582
0.024184
0.019639
0.018652
0.020148
0.017173
0.019256
0.018916
0.013877
0.022616
0.028792
0.018245
0.027000
0.020493
0.020026
0.020401
0.021095
0.019394
0.020271
0.014437
0.017665
0.016571
0.017456
0.013525
0.013599
0.020578
0.017970
0.027576
0.012605
0.021250
0.011431
0.016897
0.011288
0.013229
0.010859
0.012887
0.007518
0.005374
0.012638
0.006088
0.008882
0.009615
0.004500
0.005733
0.005094
0.007756
0.005078
0.003556
0.004632
0.006889
0.002683
0.005799
0.004195
0.002622
0.004391
0.002782
0.003124
0.004326
0.002415
0.001707
0.002510
0.003870
0.003166
0.005098
0.002177
0.003287
0.002404
0.003853
0.003351
0.007381
0.002533
0.005323
