0.288510
0.185221
0.128070
0.086560
0.074097
0.073203
0.071594
0.071279
0.072863
0.072205
0.072330
0.071797
0.072510
0.071836
0.071955
0.072077
0.071955
0.070848
0.071487
0.071645
0.072549
0.072270
0.072514
0.071009
0.071206
0.072276
0.074028
0.071509
0.070054
0.069073
0.069821
0.070235
0.069239
0.071990
0.069016
0.069676
0.070089
0.069358
0.069544
0.068563
0.067664
0.066603
0.068220
0.069988
0.065064
0.064689
0.067066
0.067236
0.066509
0.068708
0.064565
0.065272
0.064297
0.065621
0.067329
0.066106
0.064709
0.063618
0.065919
0.062910
0.066567
0.064366
0.062378
0.061635
0.061634
0.065759
0.062249
0.062877
0.060327
0.057264
0.060490
0.060257
0.060603
0.061538
0.058410
0.058233
0.058091
0.057620
0.064151
0.058962
0.060191
0.057420
0.061474
0.061998
0.063650
0.059637
0.059339
0.057430
0.056843
0.057541
0.056522
0.056553
0.058718
0.055759
0.058187
0.056049
0.053651
0.053696
0.054182
0.054103
0.046312
0.050364
0.051390
0.046897
0.047773
0.046592
0.049155
0.052579
0.039998
0.057024
0.052771
0.045728
0.046968
0.053765
0.049610
0.050792
0.044788
0.047265
0.039332
0.041803
0.043568
0.037532
0.040691
0.034755
0.035636
0.033856
0.032771
0.039014
0.031557
0.031187
0.024667
0.029439
0.027335
0.032317
0.031070
0.023275
0.021682
0.020533
0.020846
0.022138
0.022050
0.019830
0.018514
0.020294
0.017764
0.020193
0.014002
0.022008
0.017426
0.016912
