0.094115
0.070839
0.070371
0.070839
0.071203
0.070689
0.070689
0.071031
0.070689
0.070689
0.070874
0.076352
0.070106
0.070874
0.070766
0.071128
0.070384
0.069927
0.069250
0.071861
0.070665
0.068681
0.070084
0.069777
0.070092
0.070575
0.070138
0.069309
0.070605
0.066847
0.071277
0.068222
0.069636
0.069586
0.068117
0.067473
0.068294
0.068679
0.068743
0.067384
0.070495
0.066231
0.067088
0.069306
0.068721
0.068290
0.068543
0.068805
0.068598
0.069430
0.069072
0.068918
0.068324
0.069251
0.065109
0.062567
0.065875
0.065012
0.066903
0.066567
0.064564
0.065959
0.067984
0.064763
0.063125
0.066504
0.065129
0.062487
0.064809
0.062768
0.061452
0.063261
0.062123
0.060170
0.062356
0.062523
0.060881
0.061884
0.061096
0.061029
0.060208
0.062256
0.060567
0.060293
0.063398
0.058641
0.059940
0.057863
0.059602
0.057917
0.058058
0.056777
0.056676
0.056948
0.056244
0.058691
0.057769
0.058884
0.057932
0.058917
0.059079
0.057078
0.053776
0.055214
0.054127
0.053989
0.052467
0.055061
0.052180
0.055367
0.054813
0.049776
0.048894
0.052075
0.049784
0.050054
0.053053
0.049213
0.052242
0.045536
0.050440
0.047851
0.047503
0.049207
0.046546
0.052963
0.049420
0.049514
0.048624
0.053796
0.047863
0.052469
0.049506
0.052373
0.049773
0.046926
0.044853
0.044245
0.048035
0.044888
0.044947
0.041640
0.044072
0.043520
0.041475
0.046534
0.040014
0.040067
0.039804
0.037749
