0.082473
0.071708
0.071483
0.070012
0.071131
0.071154
0.070874
0.071203
0.071203
0.071203
0.071203
0.071203
0.070254
0.070534
0.071031
0.071004
0.070295
0.072512
0.069783
0.070411
0.070534
0.071483
0.071360
0.070996
0.071203
0.070874
0.069235
0.068524
0.067037
0.067858
0.067336
0.067260
0.065516
0.063227
0.063806
0.068252
0.063984
0.067006
0.067762
0.064795
0.061281
0.061002
0.062237
0.061349
0.059766
0.063608
0.060344
0.060750
0.060803
0.059421
0.059114
0.059087
0.059217
0.055912
0.057608
0.058077
0.058249
0.061776
0.056843
0.058121
0.058004
0.055179
0.055433
0.056713
0.056371
0.058205
0.055434
0.055728
0.051743
0.052168
0.052128
0.054145
0.050286
0.049618
0.051918
0.055610
0.053844
0.050934
0.053188
0.050424
0.052550
0.052327
0.053765
0.056075
0.051000
0.051668
0.052042
0.050089
0.053686
0.055822
0.055112
0.048295
0.049773
0.053707
0.046273
0.052816
0.052886
0.050782
0.052418
0.050338
0.050001
0.050952
0.047774
0.046280
0.048806
0.048026
0.048656
0.050555
0.050086
0.051189
0.049573
0.050638
0.049393
0.046797
0.048940
0.049539
0.052220
0.047169
0.046192
0.050468
0.046567
0.050933
0.045794
0.043531
0.047293
0.047782
0.051257
0.046425
0.045306
0.041527
0.042871
0.040977
0.038010
0.039803
0.040748
0.038085
0.038664
0.042098
0.042446
0.038619
0.038121
0.040494
0.037430
0.034783
0.035703
0.038639
0.036835
0.036728
0.040788
0.036443
