0.272391
0.114564
0.077906
0.074454
0.073950
0.071938
0.067626
0.070384
0.066545
0.064638
0.064774
0.061975
0.065154
0.064860
0.064722
0.065324
0.067458
0.063435
0.063912
0.065771
0.063202
0.061731
0.063284
0.063531
0.060957
0.061440
0.058120
0.057230
0.058786
0.057417
0.058387
0.055899
0.056852
0.057075
0.056965
0.054901
0.054241
0.054469
0.054119
0.054576
0.052792
0.053255
0.054629
0.054583
0.055579
0.055099
0.055602
0.054343
0.052571
0.054088
0.053502
0.054973
0.050818
0.054669
0.049749
0.049936
0.053322
0.053671
0.053113
0.050008
0.052370
0.051470
0.050300
0.052507
0.050697
0.047418
0.051254
0.048419
0.051863
0.050760
0.052806
0.055413
0.051178
0.048599
0.050435
0.048399
0.049934
0.049161
0.048778
0.046060
0.054459
0.042814
0.040776
0.044727
0.046271
0.042768
0.040514
0.041558
0.040586
0.041125
0.044681
0.040294
0.039221
0.039902
0.039049
0.039156
0.040626
0.039069
0.042761
0.038134
0.039748
0.038857
0.037318
0.039770
0.040549
0.033808
0.042834
0.041619
0.050351
0.052107
0.048121
0.039645
0.048107
0.058950
0.080784
0.045623
0.048662
0.054473
0.061489
0.056510
0.059709
0.057585
0.058162
0.055602
0.056065
0.058493
0.053076
0.055010
0.054801
0.053814
0.053569
0.048295
0.051381
0.048776
0.048792
0.049904
0.052859
0.048315
0.050653
0.051146
0.050205
0.046734
0.046316
0.045002
0.044223
0.042077
0.041827
0.041477
0.043298
0.044991
