0.119526
0.071305
0.069106
0.068196
0.068624
0.066446
0.064320
0.065134
0.064851
0.063183
0.066192
0.064935
0.063625
0.061998
0.063513
0.062500
0.059263
0.059174
0.058140
0.057515
0.058112
0.054718
0.052827
0.055055
0.056060
0.054694
0.050291
0.048268
0.049661
0.045461
0.048619
0.046150
0.046803
0.042771
0.048023
0.045730
0.039058
0.039619
0.042292
0.036482
0.035852
0.035404
0.036560
0.032750
0.036703
0.035586
0.028217
0.029638
0.030203
0.029758
0.030888
0.028837
0.032063
0.036647
0.031500
0.034427
0.026101
0.025909
0.032347
0.026967
0.027977
0.027750
0.023892
0.026293
0.024726
0.025189
0.022491
0.025021
0.022366
0.023656
0.026375
0.024560
0.023258
0.023308
0.020551
0.021378
0.021799
0.018473
0.023735
0.019334
0.020413
0.022771
0.019878
0.018065
0.018795
0.017611
0.017278
0.019730
0.020668
0.016715
0.018735
0.018809
0.017975
0.017157
0.016848
0.017752
0.016503
0.017734
0.019170
0.013530
0.022723
0.013017
0.019146
0.019219
0.013527
0.017135
0.016440
0.011623
0.009961
0.012098
0.013101
0.007183
0.013168
0.007386
0.010613
0.011872
0.012453
0.010445
0.009401
0.008626
0.011043
0.008645
0.012498
0.008474
0.008933
0.007781
0.008657
0.006395
0.007807
0.006609
0.007679
0.006009
0.006853
0.007610
0.005647
0.006292
0.005521
0.006113
0.007487
0.006866
0.004979
0.007488
0.005456
0.006201
0.007550
0.007329
0.005798
0.007383
0.006698
0.004767
