0.144852
0.122998
0.082579
0.072263
0.071808
0.071389
0.068799
0.065480
0.066786
0.067128
0.061980
0.059058
0.059184
0.060801
0.059211
0.055363
0.051266
0.053537
0.052810
0.048840
0.047612
0.047793
0.050625
0.050608
0.041160
0.043673
0.043605
0.042707
0.041582
0.039629
0.039913
0.039150
0.036208
0.038492
0.035136
0.037243
0.032445
0.032782
0.029648
0.028700
0.027384
0.033956
0.029530
0.031100
0.033782
0.026370
0.033851
0.030144
0.026432
0.027828
0.021576
0.023210
0.024515
0.022866
0.024813
0.025993
0.017962
0.018042
0.020695
0.021476
0.019346
0.018985
0.015256
0.013698
0.016368
0.022592
0.013746
0.027381
0.012759
0.019893
0.016163
0.024885
0.019898
0.014608
0.019010
0.017606
0.015640
0.013348
0.012135
0.013923
0.012893
0.012089
0.014859
0.012965
0.022926
0.015802
0.020604
0.020436
0.019704
0.028588
0.020195
0.020410
0.017820
0.015019
0.021258
0.012724
0.018296
0.019268
0.013959
0.064497
0.030235
0.060844
0.044491
0.032830
0.030159
0.037622
0.042527
0.028455
0.028451
0.047589
0.033949
0.023618
0.025156
0.037047
0.029004
0.013283
0.025559
0.030960
0.031399
0.025993
0.016927
0.016386
0.011349
0.011033
0.013258
0.012185
0.009359
0.010924
0.010007
0.009269
0.009139
0.009075
0.011827
0.011233
0.009639
0.011057
0.009535
0.008988
0.007678
0.011445
0.007856
0.008135
0.006699
0.007645
0.009029
0.006194
0.007857
0.006931
0.006895
0.007455
