0.160000
0.240000
0.220000
0.220000
0.220000
0.260000
0.260000
0.260000
0.260000
0.260000
0.260000
0.260000
0.260000
0.240000
0.240000
0.260000
0.260000
0.260000
0.260000
0.300000
0.300000
0.280000
0.300000
0.300000
0.300000
0.300000
0.280000
0.300000
0.280000
0.300000
0.300000
0.300000
0.300000
0.300000
0.300000
0.300000
0.300000
0.300000
0.300000
0.300000
0.300000
0.300000
0.300000
0.300000
0.300000
0.300000
0.300000
0.300000
0.300000
0.300000
0.300000
0.300000
0.320000
0.300000
0.300000
0.300000
0.300000
0.300000
0.300000
0.300000
0.300000
0.300000
0.300000
0.300000
0.300000
0.300000
0.300000
0.300000
0.300000
0.300000
0.300000
0.300000
0.280000
0.300000
0.320000
0.300000
0.300000
0.300000
0.300000
0.300000
0.320000
0.300000
0.300000
0.320000
0.320000
0.320000
0.320000
0.320000
0.320000
0.320000
0.320000
0.320000
0.320000
0.320000
0.320000
0.320000
0.320000
0.320000
0.320000
0.320000
0.320000
0.320000
0.320000
0.320000
0.320000
0.300000
0.300000
0.300000
0.320000
0.320000
0.320000
0.320000
0.320000
0.320000
0.320000
0.320000
0.320000
0.320000
0.320000
0.320000
0.320000
0.320000
0.320000
0.320000
0.320000
0.320000
0.320000
0.320000
0.320000
0.320000
0.320000
0.320000
0.320000
0.320000
0.320000
0.320000
0.320000
0.320000
0.240000
0.320000
0.320000
0.320000
0.340000
0.300000
0.320000
0.340000
0.340000
0.340000
0.340000
0.340000
