0.112553
0.075242
0.069601
0.062962
0.062286
0.058187
0.057844
0.057761
0.056415
0.059664
0.054891
0.058042
0.051474
0.054677
0.054546
0.056998
0.053604
0.054637
0.054522
0.053273
0.055112
0.055546
0.055450
0.052165
0.052387
0.056239
0.053518
0.052308
0.052780
0.054496
0.051949
0.052918
0.054734
0.054167
0.052998
0.052634
0.052689
0.051039
0.052439
0.050769
0.052502
0.050829
0.051585
0.050918
0.052789
0.051085
0.051339
0.047374
0.046077
0.046153
0.047197
0.050087
0.046372
0.046352
0.046567
0.049330
0.045323
0.045683
0.043894
0.047276
0.044974
0.049008
0.045437
0.049390
0.047701
0.046234
0.047311
0.044257
0.047269
0.042410
0.046251
0.046577
0.044621
0.048635
0.041562
0.047427
0.045896
0.045360
0.045872
0.044598
0.044980
0.045592
0.043165
0.048745
0.042124
0.044778
0.044039
0.044238
0.044676
0.046123
0.045435
0.041606
0.048924
0.043971
0.044178
0.045529
0.042954
0.043092
0.043498
0.040404
0.039815
0.040335
0.041973
0.043262
0.042437
0.042464
0.041218
0.040796
0.044319
0.044793
0.044521
0.045570
0.042359
0.048183
0.041744
0.043558
0.042782
0.042464
0.043586
0.042386
0.043712
0.045046
0.041052
0.041311
0.040827
0.040128
0.044234
0.045734
0.041096
0.043122
0.043241
0.043099
0.040114
0.042667
0.042867
0.044039
0.040585
0.040026
0.040940
0.040675
0.042800
0.040717
0.041208
0.043804
0.039880
0.043300
0.041823
0.040798
0.039400
0.043986
