0.084813
0.071253
0.067551
0.068268
0.068452
0.066714
0.066477
0.069025
0.067408
0.066703
0.065403
0.066821
0.066786
0.065939
0.064882
0.067944
0.066909
0.067496
0.066665
0.065569
0.064259
0.065159
0.063125
0.062978
0.063489
0.062955
0.062727
0.061922
0.064035
0.061352
0.061294
0.065291
0.062637
0.063798
0.063206
0.061763
0.062017
0.063445
0.061931
0.064301
0.062642
0.061140
0.062588
0.062136
0.062067
0.062122
0.063061
0.061856
0.063660
0.060628
0.061457
0.061575
0.062604
0.062485
0.061348
0.060633
0.060678
0.061262
0.059623
0.059142
0.062229
0.061389
0.062015
0.061915
0.060701
0.061846
0.061781
0.061703
0.060740
0.060474
0.062068
0.060549
0.061122
0.062116
0.060108
0.060873
0.057633
0.057845
0.059392
0.060894
0.058177
0.059968
0.061147
0.059165
0.058712
0.061035
0.059414
0.058075
0.058599
0.058560
0.060660
0.061135
0.060051
0.061179
0.059806
0.058359
0.059412
0.058239
0.059637
0.057813
0.056735
0.060043
0.059383
0.059177
0.057473
0.061193
0.060922
0.060084
0.058621
0.056347
0.057884
0.058215
0.058805
0.059751
0.058172
0.059680
0.057808
0.058918
0.056422
0.058366
0.058834
0.058340
0.056659
0.058926
0.058136
0.056400
0.058937
0.057860
0.057657
0.056888
0.057939
0.059753
0.058357
0.058002
0.057311
0.059257
0.057919
0.055468
0.061247
0.059805
0.060672
0.059405
0.057383
0.058697
0.060059
0.059755
0.057491
0.056004
0.057743
0.056974
