0.089321
0.072797
0.076664
0.069939
0.065717
0.061249
0.059101
0.055626
0.052659
0.053992
0.046339
0.046425
0.043550
0.040311
0.038590
0.038099
0.033556
0.031279
0.032359
0.027002
0.029631
0.029316
0.028736
0.024249
0.027927
0.022282
0.025140
0.021489
0.027623
0.020492
0.020038
0.023040
0.019715
0.021073
0.021470
0.017111
0.017694
0.017068
0.025349
0.017895
0.019944
0.036338
0.024623
0.019479
0.015513
0.015554
0.010341
0.007796
0.008653
0.009798
0.007333
0.007765
0.006857
0.006967
0.007136
0.008866
0.005933
0.005355
0.008803
0.005215
0.006589
0.005711
0.009642
0.004459
0.006386
0.008704
0.011166
0.022130
0.014213
0.004608
0.008103
0.011178
0.005274
0.006757
0.005781
0.005653
0.004807
0.005432
0.003539
0.003066
0.003675
0.002962
0.001060
0.003184
0.002382
0.010203
0.004960
0.003147
0.011136
0.005414
0.022374
0.015283
0.013618
0.009443
0.010375
0.008908
0.011271
0.010200
0.009992
0.005337
0.005421
0.005371
0.003494
0.009143
0.009376
0.005209
0.007883
0.008889
0.005003
0.003851
0.007172
0.006891
0.002201
0.009595
0.005987
0.004460
0.002207
0.007699
0.004068
0.010379
0.003344
0.007131
0.003127
0.004516
0.004995
0.003219
0.001811
0.001863
0.001951
0.002927
0.001412
0.001025
0.003023
0.001910
0.001892
0.003803
0.000991
0.002203
0.001793
0.002592
0.005373
0.000538
0.003596
0.002729
0.007365
0.001986
0.028178
0.020949
0.052123
0.013631
