0.074454
0.071463
0.070501
0.066679
0.064309
0.062584
0.059646
0.063130
0.057324
0.053405
0.051632
0.052730
0.048980
0.050671
0.046412
0.046496
0.039542
0.046614
0.036325
0.036695
0.031877
0.035295
0.033459
0.035711
0.028490
0.026187
0.025816
0.026384
0.023257
0.024219
0.021735
0.020183
0.017563
0.015468
0.012117
0.013404
0.015534
0.010833
0.015203
0.009071
0.010338
0.009266
0.006490
0.010972
0.009552
0.023334
0.010198
0.020169
0.015212
0.014332
0.015143
0.013769
0.008689
0.011478
0.008217
0.008970
0.008366
0.008851
0.009086
0.003660
0.004653
0.003391
0.003376
0.005814
0.006872
0.005006
0.003684
0.005028
0.004702
0.002098
0.003612
0.002095
0.001589
0.001044
0.000730
0.000656
0.001035
0.001320
0.000406
0.000729
0.000707
0.001143
0.000515
0.000316
0.001570
0.001480
0.000447
0.000352
0.002649
0.000176
0.000720
0.000850
0.001326
0.001144
0.002290
0.002724
0.011788
0.010573
0.065779
0.015148
0.019307
0.025823
0.019289
0.009869
0.008864
0.009449
0.005342
0.007969
0.004554
0.012580
0.008754
0.012131
0.003003
0.008349
0.006539
0.001176
0.002242
0.002717
0.003438
0.001262
0.004160
0.015432
0.002679
0.024925
0.008631
0.030805
0.022147
0.011601
0.003492
0.019718
0.008049
0.010435
0.004207
0.006621
0.002847
0.005825
0.003386
0.005688
0.001750
0.001695
0.005668
0.002715
0.001658
0.001986
0.000724
0.002086
0.001058
0.003311
0.000490
0.000602
