0.092277
0.087222
0.068532
0.054222
0.064306
0.058579
0.054489
0.048742
0.047034
0.045034
0.044677
0.043226
0.040321
0.039871
0.036931
0.038348
0.032261
0.029677
0.027266
0.025754
0.024918
0.022244
0.024124
0.022215
0.016641
0.017294
0.015872
0.015900
0.014778
0.014190
0.013401
0.012239
0.010484
0.010871
0.008305
0.010921
0.008441
0.010286
0.006216
0.008845
0.009326
0.008080
0.008274
0.007311
0.005173
0.014469
0.007447
0.006560
0.005587
0.007313
0.007440
0.007707
0.008228
0.004983
0.006118
0.005822
0.006301
0.006508
0.003320
0.004531
0.006379
0.003423
0.005271
0.003443
0.008494
0.010305
0.003536
0.005551
0.006685
0.005894
0.003597
0.009427
0.005785
0.009204
0.004801
0.018526
0.004403
0.012691
0.004013
0.007080
0.004222
0.010729
0.007259
0.005079
0.004381
0.003090
0.003142
0.002226
0.004586
0.002787
0.004582
0.004160
0.004196
0.004330
0.015297
0.003593
0.015878
0.003628
0.035126
0.006074
0.007509
0.007245
0.012862
0.006681
0.003724
0.003052
0.003251
0.002431
0.003290
0.002182
0.002301
0.002343
0.004023
0.001430
0.001080
0.001749
0.001255
0.000789
0.002051
0.003112
0.002170
0.002930
0.001816
0.001831
0.000359
0.005125
0.005097
0.000252
0.002928
0.008102
0.003152
0.023275
0.009410
0.002820
0.001051
0.001035
0.004301
0.000644
0.002615
0.003036
0.004612
0.000340
0.002528
0.000377
0.000502
0.000768
0.000594
0.001271
0.001075
0.001227
