0.079496
0.073593
0.070801
0.069262
0.067446
0.064414
0.061015
0.054774
0.056666
0.056211
0.051199
0.053220
0.048398
0.046947
0.045452
0.042077
0.041794
0.039388
0.042510
0.037963
0.034408
0.031752
0.033848
0.033533
0.030434
0.030896
0.028922
0.027588
0.026558
0.021225
0.017500
0.010919
0.011709
0.011834
0.009591
0.009129
0.010558
0.006729
0.006284
0.006312
0.010710
0.005940
0.011737
0.011814
0.017144
0.011015
0.015111
0.008069
0.010398
0.006599
0.010571
0.011620
0.008687
0.013435
0.011511
0.007070
0.004892
0.008478
0.006059
0.006892
0.004386
0.005289
0.010121
0.005516
0.008322
0.014890
0.012929
0.012428
0.014840
0.018820
0.006040
0.023648
0.014805
0.022293
0.011219
0.007267
0.011021
0.009037
0.004920
0.006454
0.004232
0.004328
0.004352
0.004139
0.002823
0.003121
0.003021
0.003155
0.004027
0.003066
0.002417
0.002779
0.003267
0.002815
0.002147
0.003171
0.000976
0.002168
0.003319
0.001088
0.001181
0.002250
0.000962
0.000747
0.001513
0.004393
0.000871
0.011628
0.004597
0.002722
0.001030
0.006794
0.000507
0.002047
0.007040
0.001174
0.003964
0.005740
0.003262
0.008052
0.014794
0.003805
0.000926
0.005985
0.001743
0.002427
0.003037
0.001392
0.005216
0.000918
0.002490
0.002233
0.001221
0.001222
0.002336
0.002029
0.001403
0.001082
0.000676
0.000637
0.001188
0.000512
0.002666
0.001271
0.004823
0.000576
0.002499
0.000397
0.002078
0.003087
