0.072006
0.068264
0.069621
0.067130
0.065971
0.067856
0.066987
0.068531
0.066145
0.065540
0.068254
0.067271
0.066459
0.066248
0.066166
0.066550
0.066710
0.065364
0.066121
0.064418
0.064936
0.065534
0.066674
0.065218
0.065419
0.065114
0.065395
0.068572
0.066013
0.064930
0.063964
0.066204
0.062614
0.066173
0.062159
0.058859
0.059716
0.065406
0.061206
0.059483
0.060884
0.061765
0.056660
0.059105
0.060018
0.058931
0.058575
0.060054
0.058288
0.059137
0.056982
0.055846
0.056324
0.055560
0.056716
0.052928
0.052432
0.055985
0.053879
0.056619
0.055050
0.052547
0.052094
0.054823
0.052184
0.049643
0.049486
0.052826
0.049758
0.048666
0.050612
0.049996
0.051366
0.047250
0.049728
0.049640
0.046915
0.049870
0.047626
0.049575
0.046951
0.045160
0.047896
0.044421
0.045738
0.047710
0.043553
0.042686
0.044009
0.049929
0.047191
0.044549
0.047595
0.046082
0.050886
0.044901
0.049426
0.044851
0.061148
0.048519
0.052599
0.048748
0.051713
0.050509
0.051330
0.051901
0.053591
0.056678
0.041650
0.057662
0.049219
0.049948
0.051216
0.043882
0.052310
0.047266
0.044137
0.046661
0.044645
0.042808
0.042119
0.044908
0.043988
0.047026
0.043759
0.041081
0.044007
0.044444
0.040716
0.040525
0.042562
0.042937
0.041771
0.038669
0.039791
0.037620
0.040483
0.041176
0.038211
0.038645
0.039786
0.040954
0.037885
0.036859
0.036953
0.038779
0.036659
0.036980
0.035550
0.037822
