0.168069
0.076783
0.070191
0.070839
0.071670
0.071670
0.071670
0.071670
0.071670
0.071670
0.071670
0.071670
0.071670
0.071670
0.071670
0.071670
0.071670
0.071670
0.071670
0.071670
0.071203
0.071203
0.070996
0.069058
0.070123
0.066993
0.068496
0.066933
0.066557
0.070251
0.067265
0.063569
0.066308
0.062793
0.063460
0.060652
0.062612
0.060535
0.060140
0.063808
0.060865
0.061927
0.058889
0.057291
0.063248
0.055767
0.061106
0.062592
0.058765
0.060205
0.056017
0.057384
0.055290
0.055736
0.055324
0.054325
0.053163
0.053085
0.050346
0.049006
0.046757
0.049718
0.049908
0.045957
0.046613
0.046757
0.044871
0.041901
0.041387
0.041177
0.039600
0.047337
0.036755
0.039084
0.041957
0.037302
0.036831
0.036541
0.030091
0.033084
0.031313
0.033013
0.031101
0.026365
0.025640
0.022883
0.022957
0.027774
0.022169
0.024825
0.022000
0.022335
0.015731
0.020650
0.017035
0.015591
0.015175
0.015418
0.012324
0.019299
0.013838
0.012214
0.012866
0.013333
0.009028
0.009494
0.011727
0.010083
0.007423
0.007062
0.010014
0.007343
0.008133
0.010768
0.008826
0.008298
0.006987
0.006119
0.006071
0.006233
0.005583
0.007290
0.005976
0.005648
0.006023
0.004358
0.003885
0.004108
0.005241
0.004522
0.004873
0.003994
0.004970
0.003791
0.005053
0.003873
0.005471
0.004468
0.004607
0.007998
0.003556
0.008993
0.004400
0.005046
0.004221
0.008480
0.003291
0.004869
0.003351
0.003167
