0.092828
0.071050
0.071828
0.071670
0.071670
0.071670
0.071203
0.071670
0.071483
0.070411
0.069128
0.073530
0.069518
0.069230
0.071203
0.070839
0.071203
0.070735
0.070371
0.069904
0.069904
0.070463
0.069177
0.069243
0.068914
0.071476
0.065961
0.065861
0.065448
0.066149
0.062386
0.064544
0.063514
0.066966
0.057935
0.059595
0.061424
0.054010
0.058460
0.058727
0.058401
0.052825
0.052405
0.052454
0.047177
0.049184
0.039711
0.043394
0.046780
0.045520
0.040908
0.044177
0.037898
0.039919
0.033726
0.035926
0.033145
0.031369
0.031052
0.025099
0.021541
0.022426
0.023248
0.025846
0.023509
0.019818
0.019672
0.019431
0.017536
0.015509
0.015314
0.012996
0.015987
0.014592
0.012440
0.011794
0.012771
0.013248
0.010493
0.010983
0.011551
0.009982
0.012426
0.010993
0.012556
0.012267
0.014208
0.022014
0.022888
0.021696
0.029677
0.019123
0.012849
0.015184
0.017027
0.016714
0.012324
0.009236
0.006788
0.007760
0.011631
0.005928
0.010553
0.005617
0.003190
0.003369
0.006150
0.002352
0.003823
0.004126
0.001947
0.001218
0.002571
0.001357
0.001889
0.001990
0.001257
0.001964
0.002806
0.001576
0.002243
0.001177
0.000812
0.001591
0.000400
0.001223
0.001521
0.000647
0.000341
0.001466
0.000723
0.002378
0.000857
0.004135
0.000552
0.000390
0.000604
0.001198
0.000605
0.000657
0.000258
0.000583
0.000400
0.000449
0.001810
0.000608
0.001646
0.002906
0.000562
0.000218
