0.103743
0.080034
0.073242
0.071588
0.070467
0.066574
0.068001
0.068202
0.065903
0.069926
0.065142
0.064745
0.062464
0.061601
0.058061
0.063050
0.057586
0.057528
0.054137
0.053128
0.057597
0.052033
0.054068
0.056538
0.055290
0.050448
0.052562
0.047536
0.048737
0.046990
0.049515
0.046863
0.047098
0.046803
0.044019
0.042026
0.040445
0.037983
0.039964
0.040755
0.042327
0.040889
0.038986
0.037623
0.038107
0.036367
0.037458
0.034440
0.034422
0.033662
0.034020
0.031313
0.031864
0.038127
0.029741
0.028692
0.029907
0.028285
0.031839
0.031027
0.027125
0.024478
0.025576
0.025280
0.020541
0.022992
0.021236
0.022532
0.024395
0.020320
0.022003
0.022425
0.023601
0.020797
0.021196
0.021614
0.023377
0.019070
0.021548
0.018040
0.019386
0.020579
0.019017
0.017522
0.018275
0.019959
0.015750
0.016304
0.013423
0.015631
0.013915
0.015280
0.012791
0.015049
0.011489
0.013904
0.015083
0.013270
0.011784
0.011651
0.012545
0.013215
0.012869
0.011749
0.018443
0.015734
0.010112
0.012206
0.013414
0.013187
0.015233
0.012303
0.014108
0.013983
0.014400
0.012689
0.014015
0.014884
0.011308
0.010936
0.013702
0.010928
0.008878
0.006076
0.008004
0.011121
0.003184
0.006697
0.007379
0.005447
0.002758
0.004587
0.004802
0.005914
0.007983
0.003818
0.007082
0.006570
0.007796
0.007554
0.008059
0.008125
0.003853
0.009742
0.005208
0.005720
0.009987
0.002312
0.002638
0.002631
