0.134013
0.084465
0.070841
0.071050
0.071828
0.071670
0.071670
0.071670
0.071670
0.071670
0.071670
0.071670
0.070839
0.068035
0.070285
0.068835
0.069542
0.069721
0.069303
0.069322
0.068556
0.067555
0.067422
0.063348
0.064153
0.063534
0.064120
0.063989
0.063915
0.060983
0.058976
0.058863
0.059388
0.057871
0.057506
0.058035
0.057514
0.056757
0.057218
0.055406
0.057716
0.055151
0.057406
0.051675
0.055340
0.055985
0.053651
0.051655
0.052198
0.051078
0.052560
0.049807
0.046530
0.048271
0.049270
0.048141
0.050786
0.051222
0.049396
0.046990
0.048787
0.047939
0.045691
0.050263
0.044820
0.046544
0.049480
0.048326
0.048191
0.044424
0.044900
0.044680
0.046977
0.044390
0.045406
0.043639
0.042872
0.042089
0.043342
0.042004
0.045386
0.041729
0.041411
0.041663
0.041516
0.040056
0.039094
0.040647
0.039038
0.037079
0.037946
0.037398
0.036509
0.034512
0.034051
0.032658
0.039078
0.033440
0.031700
0.030599
0.032728
0.028461
0.029142
0.029234
0.030310
0.027536
0.026157
0.026395
0.023776
0.025376
0.025601
0.023209
0.023483
0.024153
0.022016
0.022473
0.020963
0.023379
0.022995
0.025113
0.020153
0.020903
0.019523
0.018316
0.016063
0.019123
0.017185
0.016456
0.014104
0.015642
0.016827
0.011843
0.013080
0.014014
0.011434
0.009883
0.012518
0.008646
0.010676
0.007127
0.011451
0.008625
0.006463
0.007415
0.008154
0.007821
0.006335
0.005518
0.007131
0.006356
