0.123571
0.085469
0.093859
0.091916
0.076552
0.072385
0.073461
0.063975
0.061612
0.061002
0.057197
0.056520
0.055180
0.052133
0.048531
0.052085
0.047457
0.046813
0.044145
0.043396
0.043148
0.038272
0.034835
0.036579
0.030140
0.030848
0.032498
0.027744
0.029280
0.027024
0.029166
0.026815
0.022346
0.021020
0.020636
0.020921
0.019059
0.018832
0.016967
0.014080
0.014406
0.014757
0.012891
0.012881
0.010520
0.012455
0.009546
0.009984
0.010686
0.008065
0.006994
0.007613
0.007081
0.005118
0.004845
0.004537
0.004630
0.005256
0.004454
0.003701
0.003337
0.003601
0.003426
0.003185
0.002573
0.001868
0.002510
0.002802
0.002480
0.002041
0.001767
0.001651
0.001988
0.002139
0.001809
0.001784
0.001710
0.001671
0.001465
0.001612
0.001337
0.001676
0.001659
0.001557
0.000959
0.001095
0.000869
0.000807
0.000964
0.001019
0.001035
0.000842
0.000739
0.000838
0.000833
0.000566
0.000698
0.000673
0.000713
0.000706
0.000608
0.000557
0.000718
0.000646
0.000542
0.000580
0.000527
0.000607
0.000488
0.000437
0.000584
0.000507
0.000493
0.000438
0.000445
0.000440
0.000429
0.000406
0.000419
0.000447
0.000422
0.000398
0.000393
0.000402
0.000428
0.000485
0.000403
0.000405
0.000387
0.000364
0.000388
0.000350
0.000451
0.000373
0.000380
0.000457
0.000384
0.000348
0.000328
0.000362
0.000331
0.000312
0.000310
0.000321
0.000285
0.000279
0.000325
0.000292
0.000281
0.000284
