0.098066
0.081005
0.085913
0.071906
0.069382
0.067220
0.065149
0.061537
0.057991
0.063802
0.056256
0.052832
0.053365
0.052616
0.049357
0.050781
0.046081
0.047563
0.043948
0.041692
0.042184
0.039404
0.041136
0.035715
0.037712
0.034723
0.031813
0.032699
0.031632
0.033447
0.033181
0.028257
0.027587
0.025632
0.023556
0.021707
0.024512
0.020728
0.020293
0.020453
0.018510
0.016216
0.016268
0.017274
0.013149
0.012838
0.011706
0.011189
0.009968
0.008965
0.009720
0.008956
0.008462
0.007848
0.008413
0.005989
0.004918
0.005509
0.004914
0.004827
0.005193
0.003835
0.003997
0.004048
0.003793
0.002984
0.002955
0.002735
0.002688
0.002203
0.001931
0.002147
0.002045
0.002111
0.001897
0.001713
0.001426
0.001606
0.001121
0.001247
0.001064
0.001028
0.000871
0.000871
0.000824
0.000898
0.000834
0.000664
0.000756
0.000749
0.000852
0.000674
0.000798
0.000840
0.000677
0.000653
0.000641
0.000822
0.000543
0.000560
0.000566
0.000598
0.000683
0.000561
0.000542
0.000520
0.000505
0.000429
0.000811
0.000575
0.000479
0.000546
0.000505
0.000481
0.000502
0.000472
0.000517
0.000505
0.000424
0.000465
0.000448
0.000427
0.000437
0.000402
0.000449
0.000464
0.000402
0.000425
0.000499
0.000439
0.000366
0.000399
0.000381
0.000344
0.000397
0.000421
0.000391
0.000356
0.000368
0.000355
0.000337
0.000421
0.000386
0.000336
0.000329
0.000374
0.000315
0.000312
0.000324
0.000283
