0.157808
0.094269
0.108967
0.104231
0.081889
0.075454
0.073475
0.072423
0.071328
0.068407
0.065941
0.066755
0.065778
0.062760
0.065291
0.061317
0.056608
0.058193
0.057072
0.059799
0.054399
0.052888
0.050843
0.048940
0.051931
0.047137
0.048301
0.046689
0.042219
0.041308
0.038087
0.043986
0.040531
0.041234
0.038452
0.036339
0.040597
0.037027
0.032294
0.032940
0.030575
0.029854
0.024984
0.023989
0.024705
0.025653
0.021490
0.023785
0.019767
0.018932
0.019363
0.018502
0.018488
0.016064
0.013398
0.013932
0.011345
0.013412
0.011274
0.011876
0.010863
0.010579
0.009273
0.010484
0.010962
0.008852
0.007537
0.008868
0.007913
0.006980
0.006313
0.007057
0.005621
0.006454
0.007337
0.006676
0.005727
0.005168
0.005239
0.005727
0.005465
0.004078
0.005314
0.005284
0.005104
0.003734
0.003947
0.003078
0.003577
0.003532
0.003198
0.002658
0.003147
0.003117
0.002399
0.002123
0.002600
0.001980
0.002244
0.002041
0.001700
0.002087
0.002030
0.002065
0.002104
0.001570
0.001338
0.001537
0.002148
0.001564
0.001570
0.001368
0.001215
0.001049
0.001284
0.001174
0.001401
0.001004
0.001316
0.001169
0.001171
0.001260
0.001004
0.001153
0.001132
0.000999
0.000903
0.001254
0.001062
0.000768
0.000823
0.000820
0.000774
0.000676
0.000785
0.000750
0.000953
0.000848
0.000879
0.000937
0.000755
0.000832
0.000724
0.000854
0.000693
0.000870
0.000853
0.000812
0.000605
0.000694
