0.083395
0.074901
0.075239
0.073457
0.072697
0.072608
0.072657
0.070740
0.070184
0.071360
0.071950
0.071670
0.070371
0.070931
0.070852
0.069520
0.069693
0.069790
0.068005
0.066952
0.068591
0.067936
0.067551
0.067237
0.064651
0.065073
0.067151
0.063879
0.063586
0.065025
0.065075
0.063288
0.063304
0.060140
0.061088
0.060973
0.063501
0.061152
0.063815
0.059557
0.060227
0.058797
0.058246
0.058596
0.057831
0.057841
0.059228
0.057787
0.057191
0.058542
0.057632
0.059402
0.054526
0.058398
0.057351
0.056995
0.056200
0.055684
0.054027
0.054595
0.052727
0.056364
0.055002
0.053234
0.052118
0.054187
0.055970
0.052925
0.053163
0.052626
0.050196
0.050136
0.049122
0.045516
0.044457
0.043836
0.044560
0.043049
0.041174
0.041280
0.038908
0.043270
0.038468
0.041004
0.040146
0.035132
0.036842
0.037628
0.038626
0.036264
0.036430
0.035527
0.034416
0.034758
0.034490
0.033549
0.033418
0.035868
0.035986
0.035518
0.032521
0.033147
0.029234
0.032531
0.029105
0.028633
0.031513
0.029803
0.029184
0.035086
0.025257
0.021169
0.022555
0.030251
0.021830
0.024920
0.020584
0.021286
0.020200
0.022322
0.019007
0.020073
0.018301
0.018171
0.017176
0.019587
0.015997
0.015526
0.014411
0.014321
0.014832
0.015762
0.016877
0.013746
0.011191
0.013124
0.012545
0.012033
0.014164
0.013615
0.010507
0.010271
0.009971
0.010985
0.010261
0.010652
0.009497
0.008002
0.007959
0.006191
