0.179072
0.128968
0.100818
0.079117
0.074979
0.073194
0.071358
0.070570
0.069465
0.069367
0.069940
0.069822
0.068539
0.066264
0.066662
0.066759
0.064839
0.064814
0.064454
0.068196
0.065640
0.062975
0.063417
0.064252
0.063602
0.061970
0.061992
0.064612
0.059615
0.058943
0.060106
0.059173
0.061246
0.059435
0.059462
0.060368
0.057080
0.059053
0.057256
0.056231
0.054170
0.054590
0.054147
0.056264
0.052339
0.055447
0.052210
0.057794
0.053782
0.052590
0.051378
0.052320
0.051223
0.047476
0.050372
0.047846
0.050452
0.043539
0.050242
0.047049
0.049350
0.050563
0.047527
0.046412
0.045643
0.045802
0.047091
0.045617
0.044807
0.043846
0.046389
0.039482
0.042061
0.040566
0.041594
0.045211
0.042398
0.042052
0.042298
0.040045
0.041577
0.038664
0.038606
0.036645
0.034562
0.034050
0.034997
0.034265
0.032299
0.031077
0.029242
0.030531
0.026998
0.032087
0.025563
0.025206
0.027175
0.027157
0.026539
0.025028
0.023380
0.022870
0.022150
0.021148
0.021385
0.020415
0.019284
0.018776
0.019981
0.018555
0.019562
0.018194
0.018832
0.017584
0.017850
0.017356
0.016802
0.014620
0.015856
0.013397
0.012956
0.013096
0.013224
0.011988
0.011340
0.012191
0.010563
0.013258
0.012927
0.010219
0.013914
0.011758
0.010718
0.013002
0.012303
0.010800
0.010349
0.011035
0.009715
0.010715
0.009737
0.007763
0.008568
0.009108
0.008707
0.008099
0.007172
0.007384
0.006458
0.006549
