0.143132
0.079326
0.073967
0.071145
0.069508
0.073230
0.068615
0.070219
0.069737
0.068180
0.072725
0.069405
0.067254
0.062805
0.066461
0.064471
0.063879
0.064906
0.063727
0.061553
0.059085
0.062045
0.058978
0.060108
0.058119
0.059407
0.055067
0.054590
0.054659
0.053907
0.051302
0.052640
0.054847
0.054933
0.052594
0.054840
0.054349
0.052482
0.055460
0.050991
0.049402
0.051855
0.051041
0.050501
0.050793
0.048655
0.050490
0.047735
0.048685
0.044156
0.047269
0.044568
0.043862
0.044986
0.044301
0.044662
0.044790
0.042883
0.044425
0.045834
0.040609
0.039499
0.039465
0.042167
0.041311
0.038937
0.038458
0.038338
0.038580
0.037139
0.038799
0.037146
0.036730
0.035260
0.037819
0.034499
0.033818
0.035249
0.033950
0.032011
0.033343
0.032865
0.032947
0.032026
0.032542
0.029842
0.030851
0.032301
0.025828
0.028660
0.028070
0.028217
0.028816
0.030287
0.027635
0.026979
0.027372
0.030101
0.029433
0.029158
0.027382
0.027144
0.026844
0.027744
0.028325
0.023742
0.026043
0.024006
0.022719
0.023501
0.021029
0.023172
0.024399
0.021224
0.023366
0.024857
0.023312
0.021682
0.024223
0.021423
0.021695
0.023758
0.018473
0.020627
0.018503
0.019033
0.018094
0.018919
0.017750
0.018442
0.017140
0.017670
0.018558
0.017014
0.017170
0.015407
0.018383
0.014631
0.018550
0.014969
0.017655
0.017060
0.015583
0.016390
0.016444
0.013203
0.016149
0.013451
0.013669
0.013903
