0.071175
0.066164
0.065582
0.065290
0.065102
0.064030
0.064253
0.063733
0.056899
0.056222
0.053694
0.053018
0.060087
0.051816
0.050002
0.053737
0.052701
0.052626
0.050119
0.050883
0.051061
0.048301
0.050014
0.047235
0.051044
0.047375
0.047557
0.042077
0.046359
0.045279
0.044505
0.041592
0.043486
0.037983
0.037368
0.036825
0.035661
0.039700
0.037526
0.041778
0.039226
0.036563
0.037342
0.038633
0.034543
0.035506
0.030690
0.028205
0.032798
0.030892
0.030622
0.031903
0.034426
0.029856
0.027316
0.027906
0.023694
0.023434
0.024507
0.029942
0.024278
0.024942
0.025386
0.017722
0.021496
0.022418
0.031334
0.024083
0.026925
0.025253
0.021416
0.020012
0.022464
0.016822
0.019907
0.024368
0.023493
0.035138
0.018595
0.029266
0.025496
0.021860
0.032627
0.028681
0.038783
0.025354
0.025408
0.018576
0.021806
0.024922
0.037230
0.024797
0.023697
0.021829
0.016932
0.025894
0.046832
0.034936
0.026425
0.032962
0.024301
0.025018
0.032544
0.024724
0.022291
0.017375
0.027938
0.018662
0.025970
0.020443
0.026649
0.031754
0.022723
0.036630
0.026421
0.026206
0.026470
0.026730
0.029780
0.035910
0.031667
0.022298
0.018607
0.024762
0.017719
0.014426
0.017004
0.022310
0.020073
0.023303
0.016437
0.018373
0.017228
0.017486
0.010623
0.017479
0.014065
0.011657
0.015129
0.015835
0.016962
0.009934
0.017253
0.017716
0.007943
0.008773
0.013157
0.020495
0.015862
0.014438
