0.064408
0.063110
0.062007
0.064950
0.060743
0.061058
0.058068
0.055263
0.055992
0.050483
0.052738
0.053664
0.056520
0.051002
0.047098
0.047166
0.050744
0.051520
0.048880
0.045338
0.047226
0.042735
0.043140
0.046640
0.040810
0.041659
0.042610
0.041910
0.044175
0.044930
0.039125
0.041544
0.041600
0.039931
0.040494
0.041069
0.036594
0.036534
0.038112
0.036743
0.033105
0.037069
0.029548
0.033440
0.035782
0.033573
0.032092
0.029646
0.029664
0.040554
0.026819
0.033322
0.033953
0.029357
0.032457
0.031744
0.028326
0.028084
0.028162
0.026991
0.025615
0.027460
0.026272
0.031445
0.027764
0.033273
0.028828
0.021632
0.024303
0.028068
0.026397
0.023625
0.035911
0.021055
0.032932
0.025124
0.020572
0.020268
0.023188
0.020018
0.024957
0.019806
0.014173
0.021384
0.025970
0.024406
0.022535
0.018501
0.022422
0.021060
0.019366
0.023294
0.022829
0.014799
0.019352
0.023272
0.021591
0.030935
0.020181
0.015997
0.020414
0.021690
0.016904
0.018062
0.025751
0.023706
0.015578
0.015487
0.023598
0.013781
0.012907
0.017476
0.014950
0.013097
0.011837
0.019190
0.011596
0.010323
0.010146
0.008240
0.012025
0.013468
0.007227
0.012754
0.010521
0.017933
0.005794
0.023266
0.019642
0.020322
0.024813
0.015179
0.011869
0.013021
0.011474
0.009614
0.009291
0.016368
0.010983
0.043654
0.012700
0.010995
0.015296
0.012322
0.015448
0.011530
0.007664
0.015256
0.007796
0.014404
