0.193238
0.127999
0.062628
0.065704
0.056272
0.059672
0.057340
0.058388
0.058225
0.059264
0.059491
0.059456
0.059039
0.057290
0.057292
0.056781
0.058194
0.058447
0.058504
0.058596
0.055526
0.060528
0.057056
0.058053
0.056803
0.054959
0.051219
0.054412
0.054145
0.051814
0.050687
0.052563
0.050920
0.052733
0.050775
0.052622
0.046037
0.050289
0.048823
0.047551
0.049091
0.051493
0.054434
0.047691
0.049193
0.049330
0.049421
0.053633
0.052316
0.052157
0.049969
0.049370
0.051743
0.051578
0.050803
0.053002
0.051853
0.048244
0.052570
0.051007
0.047817
0.050869
0.046990
0.049638
0.049867
0.048933
0.047095
0.050179
0.049773
0.046569
0.048522
0.045504
0.046016
0.043324
0.048895
0.048775
0.048783
0.050795
0.049773
0.052751
0.047211
0.046098
0.047968
0.050587
0.049466
0.047217
0.047988
0.046563
0.050077
0.049372
0.050073
0.049199
0.047331
0.047475
0.048379
0.047607
0.044422
0.048154
0.046425
0.047698
0.047960
0.046196
0.045337
0.046491
0.048417
0.046521
0.045290
0.045513
0.046478
0.045904
0.048230
0.045171
0.044622
0.046080
0.045393
0.054101
0.044814
0.044842
0.046430
0.047213
0.046116
0.046179
0.053371
0.046037
0.044516
0.045692
0.047995
0.044904
0.040791
0.048437
0.043911
0.041634
0.039537
0.043475
0.058778
0.047129
0.042172
0.041156
0.042845
0.045903
0.041611
0.044507
0.043468
0.047226
0.040721
0.043573
0.038131
0.041291
0.041453
0.043072
