0.102279
0.071837
0.071670
0.071670
0.071670
0.071670
0.071670
0.071670
0.064272
0.067135
0.066040
0.062171
0.063736
0.067197
0.063176
0.064509
0.060752
0.063892
0.062626
0.063537
0.060991
0.060559
0.062893
0.060801
0.059212
0.059378
0.059971
0.059066
0.062576
0.060623
0.059623
0.061811
0.060339
0.054030
0.058139
0.061497
0.061659
0.057257
0.058801
0.062603
0.060434
0.061366
0.058091
0.060011
0.060307
0.060528
0.059535
0.058853
0.059593
0.061007
0.060829
0.058746
0.065997
0.059904
0.059204
0.062283
0.062496
0.061038
0.059020
0.057077
0.058951
0.060317
0.064464
0.055937
0.060618
0.061263
0.062719
0.060361
0.061112
0.058919
0.060592
0.060460
0.059870
0.058582
0.057277
0.059845
0.063228
0.059224
0.058562
0.062124
0.059842
0.059738
0.064441
0.058637
0.059980
0.057174
0.056093
0.060077
0.058062
0.059021
0.061412
0.055747
0.047816
0.051416
0.052732
0.047069
0.045474
0.046765
0.050049
0.045009
0.049487
0.047201
0.047894
0.051727
0.047090
0.044007
0.046246
0.047947
0.050777
0.049545
0.048713
0.049481
0.056008
0.047736
0.051724
0.052532
0.048515
0.048590
0.050701
0.042178
0.045064
0.044392
0.044281
0.046539
0.049185
0.044811
0.053297
0.048680
0.045537
0.040576
0.045617
0.046146
0.046441
0.044741
0.053234
0.042593
0.044871
0.043447
0.045273
0.047271
0.042113
0.046353
0.052937
0.049296
0.049418
0.052383
0.047298
0.049457
0.046713
0.050926
