0.180000
0.195000
0.210000
0.240000
0.330000
0.355000
0.420000
0.440000
0.470000
0.530000
0.575000
0.580000
0.580000
0.590000
0.615000
0.580000
0.655000
0.640000
0.690000
0.620000
0.700000
0.695000
0.725000
0.675000
0.760000
0.785000
0.810000
0.815000
0.755000
0.760000
0.810000
0.825000
0.865000
0.890000
0.865000
0.905000
0.885000
0.900000
0.940000
0.920000
0.935000
0.905000
0.900000
0.930000
0.945000
0.965000
0.975000
0.970000
0.995000
0.990000
0.985000
0.975000
0.990000
0.995000
0.995000
0.975000
1.000000
0.960000
0.995000
0.990000
1.000000
0.990000
0.970000
0.985000
0.995000
1.000000
0.995000
0.995000
0.990000
1.000000
1.000000
1.000000
1.000000
0.990000
1.000000
1.000000
1.000000
1.000000
1.000000
1.000000
0.995000
1.000000
1.000000
1.000000
1.000000
1.000000
1.000000
1.000000
1.000000
1.000000
1.000000
1.000000
1.000000
1.000000
1.000000
1.000000
1.000000
1.000000
1.000000
1.000000
1.000000
1.000000
1.000000
1.000000
1.000000
1.000000
1.000000
0.985000
0.995000
1.000000
0.975000
0.970000
0.925000
0.970000
0.955000
0.955000
0.960000
0.955000
0.955000
0.935000
0.940000
0.905000
0.975000
0.980000
0.995000
0.980000
1.000000
1.000000
0.995000
1.000000
0.995000
1.000000
1.000000
1.000000
1.000000
1.000000
1.000000
1.000000
1.000000
1.000000
1.000000
1.000000
1.000000
1.000000
1.000000
1.000000
1.000000
1.000000
1.000000
1.000000
