0.140000
0.320000
0.395000
0.425000
0.460000
0.500000
0.520000
0.510000
0.630000
0.570000
0.570000
0.605000
0.630000
0.625000
0.660000
0.685000
0.670000
0.725000
0.705000
0.735000
0.755000
0.795000
0.790000
0.855000
0.860000
0.895000
0.920000
0.885000
0.925000
0.920000
0.945000
0.930000
0.955000
0.975000
0.960000
0.930000
0.945000
0.935000
0.945000
0.930000
0.950000
0.940000
0.980000
0.970000
0.970000
0.980000
0.985000
0.955000
0.985000
0.980000
0.990000
0.985000
0.990000
1.000000
0.990000
0.995000
0.990000
1.000000
0.995000
1.000000
0.995000
0.995000
1.000000
0.990000
1.000000
0.995000
1.000000
0.990000
1.000000
1.000000
0.995000
1.000000
1.000000
0.995000
0.990000
1.000000
0.990000
1.000000
0.985000
0.990000
0.990000
1.000000
1.000000
0.975000
0.925000
0.935000
0.915000
0.980000
0.940000
0.900000
0.955000
0.975000
0.945000
0.955000
0.940000
0.940000
0.955000
0.985000
0.945000
0.865000
0.905000
0.930000
0.960000
0.970000
0.975000
0.985000
0.960000
1.000000
0.985000
0.985000
1.000000
1.000000
1.000000
1.000000
1.000000
1.000000
0.995000
1.000000
1.000000
1.000000
1.000000
1.000000
0.995000
1.000000
1.000000
1.000000
1.000000
1.000000
1.000000
1.000000
1.000000
1.000000
0.995000
1.000000
1.000000
1.000000
1.000000
1.000000
1.000000
1.000000
1.000000
1.000000
1.000000
1.000000
1.000000
1.000000
1.000000
1.000000
1.000000
1.000000
