0.205000
0.215000
0.225000
0.290000
0.260000
0.310000
0.365000
0.410000
0.365000
0.455000
0.470000
0.455000
0.505000
0.495000
0.440000
0.465000
0.450000
0.535000
0.545000
0.565000
0.580000
0.625000
0.615000
0.675000
0.685000
0.710000
0.700000
0.715000
0.745000
0.715000
0.775000
0.765000
0.790000
0.800000
0.795000
0.770000
0.845000
0.825000
0.870000
0.810000
0.885000
0.865000
0.835000
0.910000
0.905000
0.925000
0.915000
0.930000
0.930000
0.890000
0.950000
0.925000
0.885000
0.885000
0.920000
0.930000
0.970000
0.965000
0.980000
0.970000
0.990000
0.995000
0.990000
0.995000
0.990000
0.990000
0.995000
1.000000
0.990000
0.990000
0.975000
0.965000
0.965000
0.955000
0.980000
0.995000
0.985000
0.990000
0.995000
0.985000
1.000000
1.000000
0.995000
0.995000
0.990000
1.000000
0.995000
0.980000
0.925000
0.935000
0.940000
0.975000
0.990000
0.985000
0.995000
0.990000
0.995000
1.000000
1.000000
1.000000
1.000000
1.000000
1.000000
1.000000
1.000000
1.000000
1.000000
1.000000
1.000000
1.000000
1.000000
1.000000
1.000000
1.000000
1.000000
1.000000
1.000000
1.000000
1.000000
1.000000
1.000000
1.000000
1.000000
1.000000
1.000000
1.000000
1.000000
1.000000
1.000000
1.000000
1.000000
1.000000
1.000000
1.000000
1.000000
1.000000
1.000000
1.000000
1.000000
1.000000
1.000000
1.000000
1.000000
1.000000
1.000000
1.000000
1.000000
1.000000
1.000000
1.000000
