0.155000
0.195000
0.180000
0.200000
0.205000
0.230000
0.245000
0.245000
0.295000
0.325000
0.320000
0.335000
0.365000
0.410000
0.395000
0.440000
0.455000
0.515000
0.525000
0.520000
0.640000
0.585000
0.625000
0.610000
0.635000
0.675000
0.615000
0.680000
0.655000
0.655000
0.695000
0.665000
0.665000
0.690000
0.715000
0.705000
0.715000
0.710000
0.740000
0.740000
0.680000
0.730000
0.690000
0.695000
0.725000
0.735000
0.745000
0.765000
0.765000
0.835000
0.870000
0.880000
0.880000
0.905000
0.940000
0.885000
0.925000
0.920000
0.915000
0.925000
0.925000
0.910000
0.940000
0.980000
0.950000
0.960000
0.985000
0.990000
0.975000
0.990000
1.000000
0.980000
1.000000
0.980000
0.995000
1.000000
0.970000
0.990000
1.000000
0.995000
0.975000
0.990000
1.000000
0.990000
0.980000
0.975000
0.965000
0.970000
0.980000
0.990000
0.995000
0.990000
1.000000
1.000000
0.995000
1.000000
1.000000
1.000000
1.000000
0.995000
1.000000
1.000000
0.990000
1.000000
0.995000
1.000000
0.995000
1.000000
1.000000
1.000000
1.000000
1.000000
1.000000
1.000000
1.000000
0.995000
0.995000
0.985000
0.920000
0.945000
0.915000
0.925000
0.955000
0.980000
0.970000
0.975000
0.955000
0.965000
0.970000
0.965000
0.995000
0.995000
0.990000
0.980000
0.990000
0.995000
1.000000
0.985000
1.000000
1.000000
1.000000
1.000000
1.000000
1.000000
1.000000
0.995000
1.000000
1.000000
1.000000
0.995000
