0.066459
0.059693
0.054745
0.052489
0.049796
0.046628
0.047663
0.046213
0.041201
0.044162
0.041531
0.039359
0.039052
0.036294
0.035574
0.034679
0.035851
0.031229
0.026456
0.026825
0.023487
0.020570
0.019068
0.017199
0.013192
0.012615
0.009406
0.009981
0.008849
0.009776
0.009610
0.008126
0.008515
0.006738
0.005946
0.008376
0.008197
0.005915
0.006304
0.005774
0.006512
0.003897
0.004177
0.003690
0.003822
0.003304
0.002924
0.003936
0.002908
0.002969
0.002726
0.002521
0.002639
0.001823
0.001604
0.001672
0.001726
0.001307
0.001803
0.001570
0.001477
0.001214
0.001420
0.001316
0.001004
0.001024
0.000918
0.001019
0.000843
0.000761
0.000658
0.000650
0.000582
0.000937
0.000790
0.000511
0.001151
0.001111
0.001632
0.001784
0.001381
0.001134
0.001622
0.003732
0.005586
0.007192
0.007613
0.005523
0.005276
0.008193
0.004875
0.004989
0.005191
0.004782
0.005490
0.006114
0.004630
0.003720
0.005001
0.014534
0.008260
0.006713
0.003891
0.002743
0.003140
0.002468
0.002439
0.002241
0.001720
0.001481
0.000726
0.000837
0.000588
0.000551
0.000662
0.000579
0.000465
0.000449
0.000305
0.000270
0.000233
0.000245
0.000378
0.000200
0.000232
0.000248
0.000207
0.000183
0.000145
0.000210
0.000192
0.000263
0.000304
0.000281
0.000314
0.000254
0.000201
0.000245
0.000152
0.000131
0.000420
0.000229
0.000234
0.000206
0.000145
0.000146
0.000100
0.000104
0.000108
0.000136
