0.069159
0.060749
0.061309
0.057449
0.057963
0.055694
0.051325
0.049373
0.046323
0.044791
0.042558
0.042799
0.038981
0.039858
0.037660
0.038056
0.033316
0.035151
0.031599
0.035753
0.033063
0.032494
0.028402
0.030471
0.025059
0.024210
0.020434
0.021387
0.023371
0.020580
0.018663
0.017956
0.014185
0.012947
0.013065
0.011568
0.013126
0.011754
0.010205
0.009429
0.008051
0.009675
0.009598
0.007512
0.006481
0.005336
0.003776
0.004541
0.003426
0.004083
0.003731
0.004150
0.002819
0.002338
0.002842
0.002837
0.002946
0.003640
0.002352
0.003243
0.002564
0.002550
0.002802
0.001887
0.001597
0.001569
0.001205
0.001533
0.001603
0.000873
0.000892
0.001038
0.000721
0.001380
0.001082
0.000716
0.000801
0.000932
0.000805
0.000750
0.000729
0.000641
0.000560
0.000611
0.000513
0.000480
0.000404
0.000431
0.000446
0.000386
0.000470
0.000407
0.000324
0.000309
0.000315
0.000251
0.000311
0.000271
0.000352
0.000408
0.000332
0.000367
0.000476
0.000349
0.000619
0.000496
0.000664
0.001679
0.001026
0.001505
0.001815
0.003594
0.006978
0.002864
0.003743
0.005567
0.004890
0.003786
0.004096
0.005803
0.006052
0.005526
0.002849
0.002129
0.001523
0.001416
0.001507
0.001227
0.001081
0.000562
0.000501
0.000515
0.000301
0.000304
0.000250
0.000357
0.000231
0.000251
0.000252
0.000197
0.000243
0.000199
0.000215
0.000239
0.000155
0.000134
0.000273
0.000191
0.000201
0.000176
