0.100644
0.065061
0.061562
0.056949
0.055613
0.053733
0.050090
0.047914
0.045036
0.044182
0.040380
0.040446
0.037665
0.034025
0.033330
0.035052
0.031465
0.030996
0.028030
0.026222
0.022768
0.021936
0.020561
0.018342
0.017291
0.016874
0.015893
0.015650
0.014073
0.012868
0.014120
0.014231
0.013542
0.012465
0.012064
0.012483
0.010281
0.010170
0.008889
0.009337
0.009903
0.008933
0.008421
0.006639
0.006886
0.006110
0.006231
0.008540
0.007882
0.007598
0.007491
0.007760
0.005824
0.006302
0.006446
0.005638
0.005070
0.003811
0.003534
0.002860
0.003171
0.002280
0.002120
0.001353
0.001561
0.001159
0.000901
0.000950
0.001037
0.001292
0.001660
0.001822
0.001043
0.000945
0.000922
0.001070
0.000773
0.000861
0.001098
0.000870
0.000892
0.001746
0.001625
0.001705
0.001498
0.001260
0.000923
0.001479
0.002893
0.004879
0.010473
0.007997
0.011501
0.006101
0.010431
0.014347
0.018545
0.014881
0.015066
0.009160
0.007372
0.007782
0.006816
0.004849
0.003388
0.003352
0.002276
0.001634
0.001106
0.001083
0.001128
0.000801
0.000692
0.000719
0.000703
0.000558
0.000536
0.000617
0.000563
0.001009
0.000833
0.000640
0.000592
0.000749
0.000543
0.000378
0.000352
0.000472
0.000504
0.000290
0.000313
0.000354
0.000278
0.000322
0.000255
0.000268
0.000241
0.000267
0.000278
0.000266
0.000249
0.000173
0.000194
0.000166
0.000148
0.000161
0.000134
0.000163
0.000163
0.000176
