0.076603
0.063995
0.061693
0.060724
0.058381
0.057038
0.054875
0.052451
0.053419
0.050737
0.048312
0.049115
0.045331
0.045879
0.050468
0.050213
0.047337
0.042924
0.040929
0.039350
0.039979
0.036896
0.032822
0.033617
0.032779
0.031220
0.029757
0.028863
0.027384
0.025423
0.023807
0.024128
0.022437
0.021308
0.020691
0.019315
0.018287
0.015787
0.016995
0.020567
0.017212
0.015930
0.014958
0.012344
0.011044
0.011134
0.009521
0.009631
0.010192
0.009720
0.009847
0.009268
0.011579
0.012392
0.010494
0.010816
0.006745
0.005840
0.003663
0.003096
0.002834
0.002190
0.002083
0.002056
0.001577
0.001651
0.001794
0.001239
0.001589
0.001515
0.002259
0.004917
0.004639
0.005739
0.003389
0.002354
0.002645
0.001781
0.001675
0.001650
0.000863
0.000982
0.000684
0.000993
0.000950
0.001016
0.001104
0.003570
0.007393
0.007075
0.004502
0.003335
0.002040
0.002136
0.001400
0.001598
0.001004
0.000730
0.000395
0.000327
0.000292
0.000252
0.000211
0.000142
0.000157
0.000155
0.000200
0.000165
0.000123
0.000136
0.000134
0.000083
0.000087
0.000105
0.000080
0.000076
0.000092
0.000140
0.000096
0.000203
0.000100
0.000066
0.000093
0.000076
0.000114
0.000138
0.000082
0.000050
0.000065
0.000074
0.000076
0.000071
0.000061
0.000076
0.000055
0.000055
0.000051
0.000112
0.000054
0.000066
0.000071
0.000065
0.000064
0.000050
0.000039
0.000085
0.000051
0.000068
0.000058
0.000043
