0.369710
0.297239
0.241584
0.180322
0.113276
0.083605
0.081154
0.078593
0.074123
0.072235
0.068623
0.070486
0.066037
0.062145
0.063087
0.061895
0.062019
0.061037
0.061726
0.057085
0.058281
0.056870
0.055308
0.052666
0.052771
0.053237
0.049931
0.053614
0.051626
0.049303
0.051233
0.050098
0.049028
0.050243
0.048044
0.047084
0.047334
0.047584
0.047224
0.046686
0.045223
0.044266
0.043796
0.044406
0.043104
0.040280
0.040203
0.043578
0.043644
0.041042
0.040895
0.037567
0.036054
0.037548
0.039890
0.037713
0.036315
0.035247
0.031527
0.034031
0.034992
0.029753
0.029914
0.029684
0.027508
0.026662
0.029387
0.028333
0.026476
0.024325
0.026709
0.022360
0.024226
0.022604
0.021915
0.022271
0.023289
0.023121
0.023481
0.020967
0.020584
0.020041
0.020398
0.020211
0.019930
0.019884
0.018374
0.018843
0.021171
0.020376
0.017183
0.019461
0.019687
0.018235
0.019611
0.016643
0.018412
0.018842
0.018873
0.016942
0.016071
0.016034
0.016019
0.014012
0.017745
0.015679
0.013283
0.014156
0.011830
0.010843
0.010205
0.010461
0.010027
0.010616
0.008821
0.007416
0.006854
0.007058
0.006436
0.006935
0.004910
0.004880
0.005167
0.004821
0.003532
0.003629
0.003718
0.003214
0.003473
0.002922
0.002945
0.001982
0.002470
0.002165
0.002764
0.002059
0.001785
0.001548
0.001399
0.001757
0.001921
0.001479
0.001566
0.001714
0.001142
0.001373
0.001141
0.001230
0.000978
0.001040
