0.112610
0.074989
0.059905
0.060490
0.064196
0.061456
0.060830
0.059923
0.058973
0.059407
0.061151
0.059472
0.060529
0.059368
0.058519
0.060138
0.060109
0.060283
0.062543
0.061523
0.059819
0.059345
0.057915
0.060525
0.059687
0.058122
0.056456
0.058855
0.058160
0.056960
0.057584
0.058931
0.058999
0.058199
0.055848
0.058647
0.061122
0.058589
0.057424
0.058346
0.057400
0.059094
0.059385
0.060177
0.061283
0.058957
0.056586
0.057871
0.059288
0.056722
0.057557
0.059746
0.059235
0.057067
0.056264
0.058761
0.057595
0.057763
0.058964
0.060017
0.058112
0.060028
0.058653
0.059301
0.057747
0.058364
0.057828
0.058033
0.060034
0.060850
0.059959
0.062864
0.061056
0.061345
0.059164
0.057167
0.061109
0.059842
0.061576
0.058866
0.060916
0.058585
0.059850
0.058108
0.059852
0.067935
0.057331
0.058128
0.057242
0.058121
0.060728
0.059863
0.058993
0.058145
0.058163
0.059855
0.058401
0.060008
0.060724
0.058984
0.057250
0.058980
0.060008
0.060132
0.061170
0.056672
0.058650
0.057076
0.059205
0.057695
0.057167
0.055476
0.056591
0.058373
0.060409
0.059133
0.057538
0.056037
0.056075
0.062568
0.059852
0.060324
0.060097
0.060178
0.059137
0.057568
0.058160
0.059289
0.058686
0.057106
0.060133
0.058807
0.059281
0.058330
0.059162
0.060549
0.061098
0.058988
0.059949
0.058987
0.058984
0.059871
0.059860
0.058122
0.058129
0.057251
0.059034
0.056824
0.056459
0.055913
