0.607389
0.358131
0.165534
0.068080
0.066057
0.062712
0.062595
0.062521
0.062168
0.062538
0.062327
0.060886
0.061663
0.061080
0.062478
0.061936
0.061230
0.062405
0.061157
0.061119
0.062323
0.061240
0.061038
0.060801
0.061034
0.060590
0.060629
0.060637
0.062686
0.062712
0.062712
0.062712
0.062712
0.062712
0.062712
0.062712
0.062712
0.062712
0.062712
0.062712
0.062712
0.062712
0.062712
0.062712
0.062712
0.062712
0.062712
0.062712
0.062712
0.062712
0.062712
0.062712
0.062595
0.062478
0.062478
0.062478
0.062127
0.062478
0.062517
0.062517
0.062597
0.062400
0.062773
0.061577
0.061386
0.060256
0.061033
0.060894
0.060864
0.059518
0.061403
0.060869
0.061273
0.060123
0.062595
0.062712
0.062712
0.062712
0.062712
0.062595
0.062595
0.062595
0.062595
0.062595
0.062400
0.062361
0.062286
0.062052
0.062207
0.062168
0.061627
0.061937
0.062050
0.062052
0.061739
0.061583
0.061699
0.061885
0.061819
0.061559
0.061778
0.060751
0.060919
0.060980
0.060715
0.061855
0.061847
0.061686
0.061592
0.062483
0.062712
0.062712
0.062712
0.062712
0.062712
0.062712
0.062712
0.062712
0.062712
0.062712
0.062712
0.062712
0.062712
0.062712
0.062712
0.062712
0.062712
0.062712
0.062712
0.062712
0.062712
0.062712
0.062712
0.062712
0.062712
0.062712
0.062712
0.062712
0.062712
0.062712
0.062362
0.062440
0.062597
0.062634
0.062712
0.062639
0.062720
0.067469
0.062712
0.062712
