0.113095
0.093833
0.071313
0.068693
0.068052
0.066937
0.066995
0.068285
0.068383
0.069526
0.064860
0.065990
0.064126
0.066533
0.067622
0.066040
0.063290
0.062379
0.061446
0.063826
0.057646
0.057639
0.060627
0.056602
0.059029
0.056786
0.057996
0.056315
0.054566
0.055196
0.054191
0.053200
0.054821
0.053822
0.055261
0.051710
0.048334
0.051464
0.048267
0.047763
0.044668
0.044476
0.043129
0.042498
0.040184
0.045186
0.040101
0.042199
0.038425
0.036073
0.033707
0.032771
0.031820
0.028936
0.028680
0.030526
0.028317
0.028512
0.026905
0.026133
0.024481
0.025553
0.030998
0.025708
0.032362
0.030003
0.026714
0.027661
0.025079
0.020280
0.027669
0.020492
0.026062
0.023492
0.025112
0.026861
0.026237
0.025610
0.014103
0.023489
0.020689
0.018071
0.013673
0.017412
0.012783
0.014555
0.012324
0.011079
0.014675
0.011411
0.010518
0.011134
0.009876
0.010625
0.008362
0.018888
0.009775
0.011372
0.008800
0.009803
0.006758
0.006884
0.009952
0.008015
0.018465
0.008496
0.034110
0.022240
0.009419
0.011326
0.006535
0.012689
0.020228
0.013261
0.019817
0.010518
0.026033
0.013222
0.019344
0.018642
0.019331
0.019696
0.014204
0.015798
0.017325
0.014427
0.011756
0.010370
0.011695
0.009122
0.010414
0.010638
0.005896
0.008453
0.009036
0.006796
0.004635
0.005799
0.005935
0.006467
0.005424
0.005777
0.005897
0.005801
0.005372
0.005503
0.004578
0.004250
0.005138
0.004822
