0.092170
0.075942
0.070174
0.069726
0.067930
0.067806
0.067265
0.068023
0.069125
0.066107
0.069278
0.063646
0.066694
0.067493
0.064058
0.065531
0.063817
0.061660
0.063563
0.059903
0.061544
0.060321
0.062256
0.059531
0.058254
0.056023
0.057610
0.057196
0.053791
0.055808
0.051607
0.050480
0.050848
0.050650
0.050813
0.045218
0.052265
0.042484
0.048366
0.043795
0.044960
0.044227
0.043060
0.039431
0.040345
0.044111
0.040003
0.041915
0.038175
0.041466
0.035360
0.033906
0.034055
0.035002
0.034452
0.028716
0.030742
0.032479
0.032076
0.028087
0.025033
0.027417
0.027842
0.021336
0.029670
0.031474
0.027102
0.025215
0.024834
0.020800
0.019901
0.024864
0.024879
0.019681
0.023783
0.020968
0.021110
0.017453
0.018122
0.015817
0.015676
0.013777
0.011985
0.023797
0.016499
0.015995
0.021000
0.017262
0.015028
0.012829
0.011726
0.016712
0.011420
0.012575
0.012272
0.011297
0.011579
0.011090
0.010801
0.009228
0.008733
0.008306
0.009473
0.009431
0.009957
0.008279
0.009846
0.008397
0.010179
0.010460
0.007279
0.010888
0.008209
0.007751
0.010344
0.011055
0.009583
0.014940
0.007279
0.018694
0.009393
0.015734
0.010743
0.015117
0.023047
0.021389
0.018815
0.011689
0.020529
0.008251
0.015083
0.013280
0.013058
0.012820
0.018015
0.012843
0.009709
0.021421
0.018438
0.024760
0.010027
0.012521
0.020590
0.009942
0.012035
0.008811
0.009383
0.008589
0.007626
0.007126
