0.102736
0.078677
0.076543
0.064306
0.059088
0.062298
0.058895
0.063747
0.054260
0.053668
0.050258
0.052739
0.043792
0.049150
0.042506
0.042908
0.043449
0.043144
0.038798
0.039869
0.037666
0.035811
0.035756
0.033169
0.034094
0.033019
0.028748
0.025501
0.030139
0.025769
0.023039
0.026213
0.023115
0.020898
0.021094
0.018419
0.016024
0.015830
0.013654
0.015903
0.011090
0.015408
0.011272
0.012571
0.010977
0.009462
0.011147
0.006243
0.010472
0.008547
0.007156
0.006851
0.005195
0.004988
0.004409
0.003711
0.003550
0.002688
0.002905
0.001662
0.001535
0.002340
0.000779
0.001119
0.001543
0.001712
0.001158
0.001421
0.000988
0.001041
0.000896
0.001102
0.001037
0.000511
0.000843
0.000461
0.000915
0.000449
0.000440
0.001676
0.000394
0.000682
0.001193
0.000484
0.000443
0.000527
0.000531
0.000611
0.000377
0.000310
0.000190
0.000558
0.000517
0.001156
0.000186
0.003174
0.001444
0.000869
0.004618
0.000602
0.003677
0.003276
0.004150
0.005632
0.000945
0.002078
0.007272
0.002167
0.003934
0.011045
0.002502
0.012569
0.002184
0.005998
0.001294
0.002911
0.005043
0.001247
0.002327
0.000508
0.000862
0.000580
0.001081
0.000403
0.000986
0.000986
0.000516
0.000462
0.000605
0.000442
0.000435
0.000172
0.000316
0.000627
0.000150
0.000154
0.000528
0.000191
0.000179
0.000136
0.000125
0.000112
0.000096
0.000091
0.000056
0.000084
0.000147
0.000109
0.000069
0.000090
