0.182088
0.084339
0.070893
0.070839
0.071670
0.071670
0.071670
0.071670
0.071670
0.071670
0.071670
0.071670
0.071670
0.071670
0.071670
0.071670
0.070996
0.071203
0.071360
0.071360
0.071875
0.069045
0.070205
0.069748
0.068800
0.069820
0.066362
0.067181
0.067024
0.066828
0.067335
0.066661
0.067306
0.066298
0.067773
0.066265
0.067740
0.065486
0.067167
0.067240
0.064996
0.061373
0.063803
0.064525
0.062650
0.063853
0.058062
0.062925
0.059996
0.062187
0.057732
0.055740
0.057087
0.057663
0.057299
0.051112
0.054522
0.049216
0.047875
0.053140
0.049511
0.049961
0.049649
0.048588
0.047614
0.049576
0.048077
0.046455
0.048533
0.044366
0.046659
0.045319
0.045292
0.044283
0.041893
0.041249
0.043209
0.041299
0.041270
0.042165
0.037778
0.039973
0.040563
0.040858
0.039563
0.038013
0.041263
0.038621
0.037645
0.040848
0.035349
0.044499
0.036806
0.040022
0.035273
0.034706
0.033587
0.033245
0.033503
0.033058
0.033131
0.030893
0.032451
0.028159
0.030859
0.027771
0.028760
0.029300
0.025197
0.025915
0.026616
0.026610
0.024216
0.026315
0.022643
0.023404
0.026368
0.023790
0.030324
0.019756
0.020263
0.021012
0.019502
0.013751
0.014448
0.012055
0.010414
0.014168
0.014998
0.014943
0.010287
0.012183
0.016814
0.009670
0.007888
0.011398
0.016086
0.016908
0.010211
0.013871
0.007661
0.007263
0.010022
0.013488
0.006573
0.004616
0.004045
0.008656
0.007486
0.006524
