0.069559
0.066357
0.062379
0.062812
0.063073
0.061450
0.061292
0.060484
0.059184
0.059703
0.058961
0.056786
0.055438
0.057244
0.053860
0.055467
0.054557
0.054005
0.054596
0.054878
0.050047
0.050459
0.051857
0.050097
0.049831
0.047527
0.045446
0.044218
0.045563
0.044974
0.043888
0.043873
0.043547
0.043549
0.044056
0.041672
0.041188
0.039908
0.038797
0.038582
0.040381
0.038908
0.037754
0.033390
0.032646
0.035462
0.032273
0.032174
0.032311
0.027943
0.026956
0.026355
0.025277
0.027562
0.027543
0.026585
0.027508
0.027637
0.022477
0.021813
0.023005
0.023634
0.023960
0.022767
0.022688
0.020843
0.019793
0.018628
0.017839
0.015838
0.017424
0.015433
0.016223
0.015875
0.015786
0.014431
0.014421
0.014252
0.013743
0.015389
0.013823
0.013067
0.012487
0.011816
0.012297
0.011265
0.011835
0.010442
0.010467
0.010587
0.009805
0.010335
0.009783
0.010841
0.009935
0.009466
0.010765
0.010561
0.010541
0.009779
0.009996
0.010552
0.010264
0.009606
0.009269
0.008582
0.008483
0.009793
0.008337
0.007603
0.008952
0.007918
0.009616
0.008532
0.007517
0.007063
0.007687
0.007628
0.007223
0.007067
0.006958
0.006853
0.007242
0.006623
0.006878
0.006594
0.007499
0.006983
0.007645
0.007099
0.006796
0.006854
0.006851
0.006621
0.006611
0.006464
0.006208
0.006753
0.006902
0.006597
0.006863
0.006597
0.006709
0.006155
0.005887
0.006516
0.006095
0.007157
0.006897
0.006397
