0.618863
0.345133
0.114437
0.074068
0.072672
0.071920
0.072667
0.071828
0.071670
0.071670
0.071670
0.071670
0.071670
0.070735
0.069540
0.069877
0.069698
0.068743
0.069957
0.069436
0.070031
0.073404
0.070262
0.068999
0.069180
0.069352
0.068149
0.067440
0.067969
0.068501
0.067401
0.066965
0.067812
0.066376
0.065426
0.066219
0.066248
0.064898
0.065347
0.065242
0.065193
0.066800
0.066618
0.063933
0.064290
0.062173
0.063147
0.060698
0.061381
0.061832
0.063503
0.064240
0.060745
0.064121
0.064060
0.059926
0.059156
0.063113
0.058902
0.059073
0.058990
0.059233
0.060870
0.060499
0.058798
0.060467
0.059700
0.060886
0.061870
0.059977
0.058869
0.059351
0.055641
0.058952
0.055830
0.059798
0.057955
0.059972
0.055541
0.058092
0.056480
0.056284
0.054878
0.052202
0.055714
0.049832
0.052413
0.052878
0.049564
0.049494
0.052206
0.052840
0.048716
0.047926
0.047246
0.052462
0.052861
0.049209
0.049733
0.050450
0.048291
0.043732
0.051104
0.045563
0.044688
0.047866
0.047589
0.049449
0.044026
0.050486
0.051687
0.046749
0.045203
0.044203
0.045957
0.047564
0.044028
0.039330
0.042664
0.041810
0.041706
0.041782
0.041388
0.035850
0.033676
0.034502
0.039872
0.037491
0.035110
0.037372
0.032997
0.035368
0.036371
0.033567
0.031670
0.036871
0.034510
0.033335
0.029148
0.029696
0.033464
0.030069
0.033508
0.039594
0.031369
0.032547
0.034045
0.034350
0.035859
0.024072
