0.202975
0.142993
0.122216
0.081745
0.102538
0.102828
0.074596
0.065822
0.073880
0.054808
0.050337
0.057789
0.047798
0.044499
0.047430
0.055084
0.049959
0.044741
0.044622
0.046759
0.044342
0.036983
0.042878
0.037653
0.041522
0.036411
0.036864
0.035720
0.036251
0.039959
0.037270
0.041726
0.029310
0.028743
0.028415
0.032100
0.022333
0.025051
0.024366
0.020481
0.019756
0.018947
0.020829
0.020723
0.017822
0.017486
0.015374
0.015141
0.012886
0.014700
0.017387
0.015888
0.015588
0.017075
0.014939
0.012287
0.015317
0.013430
0.014926
0.019173
0.009620
0.015338
0.012407
0.009959
0.012271
0.010670
0.009776
0.010688
0.008928
0.006164
0.007458
0.012942
0.011213
0.011984
0.008340
0.017760
0.008905
0.018886
0.013332
0.008999
0.016657
0.008121
0.007439
0.008399
0.003047
0.007405
0.005684
0.007449
0.007625
0.004376
0.003855
0.005802
0.005140
0.007180
0.004588
0.006121
0.006949
0.003302
0.008127
0.004823
0.003045
0.005890
0.004659
0.004169
0.005786
0.003471
0.005305
0.004627
0.003621
0.010650
0.006058
0.007761
0.007571
0.003786
0.005912
0.006790
0.004529
0.003233
0.006065
0.004303
0.003235
0.004811
0.003693
0.004316
0.003510
0.003453
0.002261
0.004132
0.002594
0.002866
0.001864
0.001971
0.003488
0.001524
0.001825
0.002518
0.001286
0.005800
0.002409
0.006941
0.002508
0.007661
0.003236
0.008114
0.002291
0.002879
0.001631
0.002070
0.002977
0.003833
