0.124286
0.093521
0.074713
0.068495
0.069044
0.069500
0.067261
0.069653
0.068360
0.064035
0.069582
0.066455
0.063223
0.065697
0.067183
0.060424
0.067143
0.063384
0.060773
0.062490
0.064821
0.062016
0.058765
0.063798
0.059859
0.059839
0.058422
0.060895
0.059657
0.057429
0.058783
0.056650
0.058661
0.057128
0.058755
0.058198
0.056666
0.057312
0.062441
0.068154
0.060901
0.056613
0.063329
0.058691
0.057665
0.059676
0.057560
0.061727
0.059051
0.059746
0.059296
0.058582
0.055506
0.055524
0.057681
0.058173
0.063068
0.053156
0.057134
0.053674
0.055631
0.055390
0.054275
0.051470
0.055625
0.056170
0.056344
0.056898
0.055570
0.059112
0.060326
0.057183
0.056820
0.055132
0.055194
0.052912
0.057110
0.055328
0.055553
0.054069
0.050771
0.052114
0.052364
0.054302
0.059775
0.060948
0.059427
0.053838
0.056377
0.050138
0.052423
0.053907
0.051338
0.052909
0.049261
0.052132
0.050464
0.051498
0.049768
0.050081
0.050411
0.048975
0.050072
0.049733
0.048877
0.047904
0.048838
0.043038
0.049208
0.048975
0.050091
0.049964
0.053785
0.049456
0.054660
0.053746
0.049652
0.049848
0.045059
0.049618
0.041607
0.047765
0.048337
0.044487
0.048284
0.042249
0.044204
0.046382
0.040438
0.042355
0.043219
0.041551
0.044090
0.039112
0.039509
0.044271
0.040460
0.043016
0.047876
0.047365
0.040992
0.047198
0.041086
0.042911
0.048213
0.039520
0.048240
0.032001
0.038294
0.040579
