0.137407
0.087575
0.073227
0.071670
0.071670
0.071670
0.071670
0.071670
0.071670
0.071670
0.071670
0.071670
0.071670
0.071670
0.071670
0.071670
0.075596
0.072263
0.072332
0.071670
0.071670
0.071670
0.071670
0.071670
0.071670
0.071670
0.071670
0.071670
0.071670
0.073688
0.071670
0.071670
0.071670
0.071670
0.071670
0.071670
0.071670
0.071670
0.073582
0.071670
0.074207
0.071670
0.071670
0.071670
0.071670
0.071670
0.071670
0.071670
0.071670
0.071670
0.071670
0.071670
0.071670
0.074485
0.074832
0.071670
0.074485
0.073549
0.073055
0.074207
0.071670
0.071670
0.071670
0.071670
0.071670
0.071670
0.071670
0.071670
0.071670
0.071670
0.071670
0.071670
0.071670
0.071670
0.071670
0.071670
0.071670
0.074207
0.071670
0.071670
0.071670
0.071670
0.071670
0.071670
0.071670
0.073374
0.074992
0.074035
0.074207
0.071670
0.071670
0.071670
0.072263
0.072332
0.071670
0.071670
0.074521
0.072957
0.071670
0.071670
0.071670
0.071670
0.071670
0.071670
0.071670
0.071670
0.071670
0.071670
0.071670
0.071670
0.071670
0.071670
0.071670
0.071670
0.071670
0.071670
0.071670
0.071670
0.071670
0.071670
0.071670
0.071670
0.071670
0.071670
0.071670
0.071670
0.071670
0.071670
0.071670
0.071670
0.071670
0.071670
0.071670
0.071670
0.071670
0.071670
0.071670
0.071670
0.071670
0.071670
0.071670
0.071670
0.071670
0.071670
0.071670
0.071670
0.071670
0.071670
0.071670
0.071670
