0.217046
0.143579
0.123926
0.110420
0.092596
0.088938
0.084597
0.076700
0.073287
0.062466
0.067642
0.059105
0.056377
0.060424
0.049281
0.045779
0.047780
0.050513
0.040634
0.038507
0.039759
0.036000
0.037712
0.034880
0.030909
0.030350
0.028681
0.022849
0.029984
0.026966
0.026028
0.024473
0.021845
0.018247
0.021750
0.018014
0.016199
0.014986
0.012947
0.014448
0.012129
0.010726
0.011326
0.009883
0.012096
0.009866
0.008650
0.007919
0.009766
0.009180
0.006405
0.006709
0.006315
0.005622
0.004322
0.005973
0.004747
0.005873
0.003750
0.003929
0.002568
0.002005
0.002667
0.003001
0.002152
0.002520
0.001756
0.003235
0.001610
0.001309
0.001925
0.001652
0.002168
0.002292
0.001171
0.001451
0.002148
0.002024
0.002170
0.002726
0.001310
0.001522
0.002015
0.001069
0.001041
0.000982
0.000944
0.001033
0.001273
0.000660
0.000584
0.000575
0.000535
0.000975
0.002075
0.000311
0.000460
0.000511
0.000552
0.000554
0.001391
0.000611
0.000216
0.000785
0.000406
0.000631
0.000431
0.000456
0.000534
0.000462
0.000293
0.001558
0.000474
0.000858
0.000489
0.000405
0.000636
0.001389
0.000699
0.000305
0.003463
0.000593
0.006081
0.000627
0.007864
0.001408
0.001975
0.000851
0.024536
0.000937
0.003842
0.001953
0.001437
0.009871
0.000972
0.014813
0.007214
0.002544
0.003200
0.005721
0.002845
0.005785
0.001324
0.003315
0.009609
0.001986
0.001199
0.005095
0.003211
0.001389
