0.276260
0.289261
0.103183
0.076041
0.071670
0.071670
0.071670
0.072957
0.071670
0.071670
0.071670
0.071670
0.071670
0.071670
0.071670
0.071670
0.071670
0.071670
0.071670
0.071670
0.071670
0.071670
0.071670
0.071670
0.071670
0.071670
0.071670
0.071670
0.071670
0.071670
0.071670
0.071670
0.071670
0.071670
0.071670
0.071670
0.071670
0.071670
0.071670
0.071670
0.071670
0.071670
0.071670
0.071670
0.071670
0.071670
0.071670
0.071670
0.071670
0.071670
0.071670
0.071670
0.071670
0.071670
0.071151
0.072957
0.071670
0.071670
0.071670
0.071670
0.071670
0.071670
0.071670
0.071670
0.071670
0.071670
0.071670
0.071670
0.071670
0.071670
0.071670
0.071670
0.071670
0.071670
0.071670
0.071670
0.071151
0.072332
0.071670
0.071670
0.071670
0.073374
0.073063
0.072577
0.072332
0.071670
0.071670
0.071670
0.073374
0.074035
0.074521
0.073582
0.071670
0.071670
0.071670
0.071670
0.071670
0.071670
0.071670
0.071670
0.071670
0.071670
0.071670
0.071670
0.071670
0.071670
0.071670
0.071670
0.071670
0.071670
0.071670
0.071670
0.073549
0.073549
0.073549
0.072332
0.071670
0.071670
0.071670
0.071670
0.071670
0.071670
0.071670
0.074035
0.071670
0.071670
0.071670
0.074485
0.073063
0.074035
0.074521
0.073582
0.071670
0.071670
0.071670
0.071151
0.074035
0.071670
0.071670
0.071670
0.071670
0.071670
0.071670
0.071670
0.071670
0.071670
0.071670
0.071670
0.071670
0.071670
