0.361126
0.227960
0.175117
0.129399
0.090673
0.082952
0.076655
0.075123
0.071382
0.071193
0.071832
0.071797
0.071518
0.070480
0.071229
0.072725
0.071699
0.072194
0.068824
0.073526
0.070341
0.066807
0.068504
0.069835
0.069378
0.068384
0.067391
0.068400
0.068010
0.065327
0.067473
0.063515
0.065206
0.066949
0.063953
0.064292
0.063605
0.059619
0.063437
0.061937
0.061654
0.063998
0.063373
0.061707
0.063853
0.063239
0.062996
0.064053
0.064002
0.063652
0.064693
0.062254
0.061027
0.061570
0.061684
0.061357
0.063294
0.059563
0.061244
0.059321
0.059841
0.061977
0.056255
0.059287
0.058031
0.056130
0.059911
0.056333
0.057734
0.056834
0.061056
0.056684
0.059958
0.057434
0.059506
0.059960
0.055298
0.054025
0.050419
0.050372
0.052256
0.054144
0.054195
0.051924
0.048565
0.053633
0.049189
0.053233
0.050631
0.052377
0.052594
0.049011
0.049012
0.048605
0.046030
0.049212
0.046355
0.048060
0.052011
0.046569
0.045381
0.046122
0.047659
0.047114
0.047292
0.046104
0.044416
0.043165
0.043461
0.042150
0.042069
0.041377
0.036683
0.040391
0.040805
0.040842
0.041663
0.037613
0.043250
0.036077
0.039295
0.035819
0.035854
0.035101
0.034686
0.036349
0.031490
0.038161
0.037145
0.032084
0.033093
0.034386
0.044425
0.036544
0.042429
0.045444
0.041517
0.039138
0.037083
0.039874
0.037295
0.035407
0.039354
0.032234
0.037825
0.038130
0.031217
0.029387
0.025397
0.031259
