0.079407
0.071670
0.071670
0.071203
0.071203
0.071203
0.070100
0.077887
0.071203
0.070839
0.071591
0.071438
0.071670
0.071670
0.071670
0.071670
0.071670
0.071670
0.071670
0.071670
0.071670
0.071670
0.071670
0.071670
0.071670
0.071670
0.071670
0.071670
0.071670
0.071670
0.071670
0.071670
0.071670
0.071670
0.071670
0.071670
0.071670
0.071670
0.071670
0.071670
0.071670
0.070839
0.070254
0.071870
0.071432
0.070192
0.070380
0.070380
0.069927
0.070689
0.070254
0.070689
0.070874
0.069858
0.069586
0.068999
0.069827
0.069745
0.067868
0.068231
0.067993
0.068668
0.067011
0.067442
0.068032
0.065967
0.067294
0.066593
0.066765
0.067134
0.063603
0.065354
0.064928
0.065884
0.064470
0.063457
0.062987
0.063738
0.062180
0.062546
0.061907
0.065964
0.063643
0.061131
0.063033
0.064314
0.064109
0.060340
0.056641
0.058938
0.061501
0.058859
0.058280
0.058867
0.058121
0.059268
0.059050
0.056371
0.056411
0.055701
0.059366
0.056374
0.054283
0.055249
0.062731
0.056159
0.054205
0.055808
0.055386
0.055328
0.057992
0.067181
0.061359
0.057808
0.059941
0.059278
0.057758
0.056064
0.058659
0.055032
0.053740
0.053096
0.050713
0.055787
0.053335
0.053868
0.050680
0.052971
0.053211
0.052713
0.050553
0.049937
0.052755
0.050163
0.050532
0.053930
0.053581
0.050648
0.049973
0.048271
0.050764
0.047195
0.049727
0.047207
0.046038
0.045744
0.046869
0.050727
0.043768
0.044956
