0.092974
0.071670
0.071670
0.071670
0.071670
0.070008
0.060331
0.059249
0.061374
0.059469
0.056466
0.058358
0.058059
0.058511
0.057733
0.058014
0.057636
0.056441
0.057385
0.060406
0.059113
0.058724
0.058787
0.057138
0.058577
0.055986
0.057368
0.055306
0.057937
0.057270
0.056138
0.056767
0.055743
0.053133
0.053582
0.055840
0.054121
0.052421
0.054518
0.054840
0.055116
0.055499
0.053665
0.054613
0.055571
0.054832
0.058002
0.055398
0.054453
0.057261
0.052888
0.057316
0.054596
0.056692
0.055196
0.056111
0.057862
0.057600
0.057083
0.057357
0.053426
0.053581
0.058586
0.055290
0.056054
0.059157
0.057233
0.057194
0.056951
0.056645
0.057131
0.057063
0.055252
0.056177
0.054120
0.053619
0.054076
0.054438
0.052917
0.052885
0.057365
0.054364
0.053227
0.059441
0.058940
0.056746
0.056984
0.058742
0.056168
0.056311
0.057258
0.053287
0.058195
0.055633
0.055026
0.057998
0.055260
0.057549
0.057867
0.059924
0.058870
0.059924
0.061121
0.058017
0.057880
0.055912
0.059873
0.061017
0.058982
0.057282
0.056288
0.059622
0.058442
0.060815
0.055353
0.057966
0.055391
0.055267
0.058101
0.053925
0.053914
0.055775
0.052354
0.052727
0.055803
0.053494
0.053267
0.053274
0.054166
0.049654
0.051096
0.053342
0.052916
0.051203
0.048550
0.053652
0.052831
0.058073
0.057398
0.054524
0.055079
0.055945
0.053742
0.056340
0.059755
0.057249
0.055069
0.055687
0.056364
0.057292
