0.084060
0.068046
0.062852
0.061727
0.062781
0.061048
0.057647
0.057075
0.058785
0.057800
0.058190
0.054496
0.054603
0.051500
0.050182
0.049779
0.050577
0.050045
0.051525
0.046725
0.047081
0.046475
0.045121
0.046310
0.042783
0.045510
0.050021
0.048602
0.045563
0.047561
0.044082
0.042872
0.044924
0.041487
0.042054
0.040095
0.039017
0.036382
0.037683
0.035385
0.036551
0.034688
0.034487
0.033685
0.031296
0.029239
0.031344
0.029953
0.029073
0.024449
0.027567
0.028985
0.025231
0.022744
0.022137
0.018402
0.018179
0.026078
0.024446
0.016515
0.015803
0.016676
0.015372
0.015669
0.013927
0.013244
0.014994
0.015998
0.015017
0.014388
0.011296
0.011528
0.011239
0.010082
0.009665
0.011509
0.012715
0.008417
0.007228
0.007689
0.009755
0.009822
0.009239
0.007687
0.008394
0.007480
0.006297
0.008421
0.007594
0.006813
0.008144
0.009177
0.008858
0.007430
0.004841
0.008104
0.008133
0.006570
0.005048
0.006340
0.005004
0.004954
0.004664
0.006084
0.006014
0.004575
0.005553
0.004656
0.004515
0.004279
0.004470
0.007184
0.005550
0.003929
0.003861
0.002828
0.003301
0.003233
0.003289
0.003875
0.004426
0.003713
0.004370
0.003376
0.003303
0.003278
0.005226
0.005969
0.005866
0.002853
0.003589
0.003483
0.004570
0.003525
0.005214
0.003109
0.003708
0.003945
0.005177
0.003154
0.002665
0.002364
0.002062
0.003270
0.004809
0.002592
0.008481
0.002333
0.003452
0.002116
