0.160000
0.255000
0.270000
0.300000
0.315000
0.365000
0.400000
0.405000
0.465000
0.455000
0.530000
0.560000
0.540000
0.590000
0.555000
0.635000
0.570000
0.610000
0.590000
0.645000
0.650000
0.645000
0.655000
0.660000
0.675000
0.690000
0.675000
0.695000
0.740000
0.735000
0.720000
0.750000
0.720000
0.750000
0.750000
0.800000
0.800000
0.805000
0.795000
0.820000
0.820000
0.845000
0.825000
0.875000
0.865000
0.905000
0.870000
0.880000
0.920000
0.895000
0.870000
0.845000
0.800000
0.785000
0.860000
0.805000
0.910000
0.900000
0.915000
0.935000
0.930000
0.925000
0.940000
0.930000
0.930000
0.935000
0.925000
0.925000
0.960000
0.965000
0.975000
0.970000
0.965000
0.930000
0.980000
0.960000
0.940000
0.975000
0.940000
0.965000
0.965000
0.950000
0.970000
0.970000
0.975000
0.985000
0.975000
0.985000
0.975000
0.980000
0.985000
0.990000
0.995000
0.985000
1.000000
0.985000
0.995000
1.000000
0.990000
1.000000
1.000000
0.980000
1.000000
1.000000
0.995000
0.995000
0.985000
1.000000
0.995000
0.990000
1.000000
1.000000
1.000000
1.000000
1.000000
1.000000
1.000000
1.000000
1.000000
1.000000
1.000000
0.990000
0.995000
0.990000
1.000000
0.995000
0.995000
1.000000
0.995000
0.990000
1.000000
0.990000
0.980000
0.980000
0.975000
0.985000
0.980000
0.935000
0.985000
0.985000
1.000000
0.995000
0.990000
1.000000
0.985000
1.000000
0.990000
0.725000
0.805000
0.775000
