0.140000
0.175000
0.230000
0.220000
0.250000
0.295000
0.290000
0.325000
0.365000
0.385000
0.390000
0.430000
0.470000
0.485000
0.520000
0.535000
0.575000
0.555000
0.600000
0.620000
0.605000
0.675000
0.615000
0.640000
0.620000
0.705000
0.645000
0.770000
0.780000
0.755000
0.785000
0.810000
0.795000
0.805000
0.880000
0.860000
0.925000
0.880000
0.885000
0.900000
0.890000
0.905000
0.945000
0.910000
0.915000
0.940000
0.945000
0.945000
0.940000
0.940000
0.965000
0.975000
0.965000
0.960000
0.925000
0.965000
0.955000
0.970000
0.975000
0.980000
0.965000
0.920000
0.960000
0.955000
0.955000
0.960000
0.955000
0.955000
0.960000
0.895000
0.895000
0.895000
0.905000
0.940000
0.940000
0.925000
0.930000
0.835000
0.905000
0.915000
0.910000
0.950000
0.950000
0.960000
0.970000
0.945000
0.950000
0.940000
0.970000
0.980000
0.975000
0.990000
0.995000
0.995000
0.990000
0.995000
0.995000
0.990000
0.995000
0.995000
0.995000
0.995000
0.995000
0.995000
0.995000
0.995000
0.995000
0.995000
0.995000
0.995000
0.995000
0.995000
0.995000
0.995000
0.990000
0.995000
0.995000
0.990000
1.000000
1.000000
0.995000
1.000000
1.000000
0.995000
1.000000
1.000000
1.000000
1.000000
1.000000
1.000000
1.000000
1.000000
1.000000
1.000000
1.000000
1.000000
1.000000
1.000000
1.000000
1.000000
1.000000
1.000000
1.000000
1.000000
1.000000
1.000000
1.000000
1.000000
1.000000
1.000000
