0.107887
0.067076
0.058001
0.052262
0.048719
0.047632
0.045468
0.043530
0.040594
0.039702
0.036797
0.037388
0.034104
0.030617
0.027286
0.028229
0.029585
0.028368
0.028542
0.027785
0.025259
0.022877
0.023477
0.020294
0.020485
0.020691
0.020489
0.017509
0.016101
0.014791
0.014067
0.011650
0.012093
0.012674
0.012837
0.009571
0.009378
0.009124
0.008685
0.008223
0.011471
0.009836
0.012031
0.010994
0.009733
0.008458
0.008437
0.007965
0.007423
0.005593
0.005803
0.005226
0.005319
0.006562
0.006796
0.005815
0.008150
0.006337
0.004635
0.005041
0.004059
0.003546
0.004132
0.003473
0.003827
0.003759
0.002217
0.001903
0.001607
0.001851
0.001394
0.001710
0.002256
0.001293
0.000941
0.001111
0.000943
0.000615
0.000758
0.000655
0.000445
0.000595
0.000401
0.000485
0.000441
0.000602
0.000435
0.000454
0.000374
0.000342
0.000327
0.000269
0.000344
0.000248
0.000360
0.000301
0.000429
0.000435
0.000410
0.000493
0.000295
0.000237
0.000197
0.000198
0.000187
0.000168
0.000141
0.000161
0.000150
0.000159
0.000156
0.000224
0.000246
0.000222
0.000182
0.000124
0.000156
0.000140
0.000172
0.000114
0.000229
0.000141
0.000139
0.000193
0.000116
0.000115
0.000109
0.000139
0.000100
0.000119
0.000096
0.000110
0.000090
0.000077
0.000073
0.000109
0.000088
0.000092
0.000095
0.000087
0.000106
0.000156
0.000113
0.000078
0.000172
0.001782
0.002492
0.001811
0.002898
0.003766
