0.063827
0.059876
0.058893
0.057604
0.055969
0.053913
0.051631
0.052916
0.051667
0.049509
0.048510
0.050219
0.048971
0.046634
0.047280
0.045132
0.044334
0.042347
0.040144
0.036912
0.037701
0.036542
0.034014
0.031746
0.031224
0.029062
0.028463
0.024456
0.025807
0.024798
0.024392
0.020463
0.016988
0.018156
0.016481
0.014321
0.013198
0.012456
0.011875
0.012983
0.011753
0.011649
0.012014
0.010728
0.009613
0.007870
0.007272
0.008151
0.006531
0.005958
0.006874
0.005881
0.006974
0.006025
0.005379
0.004362
0.003728
0.003199
0.003336
0.003091
0.004118
0.004343
0.005685
0.004340
0.006851
0.006198
0.006423
0.006065
0.004773
0.005420
0.004870
0.005189
0.005836
0.004887
0.003623
0.003282
0.002561
0.002702
0.002571
0.002972
0.003619
0.003443
0.001921
0.005839
0.011898
0.011665
0.009097
0.010417
0.006384
0.003952
0.004135
0.004069
0.004146
0.002768
0.001641
0.001550
0.001373
0.001133
0.000997
0.000921
0.001157
0.002786
0.002195
0.002586
0.004085
0.001940
0.001782
0.003109
0.002898
0.006142
0.002757
0.003853
0.003665
0.002708
0.002086
0.002977
0.001803
0.001904
0.002410
0.005289
0.006225
0.004283
0.002972
0.002676
0.001496
0.000949
0.001000
0.001645
0.001591
0.001150
0.001097
0.000931
0.000548
0.000756
0.000909
0.000526
0.000573
0.000667
0.000795
0.000580
0.000615
0.000416
0.000501
0.000485
0.000537
0.000266
0.000503
0.000349
0.000966
0.000827
