0.069119
0.068585
0.070084
0.067989
0.064647
0.061671
0.059295
0.062289
0.060962
0.058647
0.058332
0.054951
0.056306
0.055462
0.051700
0.052525
0.049750
0.052562
0.050399
0.048095
0.045270
0.044046
0.043973
0.043424
0.040807
0.038941
0.037982
0.035644
0.038380
0.035847
0.035369
0.030068
0.032803
0.031125
0.031060
0.030229
0.029358
0.027062
0.028533
0.028144
0.026538
0.026277
0.022481
0.025043
0.021700
0.020018
0.018972
0.018014
0.017289
0.016696
0.016087
0.017437
0.019571
0.014311
0.013412
0.014352
0.014652
0.013253
0.015210
0.011438
0.012797
0.016173
0.011773
0.010710
0.010090
0.010867
0.010458
0.010395
0.011081
0.007188
0.006812
0.007120
0.007858
0.007421
0.006581
0.008102
0.006660
0.006715
0.007250
0.006281
0.005550
0.004613
0.004597
0.005051
0.005854
0.003933
0.005346
0.004141
0.005812
0.004846
0.003854
0.003628
0.005640
0.004156
0.003060
0.003292
0.003561
0.003230
0.003905
0.003427
0.005066
0.002441
0.002465
0.002903
0.002062
0.002488
0.002563
0.002043
0.002556
0.002107
0.001913
0.001661
0.001673
0.001781
0.001644
0.001600
0.001474
0.001475
0.002520
0.001398
0.001475
0.001219
0.001607
0.001468
0.001696
0.001399
0.001692
0.001567
0.001539
0.001360
0.001433
0.001222
0.001359
0.001326
0.001319
0.001370
0.001942
0.001321
0.001440
0.001995
0.001364
0.001096
0.001439
0.002584
0.001177
0.005799
0.006187
0.003591
0.001434
0.001395
