0.082064
0.064616
0.063503
0.063062
0.058939
0.060895
0.055247
0.055353
0.058483
0.055269
0.056710
0.054866
0.053178
0.051277
0.050870
0.046980
0.045474
0.044957
0.046072
0.046295
0.043637
0.045180
0.042586
0.042217
0.041155
0.036147
0.038747
0.034808
0.034092
0.032056
0.030854
0.034301
0.029106
0.031568
0.027828
0.026567
0.027534
0.024994
0.026412
0.023298
0.023332
0.021092
0.022647
0.019410
0.019269
0.018977
0.021100
0.019582
0.017659
0.018783
0.018087
0.014103
0.018172
0.016738
0.018041
0.016453
0.015214
0.016338
0.014673
0.013204
0.010614
0.012206
0.013238
0.012450
0.012464
0.009771
0.008023
0.009818
0.009071
0.008466
0.006191
0.008804
0.005459
0.008904
0.007221
0.016204
0.012246
0.006234
0.014659
0.007694
0.008430
0.010217
0.006116
0.005750
0.006089
0.005999
0.004833
0.005526
0.006297
0.005140
0.004978
0.004976
0.004308
0.003783
0.005292
0.004033
0.003366
0.003866
0.004034
0.003157
0.004402
0.003780
0.003103
0.004317
0.003011
0.002535
0.003621
0.003141
0.003162
0.003915
0.002727
0.002246
0.003136
0.003026
0.004780
0.005385
0.004926
0.004391
0.004019
0.002950
0.002873
0.003297
0.002556
0.003600
0.002189
0.002227
0.001978
0.002221
0.001932
0.002025
0.002198
0.001731
0.001863
0.001994
0.001765
0.001799
0.001734
0.001765
0.001571
0.001697
0.001819
0.001587
0.002197
0.001783
0.001719
0.001821
0.001875
0.001920
0.001769
0.001634
