0.075514
0.071670
0.071670
0.071670
0.071670
0.071670
0.071670
0.071670
0.070839
0.065864
0.070059
0.069135
0.069307
0.068056
0.068292
0.067329
0.066301
0.069477
0.064147
0.064313
0.066568
0.062801
0.063893
0.062267
0.063753
0.059850
0.062432
0.065511
0.065337
0.062298
0.059628
0.060160
0.059931
0.059106
0.065695
0.061108
0.060233
0.058233
0.060080
0.058561
0.055726
0.058498
0.059099
0.054521
0.059109
0.057192
0.054992
0.059971
0.055793
0.062019
0.057335
0.063877
0.054950
0.056039
0.059968
0.058044
0.054033
0.051404
0.053208
0.052953
0.053831
0.058802
0.055129
0.054040
0.057069
0.052973
0.055480
0.058089
0.057423
0.043248
0.056653
0.053407
0.053434
0.053533
0.050072
0.047723
0.051267
0.048606
0.047008
0.045450
0.043145
0.049536
0.050354
0.048121
0.041454
0.045894
0.066719
0.042097
0.049017
0.048350
0.042121
0.037164
0.035835
0.041322
0.029941
0.034387
0.034866
0.033115
0.038390
0.030395
0.030028
0.034441
0.028334
0.032743
0.031299
0.027893
0.023409
0.028070
0.032585
0.030280
0.033421
0.030028
0.043184
0.032067
0.040437
0.059937
0.056315
0.043970
0.035573
0.040705
0.034607
0.036039
0.029390
0.028598
0.031093
0.032022
0.027051
0.027819
0.023362
0.029489
0.024251
0.021373
0.021976
0.029581
0.027973
0.030600
0.018746
0.022529
0.025000
0.031427
0.027902
0.025300
0.029009
0.024305
0.032602
0.038413
0.027884
0.051597
0.050349
0.046139
