0.174643
0.133126
0.107460
0.105477
0.087380
0.094632
0.087086
0.078272
0.068915
0.062783
0.068002
0.054131
0.050714
0.057358
0.056233
0.046275
0.046367
0.043961
0.041725
0.039969
0.041409
0.035903
0.040042
0.032406
0.034390
0.034376
0.030534
0.032152
0.030399
0.031289
0.030089
0.029131
0.029012
0.027815
0.022922
0.024771
0.019125
0.022580
0.018754
0.020537
0.017452
0.023636
0.021707
0.017903
0.013215
0.017638
0.011568
0.011412
0.010899
0.011902
0.008813
0.009200
0.008648
0.006675
0.008927
0.006292
0.006661
0.006723
0.006336
0.006051
0.005985
0.004969
0.004615
0.005832
0.005021
0.004576
0.003399
0.004300
0.003317
0.002940
0.004246
0.003432
0.002583
0.002377
0.002219
0.003229
0.002404
0.002857
0.002909
0.002036
0.002171
0.002013
0.001955
0.001534
0.002151
0.001592
0.001232
0.000959
0.001167
0.001137
0.001057
0.000917
0.000764
0.001098
0.000663
0.000847
0.000873
0.000899
0.000874
0.000660
0.000629
0.000762
0.000645
0.000363
0.000337
0.000453
0.000420
0.000299
0.000275
0.000279
0.000376
0.000351
0.000332
0.000322
0.000307
0.000291
0.000275
0.000320
0.000293
0.000278
0.000166
0.000287
0.000237
0.000195
0.000105
0.000208
0.000172
0.000197
0.000249
0.000424
0.000134
0.000447
0.000357
0.000262
0.000355
0.000168
0.000261
0.000223
0.000195
0.000144
0.000156
0.000116
0.000215
0.000108
0.000263
0.000215
0.000143
0.000090
0.000117
0.000152
