0.305340
0.081360
0.074428
0.071828
0.071670
0.071955
0.074876
0.072726
0.071670
0.071670
0.071670
0.071670
0.071670
0.071670
0.071670
0.071670
0.071670
0.071670
0.071670
0.071670
0.071670
0.071670
0.071670
0.071670
0.071670
0.071670
0.071670
0.071670
0.071670
0.071670
0.071670
0.071670
0.071670
0.071670
0.071670
0.071670
0.071670
0.071670
0.071670
0.071670
0.071203
0.070735
0.070371
0.070735
0.070686
0.070891
0.069354
0.069540
0.070268
0.069904
0.069751
0.068317
0.066632
0.066640
0.067956
0.068001
0.065911
0.064336
0.062851
0.065101
0.065494
0.062364
0.062878
0.062786
0.063274
0.060778
0.057625
0.061945
0.059205
0.062902
0.062083
0.061518
0.060738
0.057274
0.059974
0.054801
0.057835
0.057567
0.053187
0.054602
0.054499
0.055214
0.052461
0.052491
0.052814
0.051416
0.052638
0.051884
0.052920
0.052748
0.053881
0.047586
0.047443
0.051576
0.046822
0.050452
0.049884
0.051537
0.047723
0.046034
0.044859
0.046516
0.048690
0.043984
0.046228
0.041977
0.045601
0.043309
0.046724
0.048612
0.045275
0.048398
0.045324
0.044578
0.042765
0.041773
0.042579
0.041581
0.039036
0.044548
0.037552
0.041258
0.039696
0.039980
0.039992
0.038691
0.036191
0.034974
0.038379
0.036435
0.044897
0.040135
0.041249
0.038688
0.042099
0.045382
0.044363
0.039316
0.035645
0.035733
0.039002
0.038464
0.040205
0.043466
0.040453
0.043477
0.035423
0.037165
0.037330
0.038219
