0.125000
0.160000
0.155000
0.155000
0.155000
0.160000
0.185000
0.190000
0.195000
0.195000
0.245000
0.220000
0.265000
0.220000
0.210000
0.260000
0.225000
0.265000
0.270000
0.265000
0.280000
0.270000
0.285000
0.285000
0.295000
0.285000
0.290000
0.295000
0.305000
0.280000
0.295000
0.290000
0.300000
0.300000
0.300000
0.310000
0.295000
0.305000
0.300000
0.300000
0.310000
0.310000
0.315000
0.315000
0.320000
0.310000
0.320000
0.320000
0.305000
0.320000
0.315000
0.320000
0.315000
0.320000
0.320000
0.310000
0.315000
0.320000
0.315000
0.320000
0.320000
0.320000
0.320000
0.320000
0.320000
0.320000
0.320000
0.320000
0.320000
0.320000
0.320000
0.320000
0.320000
0.320000
0.320000
0.320000
0.320000
0.320000
0.320000
0.320000
0.320000
0.320000
0.320000
0.320000
0.320000
0.320000
0.320000
0.320000
0.315000
0.320000
0.320000
0.320000
0.335000
0.375000
0.395000
0.405000
0.370000
0.400000
0.415000
0.380000
0.410000
0.420000
0.395000
0.455000
0.430000
0.420000
0.435000
0.430000
0.465000
0.450000
0.425000
0.370000
0.515000
0.520000
0.575000
0.550000
0.535000
0.570000
0.550000
0.595000
0.595000
0.595000
0.580000
0.595000
0.605000
0.620000
0.580000
0.600000
0.610000
0.620000
0.640000
0.630000
0.635000
0.635000
0.640000
0.635000
0.645000
0.625000
0.640000
0.640000
0.650000
0.635000
0.650000
0.655000
0.660000
0.660000
0.655000
0.660000
0.660000
0.660000
