0.155000
0.195000
0.195000
0.195000
0.195000
0.195000
0.195000
0.195000
0.195000
0.195000
0.195000
0.195000
0.195000
0.195000
0.195000
0.195000
0.195000
0.195000
0.195000
0.195000
0.195000
0.195000
0.195000
0.195000
0.195000
0.195000
0.195000
0.195000
0.195000
0.195000
0.195000
0.195000
0.195000
0.195000
0.195000
0.195000
0.195000
0.195000
0.195000
0.195000
0.195000
0.195000
0.195000
0.195000
0.195000
0.195000
0.195000
0.195000
0.195000
0.195000
0.195000
0.195000
0.195000
0.195000
0.195000
0.195000
0.195000
0.195000
0.195000
0.195000
0.195000
0.195000
0.195000
0.195000
0.195000
0.200000
0.220000
0.195000
0.195000
0.195000
0.195000
0.195000
0.195000
0.195000
0.195000
0.195000
0.195000
0.195000
0.195000
0.195000
0.195000
0.195000
0.195000
0.195000
0.195000
0.195000
0.195000
0.195000
0.195000
0.195000
0.195000
0.195000
0.195000
0.195000
0.195000
0.195000
0.195000
0.195000
0.195000
0.195000
0.195000
0.195000
0.195000
0.195000
0.195000
0.195000
0.195000
0.195000
0.195000
0.195000
0.195000
0.195000
0.195000
0.195000
0.195000
0.195000
0.195000
0.195000
0.195000
0.195000
0.195000
0.195000
0.195000
0.195000
0.195000
0.195000
0.195000
0.195000
0.195000
0.195000
0.195000
0.195000
0.195000
0.195000
0.195000
0.195000
0.195000
0.195000
0.195000
0.195000
0.195000
0.195000
0.195000
0.195000
0.195000
0.195000
0.195000
0.195000
0.195000
0.195000
