0.240119
0.062825
0.062712
0.062712
0.062712
0.062595
0.061971
0.062889
0.061960
0.062206
0.061516
0.061530
0.061550
0.060924
0.061293
0.060864
0.060184
0.058991
0.059379
0.059099
0.059471
0.058828
0.058835
0.058199
0.058440
0.057357
0.056418
0.057559
0.057624
0.058124
0.057606
0.058066
0.056611
0.057291
0.057106
0.056710
0.057452
0.057355
0.057867
0.055815
0.056654
0.056764
0.056721
0.055293
0.054876
0.055986
0.055472
0.056886
0.057160
0.055763
0.055168
0.054905
0.055629
0.055348
0.055665
0.055575
0.053952
0.055428
0.055289
0.055692
0.055242
0.054706
0.054568
0.054018
0.054435
0.054829
0.053418
0.054325
0.054056
0.054200
0.054877
0.055356
0.053509
0.053636
0.053998
0.054022
0.054774
0.051547
0.053906
0.054824
0.053052
0.054427
0.054687
0.053801
0.053784
0.052799
0.052946
0.053411
0.053396
0.052153
0.053829
0.053874
0.052434
0.052956
0.052088
0.051089
0.052414
0.051521
0.051044
0.050603
0.048913
0.048754
0.049167
0.044531
0.048893
0.048261
0.048703
0.048714
0.048224
0.049189
0.050500
0.051662
0.046390
0.044619
0.042296
0.039506
0.041441
0.041170
0.040054
0.039427
0.036723
0.041102
0.038742
0.038689
0.036793
0.038039
0.039606
0.037012
0.038282
0.036998
0.035761
0.035809
0.036414
0.035101
0.035251
0.034089
0.035292
0.036399
0.034422
0.033792
0.033456
0.036507
0.035019
0.034103
0.033206
0.033213
0.032852
0.034955
0.032238
0.034458
