0.087854
0.064178
0.063591
0.060092
0.060890
0.061751
0.060974
0.059559
0.060414
0.058821
0.060055
0.060564
0.057365
0.059308
0.055877
0.051345
0.054345
0.050158
0.054368
0.049961
0.047760
0.049437
0.044439
0.047376
0.046473
0.046292
0.046700
0.049845
0.048600
0.049485
0.048445
0.044518
0.049050
0.050122
0.046951
0.047650
0.046214
0.047196
0.047400
0.048760
0.045443
0.047752
0.046026
0.043160
0.044035
0.046750
0.042202
0.046378
0.042213
0.043391
0.044999
0.040740
0.041596
0.042529
0.044193
0.044226
0.044715
0.044045
0.044873
0.041844
0.041354
0.043441
0.043065
0.042416
0.042326
0.040443
0.038937
0.040828
0.041059
0.045162
0.040276
0.037996
0.040413
0.039486
0.039122
0.040487
0.041282
0.044745
0.041793
0.041151
0.041731
0.038038
0.036444
0.041615
0.040638
0.038294
0.037019
0.038886
0.040556
0.038815
0.042162
0.042266
0.040327
0.039664
0.040748
0.038223
0.040026
0.040185
0.042302
0.039530
0.043025
0.039445
0.034973
0.036161
0.039016
0.036255
0.037001
0.035235
0.037934
0.036980
0.039635
0.039624
0.038105
0.037942
0.037703
0.035696
0.037563
0.037784
0.037844
0.037672
0.037823
0.033933
0.036339
0.036297
0.038142
0.035516
0.033946
0.034013
0.034127
0.038682
0.037893
0.034414
0.035314
0.037207
0.040099
0.038559
0.040713
0.035266
0.033095
0.039122
0.035871
0.034912
0.035592
0.035840
0.030336
0.031578
0.033563
0.038298
0.033795
0.032139
