0.131753
0.098506
0.074788
0.075130
0.063079
0.055949
0.052231
0.051151
0.049829
0.048453
0.049749
0.051057
0.044804
0.045538
0.042491
0.044543
0.044265
0.042261
0.038571
0.038598
0.036132
0.038545
0.038183
0.037301
0.036022
0.033695
0.032718
0.033456
0.035658
0.033017
0.034475
0.030823
0.032693
0.028407
0.028916
0.031908
0.030722
0.030672
0.030413
0.030038
0.028686
0.026673
0.025646
0.028195
0.026283
0.025502
0.025178
0.026419
0.025029
0.025766
0.024797
0.024464
0.024586
0.024234
0.025023
0.023223
0.023830
0.022504
0.023183
0.022717
0.020603
0.021810
0.021132
0.020638
0.020684
0.020412
0.021868
0.022631
0.020100
0.018685
0.021412
0.019215
0.019518
0.019829
0.018501
0.019067
0.020046
0.019241
0.017854
0.016876
0.015756
0.016570
0.017712
0.016435
0.016308
0.018450
0.017798
0.017853
0.016867
0.015700
0.015745
0.015405
0.016222
0.016686
0.014486
0.016515
0.016144
0.015420
0.015042
0.014327
0.015418
0.014514
0.014583
0.014011
0.014638
0.015977
0.014371
0.013762
0.012787
0.012017
0.012971
0.012741
0.013482
0.013655
0.013090
0.013495
0.012920
0.011890
0.012282
0.012182
0.011950
0.011324
0.012429
0.010392
0.010405
0.011818
0.011101
0.010958
0.010946
0.011049
0.010506
0.011482
0.010222
0.011376
0.009940
0.009828
0.011102
0.009162
0.009275
0.008957
0.009053
0.009937
0.009193
0.009725
0.009055
0.008884
0.009212
0.009644
0.008774
0.008909
