0.075408
0.064115
0.061924
0.059137
0.056320
0.054576
0.052713
0.051020
0.053878
0.051309
0.051793
0.050153
0.049155
0.049163
0.048119
0.052805
0.051174
0.049606
0.048850
0.047690
0.046821
0.045284
0.047134
0.047199
0.046585
0.044371
0.047766
0.045978
0.045855
0.044897
0.045672
0.045784
0.046865
0.048216
0.045855
0.043157
0.045398
0.042350
0.044333
0.046209
0.041476
0.043455
0.042015
0.043133
0.043575
0.042023
0.043119
0.042514
0.042552
0.043749
0.041340
0.043170
0.041621
0.039154
0.041118
0.041710
0.040718
0.040660
0.041745
0.040855
0.038944
0.042244
0.039155
0.039305
0.040378
0.041874
0.042302
0.039922
0.040173
0.039942
0.039994
0.036822
0.039478
0.038878
0.036890
0.036331
0.037164
0.038072
0.040039
0.039834
0.040675
0.037719
0.039451
0.037725
0.038035
0.038703
0.039036
0.037860
0.037438
0.037718
0.040183
0.038807
0.037884
0.035454
0.036073
0.038755
0.037265
0.038426
0.037856
0.037076
0.038023
0.038751
0.037445
0.037953
0.036376
0.036252
0.039554
0.039678
0.038212
0.037380
0.036107
0.037667
0.038232
0.038931
0.036049
0.038471
0.036885
0.038222
0.039417
0.036892
0.037272
0.035510
0.037133
0.038639
0.036077
0.034302
0.041365
0.036663
0.039010
0.036075
0.037615
0.036528
0.036540
0.035855
0.038864
0.035996
0.036748
0.038054
0.036898
0.035462
0.035783
0.033630
0.034865
0.037195
0.039439
0.037968
0.035515
0.037279
0.038726
0.039680
