0.096548
0.069625
0.064496
0.062404
0.059695
0.059694
0.059628
0.058407
0.056997
0.057329
0.054934
0.056713
0.054566
0.054702
0.052208
0.050981
0.052110
0.051706
0.050770
0.048275
0.051897
0.050290
0.050579
0.046819
0.049877
0.047629
0.045198
0.046922
0.046610
0.045572
0.042621
0.044637
0.042988
0.046915
0.040924
0.044024
0.040739
0.043150
0.040640
0.039581
0.042185
0.040507
0.041209
0.040177
0.041223
0.042874
0.044084
0.041901
0.039868
0.038357
0.038396
0.039132
0.041045
0.039964
0.038276
0.038237
0.038140
0.042989
0.040997
0.041365
0.041173
0.038946
0.034780
0.041062
0.040377
0.035588
0.040767
0.040652
0.036665
0.037360
0.037115
0.037482
0.041142
0.037971
0.035664
0.036085
0.035570
0.036130
0.037781
0.038844
0.038458
0.036795
0.037203
0.035153
0.035418
0.037716
0.033613
0.035403
0.036018
0.035823
0.034931
0.035366
0.036400
0.033868
0.034449
0.034029
0.034501
0.034824
0.034959
0.033128
0.033875
0.034202
0.035054
0.034095
0.034250
0.034731
0.033887
0.031752
0.034047
0.033069
0.035307
0.034740
0.034342
0.030641
0.035093
0.034603
0.033172
0.031301
0.033168
0.031012
0.033115
0.033201
0.033480
0.032653
0.032891
0.033228
0.033322
0.033383
0.029629
0.032416
0.034346
0.033454
0.032940
0.033235
0.033508
0.032313
0.034165
0.031642
0.033210
0.032395
0.033840
0.032081
0.030528
0.030642
0.032525
0.032914
0.032417
0.030626
0.034542
0.032485
