0.291372
0.064637
0.062712
0.062712
0.062712
0.062712
0.062751
0.062673
0.061974
0.062485
0.061037
0.060116
0.059879
0.059871
0.059878
0.057966
0.058641
0.063054
0.062518
0.062648
0.062362
0.062101
0.061087
0.061568
0.061043
0.060209
0.059966
0.059869
0.059483
0.059413
0.060012
0.059290
0.059043
0.058884
0.057876
0.059135
0.059497
0.059128
0.058778
0.057830
0.058842
0.058631
0.058419
0.057582
0.057357
0.056877
0.057840
0.058100
0.058543
0.058046
0.056473
0.056567
0.057722
0.057155
0.057703
0.056151
0.056436
0.056677
0.057146
0.057172
0.055913
0.055448
0.055715
0.055105
0.055316
0.055738
0.055304
0.061103
0.058844
0.057510
0.057507
0.057494
0.055390
0.054596
0.055443
0.055426
0.055543
0.053600
0.055906
0.056005
0.055760
0.056235
0.056317
0.054876
0.055189
0.054492
0.054309
0.055675
0.056257
0.053876
0.056034
0.054926
0.053474
0.053925
0.054080
0.054295
0.053456
0.052794
0.053843
0.054706
0.052894
0.052992
0.054484
0.051662
0.055468
0.054459
0.054578
0.053227
0.055221
0.054883
0.054349
0.054311
0.053717
0.054474
0.053422
0.054051
0.052941
0.053731
0.053300
0.052611
0.050159
0.053237
0.052669
0.052453
0.050872
0.053292
0.053211
0.053196
0.053943
0.053106
0.053160
0.052413
0.053098
0.051429
0.052291
0.052219
0.053087
0.053884
0.053105
0.053892
0.053099
0.053865
0.053079
0.052233
0.053157
0.052255
0.053862
0.053861
0.052216
0.053020
