0.435861
0.295437
0.272125
0.141347
0.165276
0.203831
0.156877
0.122312
0.134934
0.137993
0.130539
0.112349
0.109456
0.128288
0.094798
0.106587
0.099351
0.088490
0.096295
0.086345
0.092746
0.077379
0.072085
0.088989
0.080887
0.086522
0.065530
0.071816
0.088713
0.067986
0.069770
0.056479
0.064386
0.059514
0.057952
0.046135
0.052888
0.051376
0.049107
0.053271
0.053675
0.054236
0.055148
0.051296
0.054421
0.051160
0.044101
0.040732
0.031286
0.047111
0.034920
0.035765
0.036845
0.036462
0.038750
0.038877
0.048873
0.036087
0.035799
0.031625
0.035652
0.033413
0.033832
0.032896
0.035318
0.026226
0.031962
0.024395
0.025611
0.034741
0.028262
0.018572
0.020411
0.025611
0.027210
0.022898
0.032958
0.027049
0.031210
0.021079
0.023182
0.016485
0.016705
0.023712
0.013180
0.020710
0.012616
0.017503
0.011573
0.011463
0.009494
0.014835
0.014941
0.017510
0.011542
0.012209
0.007031
0.014019
0.012580
0.012545
0.020225
0.012843
0.013708
0.011146
0.013735
0.010065
0.009226
0.015285
0.010653
0.007011
0.010228
0.006173
0.007484
0.007317
0.006886
0.002002
0.007764
0.004874
0.006800
0.004426
0.002798
0.003923
0.002115
0.002881
0.006216
0.003679
0.003745
0.005283
0.004045
0.003375
0.001810
0.004199
0.003457
0.005820
0.003598
0.004735
0.004218
0.005002
0.002326
0.002460
0.003396
0.001543
0.004051
0.002552
0.003203
0.001830
0.002036
0.003046
0.001216
0.001415
