0.567196
0.315237
0.373139
0.235124
0.212334
0.199114
0.136166
0.108578
0.079441
0.072524
0.073369
0.074732
0.073294
0.072230
0.072387
0.072108
0.071950
0.071950
0.072230
0.072108
0.071434
0.071368
0.069229
0.070775
0.070903
0.070006
0.069410
0.067921
0.068541
0.068959
0.068975
0.067528
0.066113
0.067775
0.068300
0.068046
0.066557
0.067425
0.065285
0.065507
0.065574
0.066826
0.065560
0.065548
0.065305
0.066292
0.066205
0.065228
0.065515
0.066238
0.064614
0.064995
0.065480
0.065802
0.065209
0.061857
0.061707
0.061693
0.061601
0.059748
0.059796
0.059769
0.058502
0.059433
0.060133
0.057395
0.054701
0.059542
0.056672
0.056532
0.052688
0.057498
0.053784
0.054373
0.052260
0.049619
0.049921
0.047708
0.049013
0.049308
0.050960
0.048950
0.051393
0.050618
0.049652
0.049599
0.048926
0.046502
0.045454
0.047185
0.047584
0.044493
0.047583
0.039652
0.045416
0.042077
0.044430
0.042324
0.037110
0.037446
0.039226
0.037571
0.038715
0.041096
0.037515
0.037138
0.038569
0.036060
0.038626
0.037095
0.038176
0.036917
0.036583
0.033589
0.035288
0.035956
0.030232
0.037392
0.032050
0.036472
0.034986
0.034065
0.032817
0.035855
0.032535
0.034096
0.030329
0.032145
0.028083
0.034738
0.034317
0.028461
0.031006
0.029163
0.032027
0.032837
0.034758
0.027743
0.032276
0.026596
0.032125
0.031756
0.025214
0.026433
0.024666
0.026408
0.025555
0.023785
0.022911
0.025491
