0.081332
0.071670
0.071670
0.071670
0.071670
0.071670
0.071670
0.071670
0.070839
0.064356
0.060946
0.061639
0.060982
0.062043
0.058723
0.067460
0.056871
0.058537
0.060450
0.061763
0.060646
0.059941
0.060172
0.058676
0.059503
0.058261
0.058556
0.056513
0.060185
0.056743
0.059759
0.059610
0.058297
0.056535
0.056786
0.060201
0.056830
0.056993
0.058135
0.058632
0.057780
0.057921
0.056412
0.056912
0.059556
0.058670
0.059079
0.058937
0.059086
0.059954
0.056870
0.059094
0.058557
0.055992
0.057307
0.058163
0.059487
0.057712
0.056811
0.056916
0.058574
0.056664
0.057259
0.056938
0.055678
0.056672
0.056158
0.058371
0.056649
0.055973
0.057035
0.055610
0.054425
0.057332
0.053895
0.053730
0.054778
0.053868
0.051991
0.055360
0.053765
0.052878
0.052701
0.054458
0.054335
0.054451
0.053336
0.054612
0.053250
0.052302
0.053070
0.054119
0.055668
0.062750
0.057354
0.059875
0.056641
0.058223
0.059161
0.060903
0.060165
0.060884
0.059968
0.059055
0.059004
0.057259
0.059868
0.060025
0.059005
0.058140
0.058225
0.061663
0.059922
0.061766
0.059289
0.059907
0.057358
0.059017
0.060738
0.058127
0.058132
0.059002
0.056384
0.058131
0.059035
0.060307
0.053603
0.055084
0.051418
0.050905
0.050825
0.052430
0.051159
0.046619
0.050576
0.045058
0.047504
0.048114
0.054304
0.047969
0.048819
0.047908
0.047350
0.044726
0.047881
0.051659
0.045477
0.046020
0.047452
0.051314
