0.112185
0.083830
0.069842
0.065559
0.062063
0.063292
0.064822
0.064384
0.062805
0.064520
0.065483
0.064617
0.064084
0.062257
0.062210
0.062835
0.062976
0.063340
0.061996
0.062883
0.061405
0.062338
0.061228
0.061181
0.055379
0.055095
0.056212
0.054755
0.055311
0.053294
0.055732
0.055588
0.054410
0.055187
0.053955
0.054464
0.051290
0.051750
0.049897
0.052134
0.050115
0.053089
0.046999
0.049262
0.045939
0.048226
0.047470
0.050643
0.050460
0.052483
0.050498
0.051490
0.049523
0.048841
0.049147
0.046946
0.048262
0.044586
0.046875
0.044885
0.049032
0.046574
0.046330
0.047520
0.044747
0.042961
0.045123
0.046061
0.048400
0.045388
0.051170
0.042563
0.049972
0.045850
0.049715
0.049938
0.052564
0.051362
0.050653
0.050493
0.049538
0.045157
0.045140
0.051422
0.048193
0.047367
0.048258
0.049320
0.049165
0.047788
0.049430
0.050968
0.046080
0.045350
0.046533
0.044225
0.041196
0.045063
0.044003
0.044990
0.043206
0.047229
0.043570
0.046015
0.046818
0.043197
0.044592
0.039097
0.042461
0.044880
0.041035
0.047080
0.044907
0.042784
0.046648
0.047468
0.046494
0.043445
0.042372
0.041326
0.045268
0.042210
0.043828
0.043070
0.042272
0.042974
0.041804
0.038738
0.040486
0.045111
0.043575
0.043934
0.039979
0.044626
0.043140
0.044795
0.041353
0.040503
0.042467
0.038946
0.045624
0.047393
0.040566
0.047750
0.038055
0.045412
0.045660
0.045958
0.045508
0.036431
