0.084723
0.071754
0.064577
0.060260
0.057895
0.054946
0.054805
0.054410
0.051889
0.051642
0.050018
0.051458
0.049615
0.050612
0.048933
0.050190
0.049127
0.048949
0.046646
0.046612
0.046367
0.044176
0.045788
0.041857
0.045658
0.039825
0.041560
0.039880
0.040292
0.040893
0.042461
0.041882
0.041841
0.038129
0.039459
0.036824
0.039425
0.037540
0.035933
0.038147
0.036944
0.036473
0.036619
0.037916
0.035543
0.035472
0.035692
0.036122
0.037062
0.036443
0.036435
0.034352
0.035723
0.034623
0.035317
0.035915
0.032397
0.035781
0.032778
0.031495
0.033505
0.032509
0.032125
0.032911
0.030701
0.034121
0.031273
0.032845
0.033907
0.031764
0.031570
0.030765
0.031535
0.031021
0.031512
0.031622
0.030896
0.029886
0.029052
0.030246
0.030118
0.029928
0.031603
0.029299
0.030584
0.030488
0.030602
0.030223
0.026651
0.029823
0.029499
0.029054
0.028164
0.028140
0.029050
0.028906
0.028950
0.028190
0.029300
0.027735
0.028853
0.029290
0.027002
0.027974
0.028379
0.028614
0.027778
0.027235
0.029292
0.026672
0.028381
0.028921
0.027863
0.026681
0.028347
0.026542
0.025967
0.025861
0.026457
0.026329
0.027667
0.025900
0.028002
0.026656
0.027857
0.024680
0.027979
0.027086
0.026741
0.026618
0.025424
0.026819
0.025997
0.025802
0.027496
0.027529
0.025903
0.029086
0.023780
0.025467
0.025544
0.026553
0.025825
0.025918
0.025975
0.027080
0.026973
0.025243
0.025892
0.023910
