0.072952
0.071670
0.071950
0.071119
0.071526
0.070986
0.069815
0.069799
0.069062
0.069324
0.067551
0.068709
0.066593
0.066444
0.065846
0.064484
0.065913
0.066158
0.065787
0.061584
0.059885
0.062191
0.064498
0.062630
0.060294
0.060211
0.059416
0.060615
0.060915
0.057944
0.058946
0.057043
0.058754
0.057490
0.056854
0.059824
0.054830
0.058808
0.052552
0.047641
0.049015
0.047837
0.041963
0.045450
0.045829
0.042260
0.038535
0.044787
0.042810
0.042502
0.039912
0.042899
0.039970
0.037318
0.039351
0.039639
0.039117
0.038363
0.035680
0.037592
0.037381
0.035954
0.037578
0.052724
0.038010
0.044132
0.040005
0.042813
0.047342
0.038256
0.041354
0.039295
0.036935
0.032382
0.039742
0.037264
0.032378
0.035709
0.033854
0.033771
0.033504
0.032033
0.033476
0.033992
0.031880
0.030194
0.028525
0.030857
0.030817
0.030687
0.030139
0.027405
0.028601
0.029190
0.028740
0.025942
0.025362
0.024734
0.025472
0.023497
0.025139
0.024753
0.027368
0.026792
0.027503
0.025210
0.023496
0.028131
0.022332
0.028703
0.025375
0.026601
0.026192
0.024115
0.025941
0.028527
0.026997
0.027249
0.029625
0.026776
0.027220
0.027176
0.024687
0.022882
0.022553
0.030820
0.022372
0.027569
0.023808
0.021258
0.026906
0.030092
0.030168
0.025658
0.029666
0.024912
0.032346
0.039244
0.030320
0.031273
0.029163
0.028487
0.037765
0.024749
0.037387
0.047088
0.036904
0.025255
0.027979
0.025188
