0.224564
0.097142
0.078955
0.072692
0.073135
0.071330
0.071925
0.066864
0.070079
0.061778
0.064431
0.061844
0.056962
0.059785
0.057336
0.060856
0.056044
0.058956
0.057464
0.054655
0.053558
0.050263
0.045575
0.045582
0.045008
0.048215
0.047961
0.044978
0.045422
0.046352
0.043015
0.041503
0.043572
0.039499
0.040313
0.039616
0.040977
0.039983
0.038707
0.040173
0.037952
0.035128
0.038959
0.036682
0.036951
0.036314
0.038206
0.039537
0.036492
0.033092
0.038900
0.038076
0.037743
0.032299
0.033474
0.035432
0.035628
0.036015
0.034990
0.032887
0.034000
0.033314
0.036921
0.037907
0.035573
0.038773
0.038019
0.031956
0.033508
0.032813
0.032572
0.034411
0.036420
0.039035
0.051139
0.037601
0.037196
0.042051
0.036122
0.040450
0.039237
0.036265
0.034864
0.036976
0.036001
0.032805
0.033059
0.031932
0.027934
0.029637
0.025871
0.027764
0.026753
0.025159
0.023940
0.028934
0.023130
0.027033
0.027199
0.027676
0.024840
0.023906
0.020015
0.024975
0.023813
0.021027
0.019164
0.018264
0.019832
0.017988
0.016807
0.019479
0.016330
0.016223
0.018014
0.016481
0.023085
0.013142
0.013784
0.014855
0.014303
0.017572
0.014994
0.016640
0.017128
0.016332
0.013349
0.016315
0.014414
0.015428
0.017802
0.013318
0.014641
0.015928
0.015070
0.014325
0.021825
0.013080
0.020985
0.029022
0.012567
0.024498
0.020932
0.021992
0.014799
0.016435
0.019380
0.015733
0.027806
0.033902
