0.075777
0.068859
0.068498
0.065261
0.060569
0.064629
0.062338
0.060624
0.056398
0.055600
0.053215
0.053577
0.051731
0.053863
0.052814
0.051920
0.049533
0.048721
0.048508
0.048515
0.048795
0.045310
0.044252
0.045798
0.043523
0.044093
0.042272
0.042789
0.043081
0.039243
0.039794
0.042632
0.041765
0.041922
0.039677
0.036655
0.036984
0.036868
0.036735
0.039940
0.033961
0.031137
0.035436
0.035130
0.031629
0.030700
0.033889
0.030822
0.032879
0.030934
0.030600
0.028724
0.028841
0.029241
0.031662
0.025485
0.028164
0.027686
0.026661
0.026799
0.026373
0.025194
0.022311
0.023790
0.024188
0.024156
0.024934
0.022890
0.021364
0.022227
0.021354
0.019630
0.021579
0.022497
0.019937
0.021778
0.020372
0.020554
0.020462
0.019369
0.022680
0.019914
0.021657
0.020469
0.021343
0.020685
0.019468
0.017130
0.018746
0.017164
0.017646
0.017256
0.019005
0.016814
0.017239
0.015529
0.017156
0.016636
0.018047
0.018501
0.017091
0.016861
0.017618
0.017068
0.016684
0.016752
0.016967
0.018121
0.015889
0.016132
0.014754
0.015148
0.014867
0.016262
0.013690
0.015276
0.014757
0.014180
0.015907
0.014425
0.015473
0.014677
0.014218
0.015636
0.014723
0.012739
0.014488
0.012267
0.015753
0.012545
0.012261
0.013577
0.012582
0.013504
0.012646
0.013252
0.014950
0.013723
0.012973
0.013224
0.011549
0.011580
0.012459
0.014976
0.013977
0.013195
0.011508
0.013905
0.015267
0.012836
