0.086660
0.073257
0.070125
0.066905
0.068698
0.069006
0.066428
0.068478
0.066110
0.066019
0.064042
0.065332
0.068440
0.067463
0.067127
0.066772
0.065962
0.066633
0.064310
0.067013
0.065164
0.067262
0.066072
0.064956
0.064509
0.063746
0.066217
0.067077
0.064680
0.063422
0.066715
0.068777
0.064097
0.067052
0.065628
0.063581
0.064883
0.066243
0.062388
0.063552
0.064490
0.061191
0.059652
0.061101
0.059811
0.060800
0.060191
0.058197
0.059409
0.059867
0.060161
0.055893
0.058391
0.054846
0.054903
0.053985
0.057132
0.055116
0.052294
0.055216
0.048750
0.049715
0.049000
0.050402
0.046638
0.047931
0.047688
0.051608
0.045660
0.050126
0.055654
0.050660
0.053155
0.049717
0.054143
0.043123
0.047205
0.050062
0.046519
0.042342
0.047478
0.039403
0.044140
0.044630
0.051786
0.037222
0.040987
0.043748
0.042903
0.037612
0.038293
0.039825
0.033878
0.036106
0.034870
0.038884
0.039814
0.035450
0.037544
0.039060
0.046585
0.038975
0.040265
0.031651
0.035419
0.039099
0.030003
0.035687
0.030350
0.037559
0.036827
0.031278
0.039439
0.027083
0.030303
0.032720
0.032123
0.028410
0.030895
0.027455
0.027501
0.024507
0.030938
0.027121
0.032024
0.027090
0.022064
0.030433
0.023845
0.027881
0.024408
0.023069
0.024900
0.021985
0.029301
0.028772
0.031765
0.028391
0.026177
0.030260
0.033284
0.024691
0.031886
0.026255
0.024961
0.026600
0.025542
0.022223
0.023324
0.021459
