0.257485
0.437126
0.502994
0.544910
0.574850
0.604790
0.676647
0.676647
0.718563
0.760479
0.778443
0.826347
0.808383
0.850299
0.862275
0.862275
0.868263
0.886228
0.880240
0.880240
0.886228
0.892216
0.892216
0.898204
0.898204
0.898204
0.898204
0.898204
0.892216
0.892216
0.898204
0.898204
0.898204
0.892216
0.898204
0.898204
0.898204
0.904192
0.904192
0.904192
0.904192
0.910180
0.910180
0.910180
0.910180
0.910180
0.910180
0.910180
0.904192
0.910180
0.910180
0.910180
0.910180
0.916168
0.910180
0.910180
0.922156
0.916168
0.928144
0.934132
0.934132
0.934132
0.940120
0.940120
0.940120
0.928144
0.940120
0.940120
0.946108
0.946108
0.934132
0.958084
0.946108
0.946108
0.952096
0.946108
0.946108
0.946108
0.952096
0.946108
0.958084
0.958084
0.964072
0.958084
0.952096
0.946108
0.946108
0.952096
0.952096
0.946108
0.952096
0.952096
0.952096
0.952096
0.946108
0.958084
0.958084
0.958084
0.964072
0.964072
0.964072
0.958084
0.958084
0.958084
0.970060
0.964072
0.958084
0.970060
0.964072
0.970060
0.970060
0.970060
0.970060
0.970060
0.964072
0.970060
0.964072
0.970060
0.964072
0.976048
0.976048
0.976048
0.964072
0.970060
0.976048
0.970060
0.970060
0.982036
0.976048
0.976048
0.976048
0.970060
0.970060
0.970060
0.970060
0.970060
0.976048
0.976048
0.976048
0.976048
0.976048
0.970060
0.970060
0.976048
0.976048
0.976048
0.976048
0.976048
0.976048
0.976048
