0.191617
0.269461
0.305389
0.407186
0.497006
0.485030
0.491018
0.520958
0.514970
0.538922
0.610778
0.646707
0.652695
0.640719
0.682635
0.670659
0.670659
0.688623
0.694611
0.694611
0.700599
0.712575
0.718563
0.724551
0.730539
0.724551
0.730539
0.730539
0.880240
0.868263
0.868263
0.886228
0.874251
0.892216
0.880240
0.892216
0.898204
0.910180
0.916168
0.910180
0.910180
0.916168
0.928144
0.922156
0.922156
0.916168
0.916168
0.922156
0.928144
0.928144
0.922156
0.922156
0.928144
0.928144
0.922156
0.928144
0.928144
0.928144
0.928144
0.928144
0.928144
0.928144
0.928144
0.928144
0.934132
0.934132
0.934132
0.934132
0.940120
0.946108
0.946108
0.952096
0.952096
0.952096
0.952096
0.952096
0.958084
0.958084
0.958084
0.958084
0.958084
0.958084
0.952096
0.958084
0.958084
0.958084
0.952096
0.964072
0.964072
0.964072
0.964072
0.964072
0.964072
0.964072
0.964072
0.964072
0.964072
0.964072
0.964072
0.958084
0.964072
0.964072
0.964072
0.970060
0.964072
0.970060
0.970060
0.976048
0.976048
0.970060
0.970060
0.964072
0.970060
0.958084
0.976048
0.970060
0.970060
0.976048
0.970060
0.970060
0.970060
0.970060
0.970060
0.970060
0.970060
0.970060
0.970060
0.970060
0.970060
0.958084
0.958084
0.958084
0.964072
0.964072
0.964072
0.964072
0.964072
0.964072
0.964072
0.964072
0.964072
0.964072
0.964072
0.964072
0.982036
0.976048
0.970060
0.970060
0.964072
0.964072
