0.057712
0.055351
0.052457
0.051585
0.047125
0.045120
0.040398
0.037647
0.037098
0.038340
0.035256
0.035640
0.036129
0.032132
0.034008
0.032673
0.031223
0.031690
0.029293
0.029981
0.030688
0.031060
0.032224
0.030631
0.030817
0.030825
0.030681
0.029848
0.029795
0.028874
0.032074
0.028721
0.028976
0.029716
0.029510
0.028631
0.030991
0.030273
0.028569
0.030184
0.031004
0.029748
0.029323
0.028715
0.028363
0.030435
0.028274
0.027954
0.029577
0.028390
0.027498
0.029947
0.029669
0.027603
0.027738
0.029605
0.029972
0.028827
0.028291
0.030486
0.030012
0.027573
0.028114
0.029168
0.030184
0.029570
0.028899
0.028810
0.026890
0.028034
0.026890
0.030182
0.027661
0.026348
0.028286
0.029098
0.028401
0.027764
0.029776
0.027863
0.028197
0.026629
0.027589
0.027715
0.026569
0.027487
0.027487
0.028932
0.029892
0.026457
0.028061
0.029220
0.026840
0.028812
0.028078
0.027226
0.028656
0.027913
0.028043
0.027590
0.027714
0.028569
0.026043
0.025615
0.027531
0.026617
0.026574
0.029170
0.027001
0.027065
0.025614
0.026574
0.026142
0.026342
0.027062
0.025631
0.027162
0.029019
0.026689
0.026792
0.026052
0.027119
0.027159
0.027117
0.029116
0.026528
0.025954
0.027729
0.025598
0.025983
0.028089
0.026563
0.026482
0.026482
0.025417
0.027409
0.028391
0.026725
0.027668
0.026234
0.027953
0.029206
0.025713
0.027248
0.026742
0.025292
0.028146
0.026607
0.025927
0.026693
