0.174907
0.133847
0.110436
0.105832
0.091660
0.092200
0.084810
0.079411
0.070301
0.070889
0.067106
0.056755
0.061506
0.056036
0.055712
0.052916
0.047353
0.049545
0.045611
0.041273
0.043075
0.041608
0.044730
0.036417
0.037111
0.034385
0.037213
0.033127
0.030481
0.029788
0.028659
0.030633
0.026071
0.025081
0.024758
0.021837
0.021710
0.023173
0.022719
0.018473
0.018383
0.018150
0.016228
0.016182
0.011766
0.012877
0.013861
0.011752
0.011494
0.012283
0.009594
0.011119
0.010342
0.007017
0.007469
0.007471
0.005644
0.005670
0.006927
0.005143
0.005283
0.006554
0.004272
0.004897
0.004007
0.004248
0.005660
0.003130
0.002811
0.003461
0.003387
0.003051
0.003373
0.003543
0.002478
0.002293
0.001858
0.001787
0.001615
0.001851
0.001280
0.001534
0.001120
0.001375
0.001769
0.000914
0.000875
0.001148
0.001041
0.000959
0.001035
0.001092
0.000832
0.000908
0.001012
0.000727
0.000930
0.000717
0.000757
0.000622
0.000550
0.000516
0.000417
0.000468
0.000389
0.000598
0.000507
0.000630
0.000520
0.001108
0.000260
0.000960
0.000501
0.000654
0.000279
0.000280
0.000221
0.000252
0.000260
0.000293
0.000300
0.000203
0.000236
0.000252
0.000238
0.000253
0.000374
0.000244
0.000209
0.000119
0.000127
0.000176
0.000129
0.000264
0.000148
0.000137
0.000178
0.000139
0.000138
0.000105
0.000195
0.000157
0.000152
0.000128
0.000193
0.000096
0.000177
0.000139
0.000195
0.000115
