0.146739
0.107243
0.079995
0.097258
0.092303
0.084624
0.094084
0.075582
0.077706
0.076243
0.084474
0.092548
0.094367
0.085146
0.074503
0.076197
0.080901
0.082286
0.090072
0.082407
0.075717
0.084355
0.078447
0.074997
0.082976
0.085156
0.080211
0.082290
0.077951
0.074044
0.077800
0.076007
0.077986
0.085766
0.077947
0.077076
0.073676
0.076109
0.073386
0.083558
0.098566
0.077366
0.077499
0.078048
0.072767
0.073819
0.076591
0.087397
0.077947
0.079159
0.080552
0.077049
0.075352
0.081950
0.077907
0.076590
0.073535
0.085925
0.078685
0.078193
0.081034
0.074203
0.072776
0.077562
0.077249
0.079030
0.081991
0.073702
0.080991
0.079631
0.078972
0.077840
0.081034
0.073303
0.077239
0.076242
0.074271
0.076197
0.076396
0.076729
0.072539
0.077819
0.078054
0.075203
0.077216
0.076250
0.071944
0.077252
0.074689
0.074411
0.072426
0.071670
0.073676
0.078517
0.073813
0.074688
0.077847
0.073750
0.071940
0.071940
0.073123
0.071670
0.071670
0.078187
0.074660
0.075545
0.076008
0.077076
0.076487
0.074873
0.074739
0.071638
0.074636
0.079573
0.073160
0.075682
0.076701
0.074618
0.072426
0.071940
0.071940
0.073398
0.079855
0.080203
0.073190
0.073190
0.075139
0.074855
0.071940
0.074240
0.071319
0.078993
0.073123
0.071670
0.074011
0.081791
0.075382
0.075451
0.071666
0.078812
0.077148
0.073328
0.075759
0.074571
0.075747
0.072912
0.072912
0.076383
0.074358
0.075317
