0.129395
0.062790
0.062470
0.062712
0.061120
0.060901
0.061413
0.062478
0.062279
0.057933
0.057976
0.056631
0.057230
0.052268
0.054832
0.054963
0.055167
0.055044
0.051789
0.054912
0.054286
0.054182
0.054574
0.051693
0.053107
0.052906
0.054042
0.053727
0.052801
0.052765
0.052760
0.052810
0.052846
0.052043
0.052053
0.051808
0.053437
0.053614
0.051063
0.052561
0.052572
0.052478
0.052509
0.051678
0.053277
0.051616
0.052431
0.051553
0.053283
0.052403
0.051602
0.052406
0.052456
0.052402
0.052420
0.051553
0.052409
0.052978
0.053679
0.050787
0.052401
0.052487
0.052415
0.050780
0.054695
0.057414
0.058608
0.054719
0.053450
0.052995
0.052845
0.051421
0.055137
0.052225
0.052533
0.051568
0.052603
0.051682
0.052008
0.050337
0.051710
0.050292
0.049848
0.050714
0.051610
0.051624
0.053214
0.052441
0.053168
0.051446
0.060251
0.053703
0.051481
0.050826
0.053614
0.051945
0.052545
0.053583
0.051689
0.053326
0.053291
0.051596
0.053256
0.053234
0.051645
0.050711
0.053257
0.052401
0.052397
0.053215
0.050727
0.050708
0.051545
0.052401
0.050702
0.050703
0.051556
0.049846
0.052372
0.051561
0.053139
0.052535
0.051580
0.052537
0.052532
0.054059
0.050733
0.052392
0.052391
0.052392
0.052369
0.051556
0.052589
0.050803
0.050015
0.053117
0.051220
0.051928
0.052108
0.051025
0.051293
0.049771
0.050767
0.049159
0.049764
0.048779
0.050023
0.048881
0.050451
0.047669
