0.387588
0.257806
0.078774
0.064169
0.059910
0.061417
0.056917
0.053924
0.053145
0.052775
0.050741
0.050435
0.049666
0.046984
0.047463
0.047157
0.048435
0.047876
0.047909
0.047761
0.047456
0.048342
0.046643
0.046032
0.047144
0.047333
0.045255
0.045985
0.044522
0.044801
0.043840
0.044178
0.045608
0.043713
0.042069
0.044652
0.044347
0.045450
0.044512
0.047064
0.045148
0.042777
0.042599
0.042654
0.039791
0.039451
0.040094
0.039960
0.039670
0.041287
0.040519
0.039930
0.039284
0.040186
0.038106
0.040608
0.038903
0.037887
0.038824
0.039828
0.040328
0.044141
0.042476
0.043450
0.038539
0.038123
0.037776
0.037163
0.034415
0.032117
0.033595
0.032979
0.030717
0.033785
0.030528
0.031609
0.031171
0.026827
0.028364
0.027483
0.026921
0.027886
0.026230
0.026249
0.027281
0.027222
0.023575
0.024003
0.022533
0.020407
0.020930
0.024377
0.030622
0.025733
0.023453
0.021604
0.021591
0.019723
0.019063
0.020979
0.019815
0.021217
0.018851
0.018684
0.018461
0.017643
0.020008
0.019964
0.020152
0.019388
0.019222
0.017427
0.017887
0.018763
0.017710
0.016065
0.016414
0.018109
0.015428
0.016654
0.016901
0.015044
0.015894
0.015078
0.015076
0.016460
0.014658
0.017224
0.014226
0.012909
0.016109
0.014152
0.014292
0.015680
0.014960
0.013759
0.013144
0.013138
0.014779
0.013963
0.013563
0.012588
0.013577
0.012046
0.013033
0.012437
0.013041
0.013761
0.013053
0.013252
