0.073047
0.073579
0.071365
0.071670
0.066368
0.071953
0.069207
0.068840
0.069077
0.070510
0.069354
0.066994
0.068227
0.068669
0.067321
0.065534
0.066669
0.067711
0.066102
0.068732
0.063465
0.065969
0.063548
0.068029
0.063976
0.064968
0.060538
0.067941
0.062415
0.060580
0.062357
0.061152
0.062400
0.062383
0.061897
0.056210
0.062118
0.060443
0.060653
0.057303
0.058776
0.056213
0.055152
0.056634
0.056661
0.053403
0.055139
0.054816
0.056029
0.054121
0.053993
0.051879
0.049940
0.054912
0.053751
0.050331
0.052685
0.049187
0.056177
0.048830
0.049971
0.041308
0.040146
0.044666
0.042231
0.042155
0.034137
0.035883
0.034514
0.034182
0.042491
0.033412
0.030597
0.034923
0.033604
0.037467
0.028872
0.034449
0.032471
0.035127
0.028209
0.039422
0.028239
0.028755
0.031768
0.027531
0.031061
0.028846
0.028089
0.030107
0.025364
0.026469
0.032946
0.029123
0.022944
0.022913
0.026208
0.021212
0.019184
0.019561
0.018365
0.019691
0.018751
0.019246
0.021036
0.017874
0.018906
0.017073
0.020577
0.031803
0.031559
0.024658
0.032558
0.025362
0.020938
0.023924
0.016188
0.018965
0.015962
0.022053
0.013733
0.020968
0.015642
0.016667
0.014115
0.019733
0.017656
0.017143
0.028698
0.020284
0.021811
0.016081
0.029797
0.016379
0.026133
0.020692
0.016257
0.023629
0.016723
0.016492
0.023431
0.020102
0.015996
0.015783
0.011564
0.012898
0.011167
0.010756
0.017414
0.009620
