0.072705
0.071679
0.071083
0.070406
0.067953
0.068750
0.067270
0.063723
0.066759
0.063003
0.062989
0.064878
0.059583
0.062032
0.060219
0.060255
0.058970
0.057933
0.056400
0.053323
0.052776
0.049969
0.047832
0.040403
0.041115
0.033548
0.032515
0.033092
0.032372
0.028075
0.030873
0.027881
0.023219
0.019648
0.021480
0.018686
0.020931
0.019339
0.019001
0.022272
0.016190
0.018006
0.017395
0.017001
0.015596
0.013227
0.011272
0.012430
0.011869
0.008740
0.007050
0.007828
0.008962
0.005455
0.007815
0.006823
0.003836
0.007108
0.008275
0.004086
0.003686
0.004513
0.005529
0.002895
0.009842
0.004058
0.005528
0.009876
0.006447
0.004765
0.003113
0.004497
0.005742
0.003543
0.024482
0.001440
0.005838
0.003147
0.005214
0.005610
0.003569
0.003925
0.001574
0.007224
0.011888
0.004624
0.003769
0.002885
0.004019
0.001324
0.003901
0.002989
0.005038
0.001010
0.002009
0.003082
0.002716
0.001605
0.003646
0.004111
0.001256
0.002940
0.002340
0.005005
0.003899
0.006081
0.004470
0.008734
0.006681
0.002232
0.005308
0.003891
0.001886
0.005108
0.005178
0.002755
0.011393
0.003456
0.004938
0.003462
0.005922
0.001750
0.002516
0.003147
0.012192
0.008596
0.003426
0.004519
0.004119
0.002443
0.003015
0.020503
0.007791
0.018934
0.014652
0.009134
0.007874
0.011671
0.007768
0.012104
0.003715
0.005896
0.004599
0.006600
0.001756
0.011338
0.007616
0.011874
0.008095
0.004767
