0.075678
0.073069
0.071670
0.071670
0.071670
0.073136
0.072113
0.071670
0.071670
0.071670
0.071950
0.071610
0.070219
0.070735
0.070839
0.070371
0.070188
0.068505
0.069402
0.066131
0.065833
0.062298
0.061489
0.063630
0.060922
0.061032
0.061219
0.056981
0.056760
0.052049
0.052932
0.051856
0.050616
0.053180
0.055178
0.049162
0.045454
0.047526
0.049145
0.044842
0.043420
0.041699
0.038795
0.039551
0.037127
0.041206
0.037986
0.041292
0.038142
0.040290
0.035461
0.034665
0.037308
0.036336
0.034475
0.031151
0.036072
0.042378
0.035843
0.031814
0.033840
0.031782
0.034318
0.032764
0.039576
0.067286
0.040315
0.049765
0.041723
0.041156
0.048665
0.040764
0.039323
0.034951
0.037137
0.035912
0.030260
0.028073
0.030769
0.027239
0.027704
0.028100
0.031051
0.032253
0.030467
0.034137
0.030921
0.035620
0.035629
0.030477
0.033591
0.033296
0.029572
0.030343
0.030397
0.029523
0.025307
0.026178
0.027258
0.028557
0.025908
0.025742
0.023343
0.024592
0.024604
0.023711
0.026492
0.023495
0.022911
0.028715
0.026087
0.023139
0.022162
0.019738
0.024585
0.022238
0.021043
0.021906
0.020289
0.022506
0.019244
0.022166
0.021800
0.023824
0.024644
0.025502
0.020382
0.021484
0.022776
0.024017
0.023144
0.020691
0.024299
0.026563
0.015951
0.023857
0.020177
0.027356
0.022662
0.020493
0.018442
0.020480
0.021420
0.017701
0.017933
0.016347
0.016041
0.015732
0.016077
0.016855
