0.208728
0.114353
0.080545
0.069132
0.068747
0.069598
0.066637
0.064813
0.067641
0.065991
0.065468
0.065981
0.065852
0.062115
0.063181
0.060929
0.060806
0.062176
0.060802
0.060181
0.059139
0.060136
0.056527
0.057733
0.056617
0.057788
0.057084
0.055812
0.055782
0.055365
0.055081
0.056462
0.050722
0.057080
0.053714
0.054882
0.052583
0.053214
0.050549
0.052793
0.050444
0.052099
0.049985
0.051615
0.047623
0.050083
0.048592
0.050406
0.054458
0.047884
0.053298
0.053676
0.049906
0.050158
0.047748
0.047081
0.049852
0.048256
0.048833
0.049786
0.046708
0.048607
0.049412
0.041684
0.043761
0.047623
0.043428
0.044138
0.043529
0.039988
0.037845
0.038142
0.033605
0.039621
0.034677
0.036094
0.033401
0.042676
0.032222
0.038373
0.037893
0.033055
0.034322
0.035653
0.035336
0.028226
0.027564
0.023001
0.025887
0.022136
0.026045
0.027219
0.027299
0.021806
0.027384
0.021407
0.016988
0.028248
0.022596
0.029026
0.019390
0.027589
0.017059
0.018288
0.014733
0.018486
0.014606
0.013275
0.014266
0.016435
0.012133
0.020792
0.021074
0.015645
0.017750
0.016253
0.016844
0.013040
0.014509
0.016735
0.013763
0.021076
0.012766
0.024717
0.015362
0.011446
0.011457
0.007712
0.008855
0.008605
0.007425
0.009195
0.011088
0.008292
0.010012
0.006694
0.006852
0.008437
0.005784
0.005725
0.006983
0.005607
0.006253
0.005494
0.004905
0.006121
0.004177
0.004627
0.004581
0.005306
