0.116794
0.087404
0.073581
0.066906
0.066558
0.063627
0.061141
0.066621
0.059168
0.064648
0.060785
0.061221
0.062682
0.059271
0.061214
0.060776
0.057172
0.057920
0.058044
0.059696
0.057488
0.062067
0.057067
0.059471
0.055381
0.055132
0.053019
0.052322
0.051620
0.053546
0.050392
0.050209
0.048630
0.047721
0.047714
0.048453
0.046902
0.046514
0.046016
0.047882
0.041197
0.045794
0.042005
0.040323
0.044366
0.043154
0.038388
0.042857
0.043539
0.044756
0.043365
0.042434
0.037456
0.037792
0.039944
0.034721
0.048983
0.043600
0.040069
0.042687
0.035570
0.040894
0.045259
0.043185
0.036522
0.038831
0.034370
0.033987
0.032833
0.033544
0.031871
0.036698
0.032001
0.034503
0.031405
0.037188
0.029137
0.032661
0.035038
0.031099
0.037739
0.027693
0.033480
0.032820
0.031510
0.033517
0.029797
0.029426
0.030177
0.033279
0.037395
0.033459
0.036621
0.032320
0.030219
0.030644
0.033932
0.030254
0.039559
0.049110
0.032507
0.036995
0.046367
0.034633
0.032970
0.028929
0.037618
0.027617
0.039405
0.029903
0.034010
0.027772
0.026868
0.020287
0.022104
0.023165
0.020127
0.017360
0.020367
0.018602
0.015990
0.019327
0.013159
0.016809
0.016707
0.013484
0.014900
0.014876
0.013286
0.013958
0.013021
0.012986
0.012436
0.013550
0.010281
0.010745
0.012126
0.012212
0.011160
0.009352
0.009612
0.009488
0.010093
0.010571
0.012664
0.015465
0.009669
0.009185
0.008755
0.008703
