0.091277
0.070620
0.071586
0.069013
0.069670
0.069525
0.069718
0.068312
0.067019
0.066021
0.066209
0.065616
0.064766
0.061324
0.062145
0.062778
0.062038
0.061314
0.059294
0.059596
0.060433
0.057012
0.057311
0.064000
0.055914
0.054798
0.055057
0.055962
0.053018
0.051636
0.052763
0.053665
0.050743
0.048633
0.049889
0.046021
0.046952
0.046383
0.046861
0.044859
0.040447
0.037423
0.042739
0.039960
0.039653
0.037092
0.041372
0.041378
0.034967
0.039628
0.035889
0.040701
0.035033
0.035232
0.039145
0.038114
0.034565
0.036527
0.038453
0.033838
0.044820
0.033540
0.059369
0.044153
0.049220
0.045594
0.038890
0.030794
0.036036
0.032669
0.030367
0.029415
0.029147
0.029624
0.029896
0.032813
0.045113
0.076225
0.042140
0.037399
0.047671
0.032258
0.034052
0.031101
0.028890
0.027394
0.033718
0.031159
0.025680
0.025967
0.026638
0.025215
0.021467
0.023464
0.019566
0.021827
0.023837
0.017892
0.020027
0.017587
0.017053
0.016138
0.020391
0.017349
0.013613
0.018883
0.017465
0.012417
0.012133
0.015395
0.012993
0.011079
0.009612
0.010079
0.010723
0.008057
0.011761
0.010137
0.009749
0.008707
0.009917
0.008616
0.009366
0.006258
0.007148
0.005657
0.010045
0.005526
0.004520
0.007115
0.003336
0.007912
0.008995
0.016127
0.004740
0.015823
0.018871
0.018373
0.006867
0.019917
0.007562
0.011089
0.011280
0.007821
0.006204
0.009712
0.008842
0.006513
0.006791
0.019390
