0.083309
0.075512
0.071670
0.071670
0.071670
0.071670
0.071670
0.071670
0.071119
0.071311
0.069584
0.071031
0.070406
0.070874
0.070529
0.070042
0.070239
0.071158
0.070096
0.070843
0.070563
0.069737
0.068907
0.068578
0.068169
0.067958
0.070043
0.068438
0.066711
0.065932
0.066271
0.065997
0.065328
0.066319
0.064150
0.063913
0.063702
0.062295
0.062973
0.063637
0.059353
0.056411
0.054416
0.053796
0.052599
0.054597
0.052608
0.052766
0.050195
0.048860
0.050028
0.046433
0.043347
0.044832
0.039929
0.042512
0.039145
0.037338
0.039420
0.037570
0.036424
0.034126
0.032455
0.036190
0.032359
0.039802
0.034062
0.037299
0.028738
0.030422
0.029469
0.027696
0.034007
0.028941
0.024825
0.025203
0.024377
0.023475
0.023812
0.024065
0.023105
0.020292
0.023620
0.026344
0.022156
0.015905
0.034605
0.020186
0.030952
0.031799
0.023140
0.021908
0.020824
0.017414
0.026467
0.029741
0.018290
0.021122
0.018980
0.015295
0.020408
0.020215
0.016334
0.018147
0.015127
0.018144
0.018466
0.015681
0.016472
0.015785
0.017767
0.016074
0.012194
0.009448
0.019026
0.013447
0.012877
0.014207
0.010330
0.012102
0.011510
0.010490
0.014435
0.009983
0.010601
0.009346
0.014308
0.010022
0.011269
0.011424
0.010948
0.009908
0.010297
0.015112
0.010420
0.008484
0.007777
0.008646
0.007616
0.007712
0.006041
0.007671
0.007372
0.005410
0.006550
0.006948
0.008200
0.007591
0.006863
0.008463
