0.094059
0.096809
0.071805
0.071212
0.069710
0.070349
0.070156
0.066785
0.062896
0.069708
0.066803
0.063085
0.065301
0.065617
0.064012
0.063138
0.060799
0.064500
0.060454
0.057203
0.060762
0.056398
0.055043
0.051233
0.052343
0.056371
0.053506
0.048780
0.050006
0.048132
0.047137
0.052585
0.047075
0.046491
0.045367
0.041068
0.046308
0.037369
0.039233
0.036125
0.034440
0.032207
0.035190
0.032574
0.032349
0.032319
0.027236
0.034095
0.031756
0.040811
0.027342
0.029396
0.029310
0.029450
0.029706
0.026781
0.022827
0.022999
0.024697
0.027090
0.023312
0.020394
0.022356
0.022983
0.026009
0.026189
0.027455
0.023285
0.023954
0.022140
0.025399
0.025040
0.017354
0.028233
0.021435
0.024182
0.019895
0.018764
0.039789
0.019953
0.017957
0.037647
0.014358
0.015719
0.015302
0.020125
0.014845
0.020533
0.030295
0.014695
0.009862
0.011543
0.013184
0.009107
0.006942
0.007525
0.008674
0.006653
0.006494
0.005357
0.004170
0.004820
0.004863
0.003741
0.003597
0.005734
0.004321
0.003098
0.005413
0.004508
0.004276
0.005257
0.005034
0.004032
0.003332
0.003822
0.003028
0.003503
0.002962
0.002952
0.003953
0.002997
0.003049
0.004531
0.004646
0.003811
0.002822
0.003715
0.002710
0.002598
0.003048
0.003477
0.003611
0.003528
0.004241
0.002435
0.002927
0.003652
0.002870
0.002863
0.003717
0.005898
0.003866
0.005589
0.007714
0.009437
0.018872
0.022420
0.008098
0.005290
