0.159308
0.097947
0.100270
0.087234
0.078711
0.077293
0.076110
0.069285
0.068728
0.066889
0.065742
0.062181
0.063022
0.060436
0.058625
0.059250
0.058485
0.057770
0.054460
0.058528
0.054263
0.057487
0.048913
0.051902
0.049328
0.049917
0.047750
0.047225
0.040383
0.040579
0.038942
0.039928
0.042731
0.038892
0.037548
0.037956
0.033896
0.034774
0.035933
0.034142
0.034316
0.033719
0.030928
0.028262
0.025719
0.021627
0.023625
0.021170
0.021351
0.021096
0.018450
0.014967
0.014713
0.013018
0.012268
0.011834
0.018404
0.013017
0.010575
0.012331
0.007855
0.008515
0.014134
0.006243
0.009173
0.005383
0.009779
0.005612
0.005459
0.004210
0.003541
0.005854
0.003284
0.004210
0.002441
0.002486
0.003323
0.001898
0.003781
0.006797
0.001529
0.004890
0.001654
0.003587
0.008133
0.000719
0.003621
0.003808
0.001679
0.002382
0.002583
0.000750
0.001431
0.001316
0.004212
0.002544
0.000723
0.004325
0.003524
0.000761
0.000765
0.001044
0.001208
0.000698
0.001055
0.001144
0.000527
0.000350
0.000545
0.004462
0.001226
0.022617
0.007987
0.004850
0.002622
0.005325
0.002024
0.001548
0.001831
0.002188
0.005664
0.000782
0.000433
0.000796
0.000768
0.000960
0.001491
0.000220
0.000245
0.001837
0.001809
0.004515
0.011045
0.000894
0.024282
0.008592
0.000559
0.014698
0.000611
0.003550
0.003179
0.000901
0.000965
0.002005
0.000892
0.000423
0.000382
0.001143
0.000772
0.001027
