0.074087
0.071670
0.071670
0.071670
0.071670
0.071670
0.071670
0.071670
0.071670
0.071828
0.071670
0.071670
0.068688
0.072772
0.070529
0.070268
0.069352
0.069790
0.069573
0.067018
0.067094
0.067644
0.065994
0.068279
0.063730
0.063882
0.064785
0.065733
0.060279
0.060912
0.062791
0.059196
0.058103
0.054566
0.055459
0.056497
0.054757
0.054836
0.057862
0.045766
0.048105
0.048865
0.049794
0.048536
0.046134
0.045364
0.042821
0.043709
0.044347
0.041923
0.039083
0.036631
0.042690
0.036240
0.042030
0.041415
0.041351
0.040518
0.037136
0.037531
0.034007
0.044044
0.032767
0.033788
0.035258
0.035057
0.031369
0.036094
0.028210
0.027608
0.027839
0.028084
0.027946
0.027726
0.026460
0.024986
0.026564
0.026671
0.026422
0.021082
0.022263
0.030981
0.023240
0.032096
0.027115
0.023452
0.025122
0.022635
0.021995
0.019594
0.019068
0.019326
0.016177
0.025123
0.017395
0.018987
0.018237
0.019938
0.019456
0.020245
0.019159
0.015856
0.017466
0.015564
0.014259
0.017069
0.011797
0.014472
0.015346
0.017684
0.012756
0.011322
0.009515
0.013606
0.011247
0.008163
0.009860
0.006277
0.010880
0.011358
0.005674
0.008295
0.005812
0.019972
0.012296
0.007576
0.018160
0.010025
0.010811
0.010880
0.010508
0.006931
0.008340
0.005913
0.012095
0.006419
0.007729
0.004542
0.002999
0.005255
0.008956
0.007026
0.004513
0.005628
0.004846
0.002431
0.012544
0.005819
0.004902
0.008989
