0.226530
0.135279
0.151467
0.118301
0.091637
0.091367
0.087336
0.073923
0.075654
0.071701
0.055143
0.057045
0.045250
0.046738
0.047688
0.044412
0.044741
0.036906
0.045110
0.038600
0.043282
0.032814
0.038281
0.033253
0.034703
0.029540
0.023427
0.023474
0.020802
0.020043
0.021541
0.017664
0.022371
0.014222
0.017250
0.015978
0.011098
0.014430
0.007503
0.006539
0.006822
0.004710
0.005187
0.003762
0.005357
0.004610
0.004712
0.003466
0.003956
0.003338
0.002040
0.002474
0.001859
0.003548
0.001399
0.000831
0.001103
0.001624
0.001206
0.000669
0.000524
0.000667
0.000725
0.000764
0.000869
0.000648
0.000672
0.000966
0.000787
0.000823
0.000889
0.000351
0.000318
0.001553
0.000502
0.000375
0.000464
0.000281
0.000295
0.000266
0.000332
0.000244
0.000557
0.000595
0.000346
0.000217
0.000317
0.000232
0.000244
0.000156
0.000168
0.000212
0.000143
0.000122
0.000112
0.000137
0.000294
0.000149
0.000106
0.000153
0.000152
0.000195
0.000178
0.000165
0.000167
0.000131
0.000132
0.000173
0.000124
0.000102
0.000189
0.000178
0.000157
0.000086
0.000079
0.000119
0.000102
0.000118
0.000955
0.000135
0.000242
0.000243
0.000139
0.000127
0.000142
0.000189
0.000122
0.000140
0.000113
0.000146
0.000107
0.000146
0.000114
0.000131
0.000103
0.000123
0.000066
0.000070
0.000049
0.000129
0.000076
0.000110
0.000045
0.000067
0.000057
0.000032
0.000040
0.000042
0.000038
0.000039
