0.130000
0.265000
0.275000
0.460000
0.490000
0.605000
0.665000
0.680000
0.685000
0.765000
0.700000
0.810000
0.775000
0.885000
0.890000
0.940000
0.945000
0.960000
0.980000
0.990000
0.995000
0.990000
1.000000
0.995000
1.000000
1.000000
1.000000
1.000000
0.990000
1.000000
0.995000
0.995000
1.000000
0.995000
1.000000
1.000000
1.000000
1.000000
0.985000
0.995000
0.970000
0.965000
0.970000
0.980000
0.975000
0.995000
0.975000
0.985000
0.985000
0.975000
0.990000
0.990000
0.975000
0.990000
0.970000
0.975000
0.980000
0.970000
0.960000
0.965000
0.990000
0.975000
0.980000
0.920000
0.890000
0.910000
0.910000
0.950000
0.945000
0.990000
0.990000
0.985000
0.985000
0.970000
0.985000
0.945000
0.950000
0.935000
0.970000
0.990000
0.995000
1.000000
1.000000
0.990000
1.000000
1.000000
1.000000
1.000000
1.000000
1.000000
1.000000
1.000000
1.000000
1.000000
1.000000
1.000000
1.000000
1.000000
1.000000
1.000000
1.000000
1.000000
1.000000
1.000000
1.000000
1.000000
1.000000
1.000000
1.000000
1.000000
1.000000
1.000000
1.000000
1.000000
1.000000
1.000000
1.000000
1.000000
1.000000
1.000000
1.000000
1.000000
1.000000
1.000000
1.000000
1.000000
1.000000
1.000000
1.000000
1.000000
1.000000
1.000000
1.000000
1.000000
1.000000
1.000000
1.000000
1.000000
1.000000
1.000000
1.000000
1.000000
1.000000
1.000000
1.000000
1.000000
1.000000
1.000000
1.000000
1.000000
