0.205000
0.265000
0.365000
0.385000
0.415000
0.430000
0.490000
0.515000
0.535000
0.545000
0.555000
0.605000
0.665000
0.685000
0.705000
0.700000
0.740000
0.705000
0.740000
0.730000
0.730000
0.750000
0.725000
0.785000
0.815000
0.820000
0.775000
0.810000
0.845000
0.875000
0.880000
0.915000
0.820000
0.885000
0.935000
0.895000
0.920000
0.930000
0.955000
0.940000
0.970000
0.965000
0.970000
0.980000
0.970000
0.965000
0.970000
0.985000
0.970000
0.980000
0.980000
0.980000
0.985000
0.960000
0.950000
0.905000
0.925000
0.910000
0.960000
0.965000
0.970000
0.965000
0.985000
0.985000
0.985000
0.995000
0.995000
0.995000
0.995000
0.995000
0.995000
0.995000
0.995000
0.995000
0.995000
0.995000
0.995000
0.995000
0.995000
0.995000
0.995000
0.995000
0.995000
0.995000
0.995000
0.995000
0.995000
0.990000
1.000000
1.000000
1.000000
1.000000
1.000000
1.000000
1.000000
1.000000
1.000000
1.000000
1.000000
1.000000
0.995000
1.000000
1.000000
1.000000
1.000000
1.000000
1.000000
1.000000
1.000000
1.000000
1.000000
1.000000
1.000000
1.000000
0.995000
1.000000
1.000000
0.995000
1.000000
0.995000
1.000000
1.000000
0.990000
0.980000
0.915000
0.925000
0.925000
0.960000
0.965000
0.945000
0.955000
0.990000
0.985000
0.975000
0.930000
0.990000
0.950000
0.955000
0.965000
0.970000
0.965000
0.930000
0.885000
0.875000
0.850000
0.940000
0.960000
0.950000
0.975000
0.955000
