0.215000
0.270000
0.310000
0.380000
0.430000
0.480000
0.520000
0.565000
0.545000
0.635000
0.570000
0.655000
0.685000
0.640000
0.700000
0.725000
0.780000
0.780000
0.760000
0.845000
0.885000
0.850000
0.865000
0.865000
0.870000
0.905000
0.925000
0.920000
0.970000
0.950000
0.925000
0.930000
0.865000
0.895000
0.930000
0.920000
0.935000
0.970000
0.895000
0.945000
0.945000
0.925000
0.950000
0.915000
0.840000
0.970000
0.950000
0.945000
0.985000
0.985000
0.975000
0.985000
0.990000
0.985000
0.985000
0.985000
0.985000
0.995000
0.995000
0.985000
0.990000
0.980000
0.995000
1.000000
1.000000
1.000000
1.000000
1.000000
1.000000
0.995000
0.990000
0.995000
0.995000
0.995000
1.000000
1.000000
1.000000
1.000000
1.000000
1.000000
1.000000
1.000000
1.000000
1.000000
1.000000
1.000000
1.000000
1.000000
1.000000
1.000000
1.000000
1.000000
1.000000
1.000000
1.000000
1.000000
1.000000
1.000000
1.000000
1.000000
1.000000
1.000000
1.000000
1.000000
1.000000
1.000000
1.000000
1.000000
1.000000
1.000000
1.000000
1.000000
1.000000
1.000000
1.000000
1.000000
1.000000
1.000000
1.000000
1.000000
1.000000
1.000000
1.000000
1.000000
1.000000
1.000000
1.000000
1.000000
1.000000
1.000000
1.000000
1.000000
1.000000
1.000000
1.000000
1.000000
1.000000
1.000000
1.000000
1.000000
1.000000
1.000000
1.000000
1.000000
1.000000
1.000000
1.000000
1.000000
1.000000
1.000000
