0.130000
0.220000
0.330000
0.375000
0.440000
0.460000
0.465000
0.500000
0.505000
0.615000
0.610000
0.650000
0.690000
0.700000
0.735000
0.745000
0.815000
0.755000
0.820000
0.815000
0.840000
0.845000
0.835000
0.855000
0.840000
0.840000
0.810000
0.865000
0.875000
0.900000
0.900000
0.890000
0.915000
0.895000
0.885000
0.915000
0.870000
0.875000
0.890000
0.940000
0.940000
0.950000
0.920000
0.905000
0.900000
0.925000
0.915000
0.870000
0.930000
0.870000
0.825000
0.895000
0.910000
0.980000
0.965000
0.965000
0.955000
0.945000
0.945000
0.965000
0.990000
0.955000
0.955000
0.960000
0.940000
0.965000
0.985000
1.000000
0.995000
1.000000
1.000000
1.000000
1.000000
1.000000
1.000000
1.000000
1.000000
1.000000
1.000000
1.000000
1.000000
1.000000
1.000000
1.000000
1.000000
1.000000
1.000000
1.000000
1.000000
1.000000
1.000000
1.000000
1.000000
1.000000
1.000000
1.000000
1.000000
1.000000
1.000000
1.000000
1.000000
1.000000
1.000000
1.000000
1.000000
1.000000
1.000000
1.000000
1.000000
1.000000
1.000000
1.000000
1.000000
1.000000
1.000000
1.000000
1.000000
1.000000
1.000000
1.000000
1.000000
1.000000
1.000000
1.000000
1.000000
1.000000
1.000000
1.000000
1.000000
1.000000
1.000000
1.000000
1.000000
1.000000
1.000000
1.000000
1.000000
1.000000
1.000000
1.000000
1.000000
1.000000
1.000000
1.000000
1.000000
1.000000
1.000000
0.995000
1.000000
1.000000
