0.084320
0.065100
0.058886
0.054329
0.050557
0.049761
0.045237
0.043317
0.044758
0.038831
0.037781
0.033227
0.032267
0.029710
0.028765
0.025772
0.025027
0.020066
0.019605
0.017711
0.016512
0.013266
0.012096
0.010485
0.009224
0.008987
0.007622
0.006473
0.006456
0.005946
0.005173
0.004878
0.004268
0.004720
0.004064
0.003298
0.003619
0.003023
0.003156
0.002766
0.001808
0.001587
0.001623
0.001084
0.001167
0.000705
0.000686
0.000487
0.000417
0.000426
0.000403
0.000671
0.000424
0.000390
0.000325
0.000464
0.000440
0.000299
0.000390
0.000381
0.000200
0.000226
0.000188
0.000237
0.000170
0.000162
0.000159
0.000128
0.000129
0.000147
0.000090
0.000142
0.000111
0.000091
0.000100
0.000111
0.000103
0.000090
0.000123
0.000094
0.000087
0.000070
0.000066
0.000153
0.000077
0.000078
0.000084
0.000105
0.000077
0.000082
0.000063
0.000065
0.000053
0.000069
0.000062
0.000062
0.000060
0.000055
0.000046
0.000078
0.000046
0.000173
0.002311
0.004900
0.004891
0.014229
0.016044
0.012249
0.017820
0.016950
0.011142
0.008326
0.009501
0.007862
0.005091
0.006195
0.006932
0.005284
0.006402
0.007041
0.003441
0.003498
0.002199
0.002250
0.002728
0.002166
0.001712
0.001940
0.001032
0.001161
0.000702
0.000542
0.000475
0.000316
0.000281
0.000321
0.000324
0.000220
0.000210
0.000212
0.000178
0.000180
0.000210
0.000245
0.000159
0.000118
0.000153
0.000126
0.000135
0.000118
