0.111691
0.078309
0.064364
0.052605
0.043659
0.040216
0.032187
0.028664
0.027205
0.027810
0.025586
0.020704
0.020137
0.015906
0.013659
0.011756
0.010680
0.009542
0.006972
0.005990
0.004444
0.004942
0.003970
0.003756
0.003262
0.003007
0.002515
0.002582
0.002808
0.002603
0.002245
0.002356
0.001614
0.001573
0.001271
0.000899
0.001254
0.001542
0.002015
0.001796
0.004835
0.005020
0.005036
0.004041
0.004506
0.002272
0.004110
0.002690
0.002971
0.004238
0.002709
0.002513
0.002952
0.003035
0.003556
0.002730
0.003605
0.003168
0.004294
0.003529
0.002215
0.003226
0.004436
0.017286
0.010103
0.011162
0.007672
0.005632
0.005128
0.003570
0.002053
0.002691
0.004222
0.003108
0.002406
0.005259
0.005717
0.004926
0.003047
0.001456
0.001505
0.001372
0.000862
0.000877
0.000619
0.000481
0.000368
0.000374
0.000286
0.000233
0.000211
0.000225
0.000170
0.000138
0.000148
0.000148
0.000131
0.000145
0.000108
0.000121
0.000142
0.000092
0.000103
0.000104
0.000118
0.000115
0.000097
0.000094
0.000073
0.000084
0.000077
0.000107
0.000111
0.000078
0.000087
0.000074
0.000090
0.000098
0.000073
0.000070
0.000081
0.000066
0.000069
0.000059
0.000069
0.000068
0.000073
0.000055
0.000066
0.000079
0.000071
0.000071
0.000064
0.000056
0.000051
0.000046
0.000046
0.000042
0.000047
0.000075
0.000043
0.000052
0.000050
0.000054
0.000057
0.000046
0.000060
0.000032
0.000035
0.000034
