0.082964
0.060355
0.058472
0.056023
0.051780
0.049926
0.046067
0.045283
0.046489
0.039600
0.041129
0.040163
0.036769
0.037033
0.034146
0.032948
0.029818
0.027957
0.029089
0.025784
0.023049
0.022955
0.023800
0.023036
0.019660
0.021094
0.019814
0.017550
0.017450
0.015644
0.015743
0.014623
0.015080
0.014294
0.012058
0.011653
0.010461
0.007914
0.008459
0.009478
0.007976
0.006336
0.006767
0.009158
0.014045
0.006133
0.005359
0.006168
0.003978
0.003662
0.003414
0.002697
0.003350
0.002988
0.002078
0.002875
0.002833
0.002132
0.002070
0.002067
0.002106
0.001991
0.001226
0.000847
0.000789
0.000547
0.000608
0.000783
0.000635
0.001143
0.000873
0.000749
0.000695
0.000511
0.000590
0.000425
0.000352
0.000264
0.000335
0.000272
0.000232
0.000203
0.000161
0.000206
0.000155
0.000179
0.000137
0.000171
0.000108
0.000122
0.000098
0.000096
0.000098
0.000105
0.000094
0.000112
0.000112
0.000090
0.000108
0.000103
0.000148
0.000085
0.000098
0.000099
0.000078
0.000075
0.000106
0.000088
0.000088
0.000119
0.000098
0.000083
0.000113
0.000093
0.000068
0.000076
0.000076
0.000097
0.000059
0.000055
0.000063
0.000064
0.000054
0.000120
0.000083
0.000061
0.000059
0.000049
0.000049
0.000060
0.000059
0.000046
0.000050
0.000044
0.000051
0.000039
0.000045
0.000056
0.000047
0.000044
0.000040
0.000047
0.000043
0.000046
0.000035
0.000036
0.000047
0.000036
0.000040
0.000036
