0.162977
0.136098
0.126060
0.114902
0.101088
0.087760
0.079122
0.075613
0.068903
0.066297
0.062319
0.063769
0.059367
0.061764
0.057598
0.059135
0.055145
0.058009
0.052482
0.051441
0.050330
0.050683
0.049715
0.050732
0.046374
0.049203
0.046081
0.045219
0.047266
0.044919
0.041189
0.044253
0.042893
0.042728
0.039881
0.042670
0.038876
0.040334
0.039622
0.039094
0.041173
0.042844
0.040307
0.037442
0.038421
0.035459
0.033600
0.033731
0.032584
0.033466
0.032205
0.032703
0.035388
0.032769
0.032013
0.030950
0.031708
0.033742
0.029130
0.028065
0.030649
0.028582
0.028539
0.029021
0.026173
0.029187
0.030181
0.028402
0.028743
0.027805
0.026252
0.023653
0.027278
0.024676
0.025984
0.023784
0.023263
0.023196
0.025358
0.022643
0.023513
0.021296
0.023578
0.023151
0.024105
0.024159
0.022539
0.020494
0.022569
0.022394
0.021884
0.019240
0.019665
0.018013
0.020466
0.019258
0.019216
0.019515
0.018367
0.019151
0.018559
0.019168
0.016592
0.018398
0.016785
0.017061
0.017910
0.015584
0.018660
0.016230
0.015987
0.015271
0.014795
0.016676
0.016092
0.016165
0.016464
0.015535
0.016438
0.013467
0.013615
0.013395
0.012326
0.012455
0.012898
0.012601
0.012200
0.011060
0.011195
0.010710
0.010637
0.009828
0.009661
0.009343
0.009493
0.009567
0.008828
0.008781
0.009199
0.008421
0.008651
0.008250
0.007574
0.006826
0.007346
0.007356
0.006784
0.006937
0.006785
0.007298
