0.097500
0.081663
0.081661
0.072165
0.060235
0.060244
0.059204
0.060698
0.054568
0.057433
0.054405
0.053732
0.050019
0.054138
0.052586
0.048766
0.048714
0.048461
0.047863
0.044909
0.045200
0.044130
0.041426
0.040429
0.039280
0.040091
0.037247
0.035817
0.039804
0.036754
0.036080
0.035038
0.035132
0.035540
0.035364
0.031446
0.030897
0.029804
0.029082
0.029517
0.026733
0.028094
0.026108
0.024876
0.027598
0.026413
0.025656
0.022585
0.023263
0.024264
0.022562
0.023888
0.022222
0.022126
0.020247
0.021149
0.021555
0.022360
0.021148
0.020681
0.019591
0.018285
0.019653
0.018006
0.018065
0.018049
0.017854
0.018542
0.017411
0.017475
0.017106
0.017508
0.016310
0.016117
0.013175
0.013179
0.014276
0.013895
0.012979
0.012723
0.012935
0.013712
0.013808
0.011566
0.013018
0.012899
0.012263
0.010967
0.010713
0.010712
0.011145
0.010773
0.011188
0.010763
0.011610
0.011632
0.010722
0.009408
0.009399
0.009077
0.008362
0.009834
0.008734
0.008852
0.008571
0.008709
0.008463
0.007356
0.009154
0.008404
0.007175
0.006680
0.006560
0.006591
0.006965
0.006196
0.006511
0.006580
0.007373
0.006764
0.006834
0.005877
0.006323
0.005613
0.005708
0.005353
0.006113
0.005926
0.005841
0.005812
0.005382
0.005781
0.005042
0.005453
0.005832
0.005641
0.005440
0.005866
0.006018
0.005164
0.004639
0.005093
0.004885
0.004889
0.004905
0.004692
0.005277
0.004630
0.004359
0.004684
