0.101304
0.086639
0.076986
0.070590
0.070794
0.069752
0.067296
0.065622
0.067178
0.063679
0.064610
0.060385
0.061701
0.059647
0.060494
0.061241
0.059518
0.057266
0.060042
0.058184
0.054629
0.053223
0.055674
0.055011
0.057440
0.053241
0.053222
0.053927
0.053090
0.055132
0.051862
0.050623
0.053033
0.050125
0.049232
0.049206
0.047995
0.048230
0.049473
0.048658
0.047601
0.048252
0.049065
0.048933
0.044552
0.046961
0.046077
0.045945
0.046086
0.043645
0.044138
0.043066
0.041018
0.042134
0.038110
0.040663
0.038553
0.041237
0.039160
0.038097
0.038655
0.037211
0.034901
0.036642
0.036159
0.034436
0.034847
0.036167
0.032788
0.035408
0.031444
0.035328
0.030994
0.030113
0.031225
0.029675
0.026491
0.029140
0.027007
0.025740
0.025543
0.026624
0.024542
0.024660
0.023770
0.023713
0.025099
0.025547
0.023344
0.023723
0.024349
0.024323
0.024560
0.024857
0.021600
0.021741
0.021821
0.022435
0.021650
0.020045
0.020006
0.020450
0.020944
0.017728
0.018403
0.017770
0.018913
0.018579
0.016870
0.017971
0.017055
0.018016
0.018099
0.015992
0.017246
0.016361
0.017181
0.016539
0.015798
0.015481
0.013345
0.014500
0.013747
0.013361
0.012031
0.013528
0.013319
0.013251
0.013133
0.012587
0.013313
0.012692
0.012347
0.012372
0.011325
0.011816
0.010760
0.011945
0.010926
0.011828
0.011708
0.012110
0.010791
0.011998
0.011747
0.011414
0.011469
0.010355
0.009641
0.009592
