0.077639
0.070839
0.071640
0.071203
0.071670
0.070839
0.070463
0.070487
0.070256
0.069573
0.069418
0.066943
0.068085
0.068337
0.064449
0.066935
0.066273
0.066710
0.066193
0.067069
0.064615
0.065919
0.061397
0.061897
0.062309
0.061534
0.061942
0.063117
0.058969
0.060962
0.058522
0.057531
0.055963
0.054565
0.056915
0.055506
0.055997
0.056035
0.055166
0.056067
0.054281
0.051783
0.055228
0.053579
0.054409
0.050696
0.052111
0.053406
0.052183
0.049787
0.049655
0.051032
0.051589
0.048815
0.052237
0.047261
0.049859
0.049864
0.049223
0.049621
0.048257
0.048895
0.046723
0.046346
0.047684
0.049179
0.045582
0.046900
0.046085
0.048074
0.048567
0.046427
0.047390
0.045930
0.047265
0.045391
0.043367
0.044207
0.044981
0.044236
0.044431
0.044710
0.042915
0.042649
0.045197
0.043478
0.043730
0.044662
0.045212
0.045672
0.044107
0.043319
0.042458
0.042270
0.040608
0.042745
0.043237
0.042389
0.042504
0.041533
0.043200
0.042778
0.042080
0.042589
0.041247
0.040353
0.042071
0.042847
0.041894
0.042748
0.040815
0.043241
0.043118
0.041238
0.039703
0.038244
0.040539
0.041619
0.040999
0.041850
0.040470
0.040891
0.042100
0.040040
0.039472
0.040291
0.038048
0.039590
0.039035
0.037638
0.038520
0.040113
0.040111
0.038858
0.036367
0.040177
0.036722
0.037981
0.036332
0.042743
0.038818
0.040389
0.039398
0.040365
0.040942
0.038886
0.038566
0.036183
0.039119
0.038965
