0.102242
0.072304
0.068796
0.069243
0.066486
0.068249
0.067664
0.068601
0.065692
0.064948
0.061596
0.060245
0.059750
0.061266
0.059272
0.060360
0.058757
0.056604
0.056180
0.053918
0.056094
0.057704
0.055331
0.054445
0.052410
0.052914
0.051971
0.050834
0.046064
0.046605
0.047482
0.042925
0.043641
0.041508
0.042634
0.040962
0.043809
0.041813
0.040878
0.040298
0.040369
0.036913
0.039552
0.040036
0.038534
0.037134
0.036646
0.035162
0.036352
0.034938
0.034791
0.032523
0.035465
0.035728
0.035044
0.034300
0.034579
0.032357
0.033349
0.031634
0.032295
0.030198
0.031819
0.029583
0.031256
0.030197
0.033984
0.030242
0.031504
0.029077
0.031341
0.031073
0.031306
0.032172
0.030499
0.032088
0.028949
0.028823
0.026879
0.030102
0.026891
0.028966
0.029859
0.028240
0.029800
0.028623
0.030461
0.028835
0.029255
0.026471
0.027550
0.027522
0.025327
0.024772
0.025789
0.025144
0.027800
0.022637
0.027581
0.025382
0.026075
0.024855
0.026162
0.024386
0.025879
0.025348
0.029405
0.026151
0.027787
0.025578
0.025879
0.026157
0.025332
0.023230
0.025771
0.026443
0.026038
0.025849
0.025393
0.024928
0.026200
0.026885
0.024615
0.024198
0.025150
0.024716
0.026319
0.026038
0.024209
0.026994
0.024511
0.023164
0.027347
0.023046
0.026353
0.026541
0.024559
0.025519
0.025044
0.024644
0.024186
0.023860
0.023999
0.026310
0.022750
0.024526
0.025035
0.024690
0.023054
0.021740
