0.080509
0.073052
0.069860
0.070061
0.069126
0.068130
0.067249
0.068041
0.066716
0.066182
0.066507
0.066213
0.066448
0.065706
0.065668
0.063987
0.064013
0.064439
0.062868
0.061634
0.061232
0.061362
0.058943
0.056099
0.055149
0.054465
0.055896
0.057259
0.054213
0.051786
0.050012
0.050475
0.050969
0.047953
0.048484
0.048584
0.046107
0.044269
0.042049
0.042006
0.041484
0.040864
0.036979
0.037486
0.037173
0.035597
0.035658
0.035185
0.032652
0.032611
0.033532
0.030566
0.031101
0.032448
0.030016
0.027714
0.029917
0.031542
0.029660
0.027507
0.028509
0.027337
0.026305
0.026471
0.023999
0.022421
0.022366
0.022863
0.021026
0.021599
0.020846
0.021289
0.021170
0.018731
0.020757
0.020106
0.018001
0.018964
0.017018
0.019900
0.016969
0.019121
0.016360
0.017524
0.015605
0.018199
0.016925
0.018579
0.017949
0.015603
0.017035
0.015138
0.015676
0.016142
0.014908
0.015184
0.014634
0.012841
0.014172
0.013039
0.013948
0.013795
0.013563
0.013271
0.012591
0.014107
0.011862
0.013137
0.012409
0.012336
0.012335
0.011703
0.012814
0.011420
0.012535
0.011076
0.012146
0.010924
0.011586
0.012184
0.010348
0.011019
0.011328
0.012980
0.011251
0.011119
0.011020
0.011696
0.010719
0.011344
0.010748
0.009953
0.011388
0.011923
0.011190
0.011207
0.011008
0.011975
0.010757
0.009433
0.011062
0.011466
0.010469
0.012373
0.012638
0.010451
0.010435
0.010548
0.011577
0.011929
