0.490171
0.166821
0.230410
0.187443
0.171130
0.152138
0.101582
0.082036
0.077551
0.085170
0.061408
0.054176
0.057430
0.052330
0.047505
0.047230
0.038221
0.036097
0.036707
0.024799
0.031367
0.019222
0.021040
0.021362
0.021132
0.014027
0.015857
0.015781
0.012324
0.011415
0.012197
0.014733
0.011327
0.013056
0.011166
0.010450
0.006849
0.009580
0.005752
0.004223
0.005798
0.005607
0.006927
0.006376
0.006983
0.009415
0.006309
0.004578
0.004284
0.006839
0.004329
0.004593
0.003176
0.003253
0.002747
0.004318
0.002943
0.002592
0.003052
0.002622
0.001912
0.002591
0.002251
0.001708
0.002723
0.001781
0.001639
0.002480
0.003766
0.002095
0.001931
0.001897
0.001330
0.001556
0.002258
0.000957
0.001089
0.000838
0.000741
0.001465
0.000876
0.000723
0.000697
0.000971
0.000621
0.000593
0.000652
0.000632
0.000824
0.000577
0.000434
0.000481
0.000677
0.000418
0.000467
0.000356
0.000396
0.000344
0.000381
0.000557
0.000332
0.000540
0.000362
0.000277
0.000431
0.000296
0.000407
0.000482
0.000420
0.000372
0.000543
0.000494
0.000334
0.000258
0.000364
0.000269
0.000243
0.000165
0.000225
0.000226
0.000185
0.000275
0.000273
0.000188
0.000256
0.000249
0.000222
0.000176
0.000124
0.000293
0.000228
0.000148
0.000237
0.000151
0.000180
0.000250
0.000267
0.000170
0.000253
0.000188
0.000256
0.000217
0.000164
0.000215
0.000204
0.000129
0.000174
0.000256
0.000259
0.000098
