0.126946
0.072048
0.071062
0.070411
0.071123
0.071505
0.071197
0.072543
0.069241
0.068783
0.068155
0.066887
0.070734
0.066436
0.065168
0.062739
0.061513
0.058388
0.060947
0.060190
0.057777
0.057850
0.058372
0.054666
0.057356
0.055820
0.055787
0.052387
0.056628
0.053528
0.054838
0.057461
0.054994
0.052165
0.051867
0.052106
0.051779
0.051524
0.050247
0.050656
0.052194
0.051100
0.051378
0.050575
0.048569
0.050025
0.051663
0.050147
0.050486
0.053953
0.048462
0.047539
0.047814
0.047496
0.047633
0.047749
0.050154
0.049455
0.047678
0.046577
0.045405
0.046747
0.042882
0.042633
0.041875
0.044199
0.046231
0.044054
0.042597
0.041284
0.041562
0.040660
0.040395
0.041438
0.038888
0.040375
0.037969
0.038012
0.038015
0.037562
0.037711
0.036761
0.039255
0.038190
0.039604
0.039938
0.039923
0.038323
0.038610
0.037527
0.037586
0.036835
0.039359
0.037009
0.036285
0.037414
0.036235
0.036791
0.038987
0.037133
0.037192
0.039273
0.038048
0.037582
0.038215
0.035110
0.038811
0.036835
0.038592
0.036857
0.036831
0.037314
0.035223
0.040697
0.049885
0.041437
0.038120
0.039928
0.040073
0.037186
0.037626
0.035085
0.030771
0.026720
0.029892
0.031465
0.033751
0.029661
0.029793
0.027423
0.029126
0.034482
0.028964
0.046653
0.038667
0.028244
0.034020
0.037583
0.034441
0.028272
0.026671
0.024541
0.025473
0.024954
0.025367
0.024943
0.020257
0.021399
0.019078
0.024213
