0.077031
0.071670
0.071670
0.069073
0.070320
0.072019
0.068043
0.068475
0.065938
0.070657
0.067662
0.066998
0.068563
0.067513
0.067768
0.064900
0.064443
0.064175
0.062282
0.065303
0.061208
0.063711
0.062426
0.064607
0.064862
0.063461
0.059100
0.057537
0.061333
0.060380
0.057550
0.056724
0.058603
0.056949
0.056781
0.058395
0.059224
0.056234
0.056360
0.055669
0.058446
0.059755
0.055699
0.060757
0.056645
0.055458
0.055298
0.058116
0.053062
0.054063
0.056627
0.051848
0.052428
0.051157
0.053177
0.051986
0.053345
0.051795
0.048760
0.047769
0.048098
0.045946
0.052471
0.047116
0.047240
0.049207
0.048844
0.049907
0.049495
0.044096
0.046333
0.047891
0.045166
0.045827
0.046270
0.046007
0.044947
0.045416
0.046426
0.042066
0.043387
0.041985
0.039490
0.043546
0.041090
0.042153
0.043186
0.039149
0.042187
0.040675
0.036119
0.035985
0.033712
0.035780
0.031923
0.032864
0.035542
0.038532
0.031183
0.036841
0.033410
0.035262
0.032409
0.033625
0.028683
0.030840
0.022857
0.026161
0.027175
0.025724
0.022526
0.022848
0.024023
0.021331
0.019629
0.018504
0.020860
0.016528
0.018110
0.018981
0.017341
0.018339
0.017597
0.012304
0.016650
0.015711
0.015963
0.018540
0.018866
0.014680
0.015221
0.012671
0.011680
0.012649
0.017359
0.010228
0.012859
0.017311
0.014882
0.024348
0.023104
0.038334
0.029119
0.028230
0.027433
0.025404
0.020849
0.016597
0.017548
0.015777
