0.489459
0.366845
0.299602
0.106408
0.071917
0.071649
0.072108
0.071828
0.071950
0.072265
0.071193
0.070936
0.070017
0.069257
0.073389
0.074187
0.070201
0.071203
0.071203
0.071670
0.071670
0.071828
0.072143
0.072265
0.072545
0.070760
0.071158
0.071299
0.070415
0.070625
0.070389
0.069304
0.068241
0.069854
0.069433
0.068627
0.067975
0.069378
0.070973
0.067078
0.067881
0.070929
0.067158
0.068924
0.065783
0.069039
0.066909
0.066411
0.068024
0.067308
0.067979
0.067882
0.064935
0.066070
0.064115
0.068149
0.066697
0.064575
0.064928
0.065641
0.059903
0.062137
0.061592
0.062045
0.061785
0.059463
0.059049
0.059465
0.060835
0.060700
0.058446
0.059418
0.059837
0.058421
0.057019
0.060324
0.057448
0.059058
0.058000
0.056888
0.057715
0.059220
0.059125
0.058439
0.059354
0.055325
0.057401
0.058340
0.058030
0.055962
0.053511
0.056349
0.054314
0.053829
0.053580
0.053459
0.054149
0.053020
0.049683
0.049474
0.049354
0.051950
0.050111
0.050374
0.049631
0.050467
0.049351
0.050133
0.048396
0.050824
0.052553
0.050208
0.050453
0.052147
0.049742
0.049720
0.050225
0.050420
0.048109
0.048548
0.049587
0.047008
0.046132
0.050033
0.051680
0.047905
0.050549
0.043453
0.049153
0.046608
0.051028
0.051763
0.045652
0.048339
0.048735
0.047031
0.047475
0.047891
0.046744
0.040694
0.047235
0.045502
0.045546
0.046747
0.044419
0.043884
0.042431
0.043609
0.041751
0.042905
