0.084433
0.069859
0.069009
0.065386
0.065673
0.058935
0.058473
0.062726
0.058540
0.057829
0.060570
0.057449
0.053375
0.058173
0.056584
0.053293
0.054109
0.050941
0.053448
0.048074
0.049116
0.045933
0.049395
0.047157
0.046175
0.044485
0.045155
0.044262
0.042846
0.042695
0.040672
0.043039
0.039673
0.041038
0.037165
0.038066
0.039698
0.038044
0.040168
0.035816
0.039894
0.032584
0.033132
0.036979
0.034342
0.029707
0.028636
0.034812
0.028905
0.030286
0.028610
0.026651
0.025928
0.026558
0.026713
0.028835
0.027659
0.027832
0.032974
0.027774
0.029567
0.025701
0.027203
0.027052
0.023258
0.026328
0.024026
0.019377
0.024861
0.024627
0.023098
0.020647
0.019185
0.014000
0.018860
0.017259
0.019186
0.024782
0.018397
0.011225
0.015301
0.020150
0.015495
0.023463
0.013895
0.016921
0.010621
0.014585
0.012071
0.012992
0.021586
0.012693
0.019069
0.021966
0.014505
0.012573
0.015365
0.018923
0.008672
0.020385
0.015375
0.014245
0.018529
0.015017
0.013992
0.011355
0.020018
0.007815
0.017481
0.011099
0.013676
0.009677
0.010375
0.008097
0.013046
0.003302
0.010447
0.006723
0.007695
0.003855
0.004450
0.002821
0.006071
0.007000
0.005017
0.009272
0.008911
0.016220
0.010666
0.013221
0.010035
0.015979
0.012981
0.018821
0.009057
0.012397
0.010245
0.014734
0.017029
0.015411
0.011047
0.008738
0.011112
0.016124
0.008244
0.004041
0.015315
0.012770
0.017807
0.018490
