0.085651
0.072124
0.068785
0.065787
0.067861
0.065869
0.064949
0.064192
0.062948
0.059728
0.058239
0.056349
0.058315
0.055783
0.056935
0.053605
0.051816
0.053138
0.050715
0.051344
0.051024
0.045879
0.049515
0.046979
0.045866
0.046279
0.046790
0.044212
0.043592
0.043977
0.040711
0.041729
0.041432
0.041162
0.039184
0.035256
0.035290
0.036386
0.035436
0.030820
0.029528
0.030737
0.031356
0.031978
0.029101
0.030728
0.029792
0.028539
0.028633
0.027459
0.027083
0.027644
0.025219
0.024647
0.023250
0.023797
0.023801
0.022560
0.022544
0.025301
0.021667
0.023491
0.020677
0.020174
0.021374
0.020836
0.021055
0.020068
0.019887
0.020517
0.018121
0.016674
0.020229
0.018609
0.017420
0.017409
0.018474
0.018682
0.017391
0.017213
0.017847
0.017157
0.017003
0.017500
0.017150
0.015382
0.015183
0.014615
0.017630
0.018425
0.016615
0.017724
0.013820
0.015512
0.015105
0.017520
0.016425
0.015271
0.016503
0.017066
0.013914
0.015013
0.014186
0.014173
0.015653
0.013619
0.012796
0.014312
0.014365
0.013056
0.012977
0.013293
0.012556
0.012590
0.011372
0.011980
0.011020
0.013912
0.011426
0.011317
0.010370
0.010216
0.010781
0.010979
0.010509
0.009545
0.009670
0.010649
0.011120
0.010177
0.010915
0.011164
0.010762
0.011076
0.011435
0.010137
0.010243
0.011102
0.009709
0.009111
0.010907
0.009714
0.010171
0.009632
0.009472
0.009299
0.010019
0.010130
0.008877
0.010697
