0.071200
0.068007
0.067599
0.066730
0.061310
0.063612
0.062771
0.057551
0.054781
0.050849
0.051837
0.051579
0.048936
0.046528
0.043441
0.048791
0.046867
0.043407
0.039775
0.039723
0.037775
0.035729
0.037319
0.035466
0.034248
0.031278
0.029939
0.030393
0.025643
0.021655
0.022923
0.030267
0.023163
0.038256
0.028964
0.036119
0.020132
0.032079
0.024626
0.020309
0.020014
0.024600
0.015886
0.027533
0.020537
0.015342
0.014640
0.021805
0.018114
0.016707
0.013487
0.016643
0.015612
0.017181
0.012744
0.012724
0.016529
0.013735
0.013760
0.009549
0.008808
0.010821
0.010206
0.008285
0.010358
0.006754
0.005982
0.007101
0.005387
0.006031
0.004043
0.005526
0.007090
0.008819
0.005807
0.003505
0.005920
0.006561
0.007879
0.003577
0.008614
0.005124
0.012460
0.015087
0.006413
0.019983
0.006573
0.006789
0.014315
0.004684
0.009981
0.007565
0.008036
0.005077
0.003717
0.003130
0.007239
0.005286
0.003782
0.003841
0.010635
0.003243
0.003273
0.005352
0.004231
0.006982
0.016524
0.004671
0.002058
0.003503
0.002551
0.002345
0.003922
0.001561
0.003777
0.004661
0.003734
0.001991
0.009333
0.002185
0.003209
0.001527
0.003137
0.002706
0.002706
0.003622
0.003534
0.003592
0.001303
0.002660
0.005521
0.003882
0.001619
0.003312
0.001244
0.001438
0.004274
0.003957
0.003312
0.007665
0.001291
0.005828
0.003217
0.002108
0.006688
0.004127
0.001658
0.006728
0.005567
0.002132
