0.085399
0.067732
0.066352
0.060350
0.060701
0.057934
0.058274
0.055215
0.053603
0.052553
0.050633
0.047002
0.046284
0.042867
0.048061
0.043910
0.040658
0.043005
0.041231
0.038499
0.037350
0.031990
0.034009
0.029149
0.027671
0.028749
0.029410
0.028881
0.026285
0.023150
0.020129
0.022439
0.022653
0.024540
0.018763
0.020591
0.019621
0.013528
0.016322
0.019511
0.022642
0.012314
0.019205
0.014465
0.012310
0.017265
0.009698
0.010288
0.017074
0.009500
0.009545
0.017454
0.011929
0.015200
0.010888
0.016391
0.010220
0.009806
0.006084
0.008609
0.014712
0.008088
0.007582
0.015130
0.007521
0.014061
0.007923
0.006133
0.010293
0.015876
0.019647
0.008700
0.015335
0.006886
0.009024
0.011028
0.012055
0.012927
0.013844
0.021401
0.012274
0.010449
0.009550
0.008419
0.009218
0.005113
0.011134
0.009913
0.007372
0.014682
0.006750
0.011421
0.003398
0.007444
0.007332
0.005157
0.005568
0.009533
0.004695
0.003728
0.005588
0.006143
0.004102
0.006496
0.002062
0.003712
0.002148
0.003325
0.005089
0.002608
0.001773
0.004566
0.001449
0.006281
0.005314
0.005689
0.003398
0.006602
0.002392
0.006091
0.001983
0.005227
0.003636
0.005807
0.007344
0.009316
0.006165
0.005221
0.026068
0.005289
0.007186
0.005003
0.006186
0.008926
0.007959
0.005893
0.003264
0.005731
0.002699
0.004381
0.006521
0.006586
0.001906
0.011333
0.003957
0.014112
0.002020
0.002304
0.002970
0.002708
