0.080000
0.200000
0.200000
0.200000
0.200000
0.180000
0.200000
0.200000
0.200000
0.200000
0.200000
0.200000
0.200000
0.200000
0.200000
0.200000
0.200000
0.200000
0.200000
0.200000
0.200000
0.200000
0.200000
0.200000
0.200000
0.200000
0.200000
0.200000
0.200000
0.200000
0.200000
0.200000
0.200000
0.200000
0.200000
0.200000
0.200000
0.200000
0.200000
0.200000
0.200000
0.200000
0.200000
0.200000
0.200000
0.200000
0.200000
0.200000
0.200000
0.200000
0.200000
0.200000
0.200000
0.200000
0.200000
0.200000
0.200000
0.200000
0.200000
0.200000
0.200000
0.200000
0.200000
0.200000
0.200000
0.200000
0.200000
0.200000
0.200000
0.200000
0.200000
0.200000
0.200000
0.200000
0.200000
0.200000
0.200000
0.200000
0.200000
0.200000
0.200000
0.200000
0.200000
0.200000
0.200000
0.200000
0.200000
0.200000
0.200000
0.200000
0.200000
0.200000
0.200000
0.200000
0.200000
0.200000
0.200000
0.200000
0.200000
0.200000
0.200000
0.200000
0.200000
0.200000
0.200000
0.200000
0.200000
0.200000
0.200000
0.200000
0.200000
0.200000
0.200000
0.200000
0.200000
0.200000
0.200000
0.200000
0.200000
0.200000
0.200000
0.200000
0.200000
0.200000
0.200000
0.200000
0.200000
0.200000
0.200000
0.200000
0.200000
0.200000
0.200000
0.200000
0.200000
0.200000
0.200000
0.200000
0.200000
0.200000
0.200000
0.200000
0.200000
0.200000
0.200000
0.200000
0.200000
0.200000
0.200000
0.200000
