0.127679
0.091465
0.085273
0.083224
0.074340
0.079749
0.078963
0.077599
0.076669
0.073688
0.076336
0.077353
0.076254
0.073549
0.077666
0.086305
0.077569
0.077088
0.075382
0.074032
0.077308
0.077308
0.074757
0.073368
0.074757
0.081042
0.073664
0.074132
0.073670
0.074642
0.077465
0.071285
0.082220
0.075451
0.074497
0.073703
0.076493
0.075608
0.072777
0.074340
0.078611
0.074301
0.071170
0.071448
0.074011
0.073628
0.073142
0.071313
0.076879
0.072565
0.073537
0.072569
0.074485
0.072777
0.073819
0.071670
0.071493
0.073258
0.074716
0.074438
0.075596
0.073872
0.074379
0.074999
0.075869
0.073958
0.075174
0.074229
0.076736
0.071938
0.072078
0.071670
0.071670
0.071670
0.071670
0.071666
0.074785
0.072078
0.073051
0.073674
0.072263
0.086083
0.076771
0.074373
0.073537
0.075436
0.074174
0.072924
0.073051
0.071666
0.073819
0.071670
0.071670
0.073051
0.078331
0.079085
0.076452
0.074994
0.073813
0.072565
0.072078
0.073374
0.075596
0.073549
0.071670
0.071670
0.072777
0.071670
0.075196
0.073809
0.072565
0.073051
0.071319
0.078224
0.074722
0.071151
0.071670
0.071670
0.071670
0.072565
0.072569
0.074207
0.071670
0.071666
0.071944
0.071666
0.078466
0.074473
0.071670
0.071979
0.071670
0.071670
0.070554
0.073395
0.073537
0.073676
0.074023
0.071670
0.080446
0.076523
0.072565
0.077220
0.071670
0.073703
0.077050
0.071670
0.071670
0.071944
0.073397
0.073392
