0.099694
0.078040
0.080125
0.073692
0.069767
0.068690
0.069714
0.069035
0.066435
0.067332
0.070445
0.063210
0.065784
0.066082
0.064460
0.067931
0.065175
0.065477
0.063192
0.062105
0.058724
0.061243
0.059532
0.059748
0.058880
0.061886
0.056459
0.056290
0.063885
0.058722
0.052040
0.049468
0.048272
0.050696
0.053072
0.049170
0.050488
0.043411
0.044094
0.043343
0.041067
0.036832
0.039615
0.035445
0.035890
0.034537
0.035879
0.035427
0.032627
0.034152
0.025299
0.027276
0.023923
0.027072
0.022864
0.023054
0.019177
0.038763
0.036543
0.030936
0.025179
0.028855
0.018761
0.036610
0.019625
0.020811
0.016945
0.015142
0.017338
0.012933
0.012366
0.008272
0.012457
0.006444
0.006350
0.008031
0.007281
0.003781
0.005923
0.006828
0.008581
0.006864
0.009803
0.008698
0.003463
0.006817
0.005356
0.002785
0.003406
0.004181
0.003351
0.003311
0.008310
0.001852
0.000992
0.001650
0.005024
0.002474
0.002159
0.001511
0.002906
0.001063
0.001774
0.003147
0.003300
0.000829
0.010517
0.013545
0.011731
0.000814
0.011152
0.013902
0.006093
0.010640
0.007517
0.005369
0.003685
0.003817
0.003246
0.004830
0.001456
0.002000
0.004709
0.001938
0.000980
0.010038
0.001524
0.019827
0.007230
0.047673
0.026989
0.029637
0.084118
0.020952
0.018243
0.023161
0.014782
0.014399
0.008716
0.018321
0.006954
0.006411
0.012450
0.004219
0.004969
0.006154
0.002424
0.006167
0.004715
0.003135
