0.124097
0.102581
0.095038
0.080843
0.071837
0.073099
0.069163
0.070738
0.069527
0.070415
0.071628
0.073177
0.067193
0.068847
0.065154
0.064887
0.061597
0.071695
0.065886
0.064915
0.066440
0.065673
0.056021
0.062127
0.059401
0.061799
0.054581
0.060513
0.052399
0.055592
0.055899
0.051296
0.051407
0.049828
0.052784
0.048739
0.052592
0.046086
0.049080
0.049375
0.036540
0.043804
0.044685
0.038960
0.036208
0.042413
0.033014
0.037868
0.034821
0.036160
0.029856
0.036477
0.032028
0.025922
0.033210
0.023054
0.022202
0.028428
0.024761
0.020825
0.014761
0.018617
0.013933
0.012201
0.017026
0.013711
0.013052
0.017094
0.015751
0.010318
0.013488
0.012138
0.017077
0.013035
0.012897
0.015990
0.009289
0.009844
0.013055
0.019118
0.022114
0.021677
0.015281
0.039579
0.017848
0.036013
0.024497
0.020045
0.040560
0.016316
0.014373
0.025604
0.017298
0.015096
0.018102
0.012351
0.017362
0.012206
0.010096
0.011281
0.011508
0.007567
0.007521
0.006339
0.005448
0.005824
0.005574
0.004362
0.005966
0.008921
0.006322
0.006026
0.007769
0.009366
0.004358
0.005177
0.005915
0.004634
0.009814
0.005133
0.003548
0.003747
0.005900
0.004237
0.003846
0.003756
0.002670
0.002828
0.003812
0.007592
0.003449
0.004588
0.004018
0.005169
0.004419
0.007670
0.011374
0.004305
0.008003
0.008768
0.005768
0.004102
0.005009
0.005156
0.005668
0.007848
0.005531
0.003674
0.005835
0.003881
