0.112519
0.077375
0.071985
0.071093
0.073935
0.069796
0.071203
0.070839
0.070839
0.069390
0.072851
0.070023
0.070740
0.071158
0.067802
0.068353
0.068717
0.070945
0.075176
0.068132
0.069472
0.062579
0.059858
0.061415
0.060767
0.060196
0.064173
0.058444
0.060694
0.061178
0.054770
0.055446
0.057553
0.055591
0.054756
0.054538
0.054915
0.053475
0.051353
0.050835
0.053819
0.048533
0.045622
0.046862
0.047308
0.043782
0.042253
0.042196
0.039062
0.045409
0.039530
0.044864
0.037334
0.043920
0.039265
0.039365
0.032408
0.035653
0.035953
0.036107
0.034385
0.039258
0.033142
0.029814
0.038318
0.032482
0.032325
0.032057
0.034347
0.025713
0.032345
0.028255
0.025122
0.026657
0.027995
0.026955
0.031050
0.026430
0.030817
0.031432
0.023018
0.032719
0.027239
0.028202
0.032049
0.026603
0.042699
0.023177
0.028866
0.024357
0.024557
0.020338
0.022204
0.024506
0.021816
0.021295
0.015876
0.015172
0.017584
0.033494
0.024653
0.027388
0.018376
0.030386
0.011987
0.015791
0.015931
0.013015
0.009693
0.013210
0.010710
0.010920
0.007916
0.007881
0.008510
0.010227
0.009242
0.008571
0.009593
0.008488
0.008200
0.008304
0.009065
0.013505
0.006707
0.020167
0.006127
0.007412
0.006453
0.004717
0.012402
0.008222
0.019944
0.008475
0.006637
0.007840
0.004265
0.005908
0.007341
0.006717
0.008989
0.005105
0.009638
0.016785
0.005324
0.013378
0.009795
0.006023
0.011699
0.016918
