0.259036
0.319277
0.289157
0.307229
0.259036
0.307229
0.343373
0.361446
0.361446
0.379518
0.367470
0.361446
0.373494
0.391566
0.415663
0.361446
0.421687
0.409639
0.457831
0.524096
0.506024
0.530120
0.536145
0.560241
0.524096
0.512048
0.626506
0.674699
0.674699
0.656627
0.692771
0.716867
0.716867
0.698795
0.650602
0.704819
0.722892
0.765060
0.759036
0.765060
0.740964
0.777108
0.789157
0.783133
0.789157
0.777108
0.771084
0.783133
0.765060
0.789157
0.789157
0.789157
0.789157
0.789157
0.789157
0.789157
0.789157
0.795181
0.795181
0.789157
0.789157
0.795181
0.795181
0.795181
0.795181
0.795181
0.795181
0.795181
0.795181
0.795181
0.795181
0.795181
0.795181
0.795181
0.795181
0.795181
0.795181
0.795181
0.795181
0.795181
0.795181
0.795181
0.795181
0.795181
0.795181
0.795181
0.795181
0.795181
0.795181
0.795181
0.795181
0.795181
0.795181
0.795181
0.795181
0.795181
0.801205
0.879518
0.849398
0.807229
0.909639
0.951807
0.963855
0.987952
0.987952
1.000000
1.000000
1.000000
1.000000
1.000000
1.000000
1.000000
1.000000
1.000000
1.000000
1.000000
1.000000
1.000000
1.000000
1.000000
1.000000
1.000000
1.000000
1.000000
1.000000
1.000000
1.000000
1.000000
1.000000
1.000000
1.000000
1.000000
1.000000
1.000000
1.000000
1.000000
1.000000
1.000000
1.000000
1.000000
1.000000
1.000000
1.000000
1.000000
1.000000
1.000000
1.000000
1.000000
1.000000
1.000000
