0.116998
0.060360
0.050562
0.041719
0.039061
0.034633
0.031602
0.028999
0.028949
0.024015
0.022254
0.021974
0.018367
0.021254
0.017490
0.019132
0.015414
0.017443
0.014930
0.015204
0.013727
0.013796
0.013325
0.013160
0.014251
0.010460
0.012527
0.011499
0.012377
0.010119
0.012036
0.009875
0.010849
0.009697
0.009825
0.009616
0.009504
0.011707
0.012876
0.010514
0.011545
0.011652
0.011491
0.010382
0.010479
0.010440
0.009279
0.011497
0.010348
0.009255
0.012341
0.005006
0.005239
0.007435
0.004777
0.003958
0.002173
0.000859
0.000215
0.000208
0.000168
0.000395
0.000107
0.000155
0.000080
0.000093
0.000060
0.000058
0.000046
0.000051
0.000047
0.000035
0.000037
0.000029
0.000024
0.000030
0.000034
0.000019
0.000018
0.000022
0.000020
0.000017
0.000016
0.000018
0.000017
0.000016
0.000015
0.000014
0.000022
0.000023
0.000014
0.000012
0.000013
0.000015
0.000015
0.000015
0.000016
0.000013
0.000014
0.000013
0.000011
0.000011
0.000010
0.000012
0.000012
0.000012
0.000011
0.000013
0.000013
0.000011
0.000007
0.000010
0.000013
0.000008
0.000010
0.000010
0.000009
0.000013
0.000008
0.000009
0.000008
0.000008
0.000008
0.000008
0.000008
0.000008
0.000006
0.000008
0.000005
0.000006
0.000005
0.000006
0.000007
0.000005
0.000006
0.000005
0.000004
0.000004
0.000004
0.000004
0.000005
0.000006
0.000006
0.000006
0.000004
0.000005
0.000004
0.000003
0.000004
0.000004
