0.096679
0.078182
0.073100
0.067058
0.062316
0.062346
0.058372
0.058625
0.057119
0.054631
0.054890
0.048882
0.050307
0.048993
0.048957
0.043859
0.049146
0.046708
0.047563
0.044083
0.040177
0.041772
0.038246
0.037443
0.036736
0.034065
0.028410
0.030183
0.029928
0.026804
0.026311
0.024303
0.021881
0.021043
0.022774
0.021051
0.020285
0.017361
0.017869
0.016026
0.015428
0.013505
0.013687
0.011970
0.012861
0.012538
0.008864
0.010677
0.010690
0.007700
0.009030
0.006586
0.007351
0.006929
0.005791
0.006381
0.006532
0.005255
0.004639
0.004422
0.004538
0.002899
0.004484
0.003182
0.003395
0.003331
0.003151
0.003128
0.002374
0.001750
0.001791
0.002126
0.001832
0.001530
0.001243
0.001698
0.001476
0.001240
0.001396
0.001567
0.001157
0.001112
0.001190
0.000992
0.001085
0.001171
0.000799
0.000761
0.000670
0.000840
0.000881
0.000654
0.000632
0.000613
0.000677
0.000659
0.000599
0.000570
0.000654
0.000643
0.000512
0.000503
0.000447
0.000443
0.000425
0.000366
0.000401
0.000444
0.000450
0.000436
0.000446
0.000477
0.000420
0.000351
0.000504
0.000379
0.000400
0.000452
0.000414
0.000397
0.000321
0.000321
0.000295
0.000309
0.000357
0.000285
0.000295
0.000308
0.000288
0.000303
0.000304
0.000350
0.000283
0.000315
0.000280
0.000246
0.000256
0.000236
0.000270
0.000270
0.000235
0.000238
0.000250
0.000230
0.000220
0.000245
0.000217
0.000216
0.000215
0.000232
