0.300575
0.114737
0.083276
0.078569
0.070181
0.070073
0.070082
0.067791
0.065459
0.068140
0.069640
0.068895
0.067479
0.064404
0.064435
0.063292
0.063853
0.064476
0.064593
0.064000
0.063574
0.060942
0.059192
0.061227
0.058845
0.056966
0.055459
0.058463
0.059339
0.057444
0.054120
0.056925
0.057315
0.059023
0.055889
0.060717
0.057398
0.055959
0.053586
0.055120
0.052457
0.051841
0.052050
0.052424
0.054278
0.051664
0.049223
0.051150
0.051028
0.050824
0.047802
0.051718
0.048895
0.047552
0.050085
0.046664
0.048285
0.044415
0.046290
0.050427
0.046825
0.046251
0.043621
0.044801
0.048122
0.045563
0.046051
0.046183
0.048483
0.046537
0.048344
0.044891
0.045652
0.045223
0.042655
0.044250
0.043577
0.042288
0.041634
0.042278
0.041681
0.038566
0.042893
0.040342
0.040477
0.041717
0.038971
0.040169
0.039842
0.039847
0.040479
0.040727
0.042790
0.042428
0.040115
0.040295
0.043238
0.041564
0.043910
0.040719
0.038089
0.037233
0.038263
0.037769
0.034373
0.031748
0.034351
0.034231
0.034836
0.032626
0.033386
0.028880
0.033065
0.030376
0.033361
0.035845
0.033557
0.032792
0.030284
0.031607
0.031434
0.029649
0.028561
0.029155
0.028245
0.030950
0.026181
0.028760
0.026118
0.028113
0.028324
0.028929
0.027709
0.028703
0.023697
0.025791
0.024856
0.022104
0.021428
0.019178
0.020628
0.019371
0.022840
0.020134
0.019687
0.020617
0.017818
0.018680
0.015903
0.016127
