0.077999
0.071670
0.071670
0.071670
0.071670
0.071670
0.070996
0.071920
0.070602
0.070893
0.071828
0.070996
0.071483
0.071088
0.069873
0.070153
0.069397
0.066882
0.068520
0.067145
0.067116
0.065952
0.067753
0.066278
0.066297
0.065540
0.063828
0.062520
0.066633
0.062381
0.063345
0.064334
0.064329
0.063603
0.061410
0.063308
0.059982
0.062890
0.061779
0.061267
0.062231
0.059469
0.060882
0.059305
0.057827
0.059131
0.059198
0.060084
0.057853
0.059361
0.056135
0.056305
0.056335
0.057720
0.058655
0.057852
0.058232
0.058269
0.057263
0.056748
0.056325
0.053485
0.054262
0.054815
0.053672
0.056312
0.053905
0.055565
0.058826
0.053934
0.057789
0.056300
0.056019
0.058135
0.056028
0.055000
0.063056
0.056900
0.063324
0.062848
0.063717
0.061137
0.060460
0.060264
0.060231
0.059092
0.059449
0.057740
0.057210
0.055971
0.054444
0.055870
0.057019
0.055861
0.053832
0.055641
0.050861
0.051895
0.051617
0.051709
0.051855
0.053100
0.050904
0.049224
0.051017
0.047302
0.046695
0.048019
0.046541
0.044049
0.046377
0.049503
0.046984
0.044939
0.046106
0.045388
0.043627
0.041079
0.043515
0.042403
0.041816
0.038389
0.038400
0.038299
0.040943
0.038512
0.039795
0.040248
0.034847
0.034814
0.036389
0.035512
0.035051
0.034772
0.035123
0.034793
0.031280
0.034499
0.033498
0.033455
0.032880
0.031049
0.032800
0.030253
0.032838
0.031589
0.030366
0.031240
0.027918
0.033761
