0.294320
0.133267
0.112123
0.080368
0.075707
0.073238
0.073229
0.072794
0.072300
0.071950
0.071828
0.071828
0.071828
0.071828
0.071670
0.071670
0.071670
0.070839
0.071203
0.070529
0.069820
0.068989
0.070031
0.070311
0.070104
0.070713
0.070188
0.070674
0.070329
0.068584
0.067409
0.068640
0.067002
0.068568
0.069106
0.065133
0.064994
0.066075
0.066091
0.061915
0.065711
0.065945
0.064131
0.061663
0.064442
0.062569
0.060610
0.061918
0.061556
0.057597
0.058208
0.058736
0.057772
0.055295
0.054380
0.052509
0.054518
0.054949
0.051428
0.054608
0.052975
0.051312
0.050927
0.051171
0.050912
0.052821
0.052794
0.051825
0.049124
0.049551
0.046971
0.045129
0.046909
0.047374
0.044672
0.045248
0.048468
0.046631
0.046193
0.046021
0.043851
0.047136
0.046038
0.047371
0.047728
0.044323
0.043515
0.045168
0.046743
0.048489
0.042533
0.043823
0.038054
0.042094
0.044845
0.042514
0.033039
0.035838
0.038460
0.037856
0.033628
0.035290
0.035754
0.035756
0.033530
0.033003
0.029238
0.031828
0.026891
0.030987
0.031774
0.028264
0.028836
0.029381
0.027672
0.026726
0.027160
0.028639
0.026048
0.025418
0.024241
0.025741
0.023976
0.021582
0.021770
0.021064
0.020957
0.022711
0.021498
0.020288
0.023056
0.023104
0.018924
0.020592
0.019564
0.017431
0.016863
0.015761
0.016337
0.015992
0.016361
0.015790
0.014923
0.015827
0.014959
0.013734
0.014024
0.011362
0.013385
0.014316
