0.088061
0.071670
0.071828
0.071670
0.071670
0.071670
0.071670
0.071670
0.071203
0.070322
0.069306
0.069095
0.070138
0.067720
0.069060
0.072593
0.068949
0.067088
0.067984
0.068381
0.066409
0.066322
0.066131
0.064222
0.066239
0.063630
0.066157
0.062029
0.062474
0.059559
0.060491
0.060565
0.062328
0.063425
0.062784
0.061025
0.062806
0.057319
0.058635
0.060338
0.061513
0.060747
0.064212
0.061681
0.061801
0.060085
0.061977
0.060114
0.061834
0.059698
0.059252
0.057358
0.057085
0.058891
0.056230
0.057370
0.056685
0.055879
0.053329
0.053707
0.054834
0.055544
0.056550
0.056516
0.053412
0.053039
0.053153
0.053673
0.054284
0.054849
0.055387
0.051170
0.056779
0.055353
0.056480
0.051907
0.053215
0.053104
0.054738
0.053839
0.050454
0.051207
0.053304
0.050149
0.047835
0.049294
0.050496
0.050475
0.049369
0.049635
0.046185
0.045484
0.049474
0.047602
0.045297
0.049751
0.044610
0.041608
0.044677
0.040052
0.043448
0.047166
0.043273
0.042155
0.040228
0.045817
0.041321
0.038712
0.041492
0.043303
0.042559
0.040711
0.041666
0.042737
0.040852
0.040002
0.043857
0.039243
0.039510
0.038739
0.038284
0.038055
0.038373
0.037182
0.036095
0.033747
0.037752
0.037971
0.036578
0.034479
0.036155
0.035710
0.032768
0.035381
0.033816
0.036104
0.034747
0.036204
0.037561
0.035925
0.040396
0.032728
0.036562
0.038158
0.035706
0.034656
0.032226
0.031748
0.035486
0.033033
