0.325529
0.149415
0.161655
0.140931
0.150443
0.117432
0.125307
0.117718
0.127616
0.106985
0.111470
0.097926
0.095998
0.077439
0.064245
0.049564
0.051126
0.046010
0.057251
0.042088
0.047765
0.043710
0.040876
0.050336
0.047923
0.043431
0.046490
0.043350
0.045190
0.039091
0.039678
0.038379
0.038655
0.035227
0.037485
0.035193
0.035750
0.040386
0.035127
0.039753
0.031988
0.036452
0.039386
0.037160
0.032901
0.036858
0.034355
0.031080
0.039728
0.030676
0.032166
0.031551
0.032405
0.031570
0.031405
0.030193
0.031325
0.027413
0.031787
0.030631
0.034057
0.036551
0.029229
0.033760
0.032531
0.032123
0.029394
0.032624
0.031691
0.028541
0.027560
0.032198
0.028331
0.030837
0.022239
0.029087
0.029498
0.024397
0.030993
0.025625
0.028539
0.028702
0.032742
0.027832
0.026875
0.027850
0.024725
0.027041
0.021787
0.027989
0.027356
0.024659
0.025004
0.024037
0.025721
0.020928
0.023248
0.020858
0.024881
0.019252
0.022728
0.025905
0.020751
0.021233
0.022200
0.024499
0.022854
0.022929
0.023115
0.022684
0.022591
0.024292
0.024396
0.021140
0.019842
0.021483
0.021645
0.021348
0.022583
0.021873
0.022158
0.019536
0.024059
0.022642
0.020395
0.029634
0.020297
0.025079
0.018043
0.024904
0.022498
0.023518
0.022661
0.019949
0.020167
0.020702
0.020683
0.020760
0.019678
0.017759
0.018342
0.015565
0.016464
0.017623
0.016276
0.023625
0.019256
0.020248
0.019873
0.021472
