0.203969
0.076812
0.071828
0.071670
0.062971
0.061133
0.061446
0.061701
0.060509
0.060181
0.059589
0.060360
0.061029
0.061177
0.061642
0.060677
0.059671
0.060024
0.059281
0.056301
0.059848
0.059211
0.062445
0.054962
0.059114
0.058149
0.054412
0.060362
0.057128
0.055008
0.054501
0.055883
0.057070
0.059521
0.066040
0.055863
0.056701
0.059138
0.057538
0.056572
0.057728
0.058002
0.053431
0.054768
0.057056
0.057316
0.055248
0.055298
0.056352
0.057472
0.056969
0.056492
0.056455
0.053606
0.055070
0.052467
0.055789
0.057169
0.054821
0.055154
0.053949
0.051551
0.052145
0.055511
0.053803
0.053442
0.055195
0.054427
0.055858
0.053505
0.055173
0.054491
0.055006
0.053391
0.053971
0.055965
0.055024
0.055267
0.055057
0.052651
0.052485
0.054333
0.052442
0.050673
0.052023
0.055027
0.053576
0.052937
0.050886
0.054906
0.051480
0.053594
0.052764
0.052126
0.053348
0.054546
0.051666
0.053133
0.051340
0.050736
0.054325
0.052310
0.051623
0.051966
0.052224
0.052887
0.052602
0.051400
0.052514
0.050300
0.053182
0.053710
0.053681
0.051089
0.051724
0.053179
0.062783
0.052269
0.050705
0.053558
0.053524
0.051971
0.054343
0.052730
0.051866
0.053524
0.053162
0.052756
0.052922
0.051767
0.052225
0.049753
0.049654
0.055456
0.051944
0.049302
0.051975
0.049274
0.049773
0.048665
0.050743
0.049188
0.047275
0.049427
0.048079
0.048209
0.046554
0.046842
0.048647
0.046586
