0.231380
0.149593
0.113091
0.076875
0.070607
0.068166
0.067625
0.067770
0.067382
0.061176
0.066522
0.069362
0.061083
0.059485
0.059984
0.058560
0.059579
0.059413
0.058723
0.055048
0.056784
0.054173
0.056540
0.056857
0.050952
0.051929
0.049952
0.053860
0.051572
0.055482
0.054850
0.055671
0.052879
0.056921
0.052013
0.054677
0.055013
0.052537
0.052086
0.050225
0.050656
0.049328
0.051047
0.049402
0.051621
0.052967
0.056111
0.052623
0.054631
0.052744
0.051299
0.053030
0.049787
0.056801
0.049941
0.050886
0.053260
0.054394
0.056715
0.052868
0.056391
0.053766
0.055590
0.057801
0.050870
0.056750
0.052892
0.049923
0.053993
0.050790
0.050837
0.050162
0.051410
0.050024
0.056188
0.052516
0.053925
0.053056
0.050087
0.050289
0.050221
0.048189
0.050296
0.051570
0.053392
0.049035
0.051697
0.050190
0.050165
0.049732
0.047317
0.050252
0.051400
0.050380
0.047570
0.047110
0.048545
0.050422
0.051434
0.047674
0.049324
0.050806
0.049901
0.049170
0.051100
0.050586
0.049286
0.049380
0.047471
0.048558
0.047094
0.047360
0.049143
0.050397
0.049329
0.048391
0.048306
0.045933
0.047366
0.045559
0.047174
0.046605
0.048543
0.047249
0.047172
0.048298
0.048818
0.045252
0.048114
0.046236
0.050166
0.048798
0.045033
0.048337
0.047433
0.050668
0.050616
0.045226
0.046258
0.047628
0.047293
0.049199
0.047153
0.050855
0.043950
0.044771
0.042070
0.048089
0.044970
0.045355
