0.179541
0.073087
0.071360
0.071276
0.070996
0.071670
0.071828
0.069702
0.067189
0.068948
0.066148
0.071407
0.066182
0.064090
0.057880
0.053830
0.054642
0.050733
0.049412
0.048123
0.047991
0.045629
0.047302
0.045532
0.042885
0.039085
0.044030
0.039548
0.040909
0.041194
0.039015
0.042886
0.040416
0.038379
0.038125
0.037393
0.042947
0.040146
0.043250
0.037850
0.043217
0.039785
0.040174
0.041787
0.037928
0.036711
0.042448
0.039690
0.038584
0.040853
0.042925
0.036633
0.036481
0.040294
0.035820
0.038909
0.040050
0.036074
0.040099
0.032157
0.040431
0.033096
0.036108
0.034239
0.031594
0.028460
0.031699
0.028837
0.033678
0.026580
0.028279
0.029422
0.026572
0.028891
0.026249
0.023716
0.024978
0.026452
0.025394
0.023061
0.021720
0.024192
0.029119
0.029191
0.027195
0.026992
0.027181
0.026917
0.027089
0.023552
0.024314
0.027507
0.021490
0.023237
0.026531
0.022807
0.030592
0.024371
0.024420
0.026566
0.022406
0.028559
0.020541
0.029530
0.021384
0.030001
0.025481
0.026450
0.025761
0.023428
0.024961
0.021463
0.028818
0.025794
0.023993
0.023565
0.025419
0.026830
0.023478
0.024636
0.023851
0.023069
0.021616
0.022479
0.021069
0.023478
0.023804
0.020994
0.022172
0.024089
0.022759
0.020494
0.020366
0.022426
0.020711
0.019974
0.018975
0.020992
0.022477
0.022701
0.021822
0.018593
0.021637
0.022013
0.022202
0.021287
0.021401
0.021114
0.019849
0.019941
