0.057677
0.042830
0.036283
0.032339
0.029218
0.026880
0.026320
0.023866
0.022964
0.020861
0.017498
0.016601
0.013877
0.012710
0.010722
0.010037
0.009122
0.008352
0.007185
0.006679
0.006276
0.006129
0.005946
0.005586
0.005399
0.005021
0.005016
0.004532
0.004429
0.004304
0.004333
0.004260
0.004224
0.004065
0.003844
0.003759
0.003799
0.003642
0.003742
0.003656
0.003554
0.003444
0.003446
0.003351
0.003268
0.003286
0.003232
0.003260
0.003203
0.003171
0.003201
0.003170
0.003134
0.003216
0.003160
0.003167
0.003133
0.003108
0.003127
0.003151
0.003103
0.003086
0.003092
0.003061
0.003074
0.003069
0.003033
0.003072
0.003027
0.003072
0.003034
0.003062
0.003047
0.003016
0.003048
0.003027
0.003032
0.003032
0.003020
0.003030
0.003036
0.003048
0.003030
0.003063
0.003012
0.003029
0.003009
0.003036
0.003036
0.003061
0.003060
0.003024
0.003045
0.003013
0.003010
0.003039
0.003000
0.002994
0.002985
0.002994
0.003008
0.002977
0.002972
0.002954
0.002954
0.002974
0.002975
0.002963
0.002974
0.002978
0.002972
0.002963
0.002963
0.002985
0.002949
0.002947
0.002965
0.002949
0.002949
0.002956
0.002974
0.002951
0.002965
0.002958
0.002952
0.002943
0.002947
0.002951
0.002943
0.002930
0.002925
0.002928
0.002923
0.002932
0.002925
0.002939
0.002934
0.002923
0.002919
0.002925
0.002930
0.002923
0.002934
0.002928
0.002925
0.002923
0.002921
0.002925
0.002934
0.002928
