0.055501
0.043739
0.038412
0.030620
0.022801
0.019168
0.016686
0.015171
0.013082
0.013527
0.011394
0.010305
0.009666
0.008281
0.007383
0.006959
0.006780
0.006151
0.005921
0.005718
0.005364
0.005024
0.004906
0.004793
0.004690
0.004492
0.004310
0.004104
0.003998
0.003981
0.003725
0.003667
0.003615
0.003554
0.003526
0.003529
0.003464
0.003388
0.003351
0.003351
0.003262
0.003250
0.003204
0.003195
0.003190
0.003211
0.003202
0.003207
0.003188
0.003155
0.003115
0.003103
0.003082
0.003157
0.003037
0.003043
0.003002
0.002983
0.003001
0.002975
0.003013
0.002978
0.002970
0.002977
0.002974
0.002958
0.002961
0.002976
0.002961
0.002962
0.002970
0.002982
0.002981
0.002989
0.002964
0.002961
0.003009
0.002989
0.002979
0.002977
0.002970
0.002978
0.002934
0.002949
0.002914
0.002938
0.002932
0.002903
0.002934
0.002984
0.002916
0.002919
0.002889
0.002898
0.002903
0.002934
0.002885
0.002883
0.002927
0.002896
0.002894
0.002911
0.002905
0.002887
0.002905
0.002876
0.002885
0.002874
0.002881
0.002890
0.002878
0.002887
0.002876
0.002887
0.002887
0.002883
0.002900
0.002866
0.002879
0.002875
0.002863
0.002859
0.002870
0.002875
0.002875
0.002863
0.002888
0.002875
0.002881
0.002890
0.002870
0.002890
0.002866
0.002875
0.002857
0.002861
0.002872
0.002861
0.002886
0.002870
0.002861
0.002875
0.002866
0.002859
0.002859
0.002861
0.002863
0.002859
0.002870
0.002874
