0.370669
0.220560
0.167483
0.184068
0.146531
0.141655
0.119536
0.099233
0.104257
0.110175
0.085523
0.083486
0.084732
0.084855
0.083642
0.076481
0.082083
0.090223
0.074351
0.066537
0.071652
0.073486
0.060135
0.066222
0.066918
0.061439
0.069755
0.056671
0.055668
0.068167
0.061144
0.059570
0.061582
0.058899
0.063134
0.047620
0.059726
0.063279
0.053660
0.057018
0.059762
0.054927
0.056901
0.051712
0.056166
0.042813
0.046711
0.046575
0.044447
0.045959
0.048048
0.044431
0.051023
0.043225
0.043601
0.053465
0.045891
0.041893
0.040396
0.043795
0.050084
0.046220
0.041341
0.037806
0.038555
0.039597
0.040728
0.029811
0.035472
0.035856
0.029823
0.031695
0.030248
0.035429
0.029327
0.024918
0.030308
0.028824
0.020254
0.026473
0.023252
0.029308
0.017941
0.027489
0.023381
0.017467
0.013029
0.021585
0.017707
0.019404
0.017020
0.014678
0.015337
0.013471
0.013091
0.014473
0.018266
0.014699
0.017590
0.010317
0.010240
0.013431
0.016348
0.013529
0.019109
0.009590
0.015595
0.008616
0.014735
0.009076
0.014376
0.006219
0.011485
0.017451
0.007928
0.008518
0.010120
0.007020
0.009704
0.014473
0.007110
0.007182
0.005037
0.006036
0.005006
0.007179
0.006888
0.005157
0.010897
0.004278
0.004447
0.006915
0.004153
0.004177
0.005222
0.003898
0.003414
0.002221
0.002390
0.003889
0.002521
0.002953
0.001643
0.002910
0.001665
0.013662
0.006895
0.011540
0.010846
0.006097
