0.088360
0.077323
0.073804
0.071045
0.068221
0.067276
0.066663
0.064810
0.062265
0.061717
0.060165
0.060980
0.057206
0.056084
0.055557
0.055728
0.051991
0.051333
0.049710
0.049823
0.046979
0.047700
0.044324
0.043239
0.044724
0.044203
0.043156
0.043645
0.045007
0.044151
0.040575
0.041836
0.041727
0.038255
0.037187
0.034798
0.035847
0.032617
0.033130
0.031985
0.033394
0.030792
0.030590
0.028542
0.028565
0.026877
0.026963
0.027286
0.026654
0.026517
0.027680
0.024997
0.024857
0.025123
0.024147
0.024475
0.021481
0.020636
0.021637
0.019669
0.020936
0.020151
0.019111
0.019311
0.021154
0.018485
0.018022
0.016888
0.018357
0.016748
0.016172
0.016626
0.016097
0.013467
0.015230
0.014729
0.014299
0.012871
0.012423
0.012290
0.012019
0.011404
0.011411
0.012022
0.010505
0.010617
0.010209
0.010439
0.010318
0.009813
0.008214
0.008766
0.008299
0.008884
0.008462
0.008429
0.007747
0.008446
0.008461
0.007497
0.007107
0.006887
0.007383
0.007833
0.007614
0.007431
0.007970
0.007283
0.006625
0.007307
0.006646
0.006865
0.007387
0.006722
0.007192
0.006681
0.007347
0.006461
0.006943
0.005878
0.006100
0.006047
0.005578
0.005835
0.005496
0.004945
0.005295
0.005104
0.005294
0.005079
0.005432
0.004952
0.004836
0.004936
0.004954
0.004725
0.004543
0.004494
0.004616
0.004479
0.004272
0.004317
0.004433
0.004714
0.004340
0.004484
0.004328
0.004550
0.004393
0.004368
