0.071143
0.073685
0.070059
0.069337
0.068130
0.065811
0.063979
0.061803
0.060889
0.058875
0.060952
0.061294
0.061073
0.058752
0.059377
0.058356
0.056730
0.055576
0.055128
0.053328
0.051217
0.054287
0.049322
0.052386
0.048083
0.049720
0.049766
0.051168
0.048110
0.044728
0.047471
0.046126
0.047190
0.046253
0.045309
0.042789
0.044850
0.041023
0.043041
0.040112
0.041025
0.036790
0.038424
0.034848
0.035159
0.035156
0.033554
0.033585
0.032039
0.030385
0.032737
0.032530
0.032735
0.032261
0.029355
0.029244
0.024614
0.026623
0.026704
0.025222
0.021986
0.022437
0.021656
0.021462
0.021107
0.019435
0.017768
0.018351
0.018553
0.019067
0.017794
0.015750
0.018995
0.014851
0.013223
0.014030
0.012341
0.012667
0.013802
0.014647
0.014466
0.014159
0.014076
0.013528
0.013469
0.013220
0.012533
0.013334
0.011632
0.011909
0.012547
0.011731
0.010559
0.011171
0.011462
0.010402
0.012193
0.011571
0.010585
0.010335
0.010271
0.009380
0.009090
0.009969
0.008069
0.008326
0.008170
0.007284
0.006945
0.007525
0.006272
0.006140
0.006120
0.005843
0.006180
0.005790
0.005784
0.005933
0.005440
0.005220
0.005745
0.005169
0.005320
0.005119
0.005118
0.004692
0.005221
0.005117
0.005002
0.005197
0.005362
0.005015
0.005098
0.004990
0.005173
0.004736
0.005197
0.004740
0.004338
0.004836
0.004703
0.004626
0.004514
0.004658
0.004597
0.004374
0.004328
0.004366
0.004623
0.004044
