0.087905
0.080861
0.073406
0.075962
0.072303
0.066104
0.067047
0.068445
0.067409
0.063471
0.059282
0.060375
0.058875
0.057724
0.058684
0.056560
0.053729
0.054676
0.055665
0.054533
0.053228
0.052148
0.053903
0.051192
0.048669
0.047002
0.047972
0.049567
0.046309
0.047145
0.046257
0.044147
0.043052
0.042794
0.042030
0.042838
0.039198
0.038515
0.039007
0.038472
0.038105
0.034143
0.034266
0.036191
0.033621
0.034355
0.035061
0.032480
0.033688
0.033234
0.032214
0.032587
0.030385
0.030608
0.028989
0.028272
0.030487
0.025775
0.029318
0.028913
0.028011
0.025918
0.025105
0.027123
0.027723
0.025886
0.026741
0.023871
0.023157
0.026370
0.022939
0.024714
0.023017
0.023946
0.023828
0.024591
0.022700
0.019756
0.021789
0.019056
0.016641
0.016538
0.016117
0.015667
0.017593
0.014915
0.014889
0.014966
0.013084
0.012993
0.011557
0.011777
0.012643
0.010949
0.011558
0.011077
0.011730
0.009439
0.010366
0.010156
0.010135
0.009603
0.009051
0.010252
0.010224
0.008875
0.009813
0.009453
0.008800
0.008141
0.007887
0.007573
0.006828
0.007630
0.007206
0.006654
0.006724
0.007032
0.006850
0.006760
0.006550
0.006391
0.006200
0.006417
0.006383
0.006535
0.005784
0.005979
0.005926
0.006329
0.006289
0.005717
0.006005
0.005812
0.005406
0.005089
0.005226
0.005601
0.005659
0.005453
0.005274
0.005051
0.005285
0.005072
0.005234
0.005050
0.005029
0.005203
0.005134
0.005223
