0.076921
0.073924
0.072105
0.070836
0.071503
0.069219
0.067649
0.067285
0.070251
0.066856
0.065500
0.066584
0.063632
0.062549
0.061394
0.060184
0.059935
0.060047
0.060723
0.059781
0.059914
0.058821
0.059483
0.056499
0.056765
0.055654
0.056160
0.058005
0.055125
0.054693
0.054274
0.052405
0.054288
0.053059
0.050818
0.050894
0.048510
0.050321
0.049203
0.049852
0.046467
0.044663
0.045768
0.044878
0.045904
0.047532
0.044475
0.044198
0.042325
0.040728
0.040183
0.038716
0.037290
0.035680
0.034025
0.031997
0.032960
0.032772
0.034270
0.031010
0.031012
0.030248
0.028217
0.030228
0.028880
0.028409
0.027202
0.026762
0.026745
0.028024
0.026947
0.027830
0.028939
0.027100
0.027068
0.026156
0.023969
0.025602
0.023569
0.024072
0.024795
0.023590
0.025612
0.025289
0.023180
0.024886
0.025100
0.023328
0.023371
0.021227
0.021559
0.019584
0.019297
0.019152
0.018789
0.018472
0.018283
0.016755
0.015819
0.016864
0.016969
0.016309
0.016069
0.016270
0.015398
0.015354
0.015110
0.014926
0.015175
0.014930
0.014317
0.015088
0.014100
0.014981
0.015741
0.015780
0.015014
0.015269
0.015337
0.015125
0.015945
0.015086
0.014254
0.014040
0.013220
0.014892
0.014170
0.013781
0.013785
0.014284
0.013949
0.015255
0.014568
0.013213
0.013748
0.012915
0.013715
0.014630
0.014512
0.014073
0.014925
0.014016
0.013214
0.013826
0.013789
0.013947
0.013118
0.012501
0.014283
0.012063
