0.155000
0.155000
0.155000
0.155000
0.155000
0.155000
0.160000
0.225000
0.225000
0.155000
0.155000
0.155000
0.155000
0.155000
0.155000
0.155000
0.160000
0.165000
0.165000
0.170000
0.155000
0.155000
0.155000
0.165000
0.165000
0.175000
0.175000
0.175000
0.175000
0.180000
0.180000
0.185000
0.185000
0.190000
0.200000
0.220000
0.225000
0.225000
0.240000
0.260000
0.265000
0.260000
0.275000
0.235000
0.160000
0.155000
0.155000
0.155000
0.155000
0.155000
0.155000
0.155000
0.155000
0.155000
0.155000
0.155000
0.155000
0.155000
0.155000
0.155000
0.155000
0.155000
0.155000
0.155000
0.155000
0.155000
0.155000
0.155000
0.155000
0.155000
0.155000
0.155000
0.155000
0.155000
0.155000
0.155000
0.155000
0.155000
0.155000
0.155000
0.155000
0.155000
0.155000
0.155000
0.155000
0.155000
0.155000
0.155000
0.155000
0.155000
0.155000
0.155000
0.155000
0.155000
0.155000
0.155000
0.155000
0.155000
0.155000
0.155000
0.155000
0.155000
0.155000
0.155000
0.155000
0.155000
0.155000
0.155000
0.155000
0.155000
0.155000
0.155000
0.155000
0.155000
0.155000
0.155000
0.155000
0.155000
0.155000
0.155000
0.155000
0.155000
0.155000
0.155000
0.155000
0.155000
0.155000
0.155000
0.155000
0.155000
0.155000
0.155000
0.155000
0.155000
0.155000
0.155000
0.155000
0.155000
0.155000
0.155000
0.155000
0.155000
0.155000
0.155000
0.155000
0.155000
0.155000
0.155000
0.155000
0.155000
