0.190043
0.065069
0.062712
0.062712
0.062712
0.062712
0.062634
0.062867
0.062712
0.062712
0.062712
0.062712
0.062712
0.062595
0.061656
0.061094
0.061512
0.059457
0.059084
0.058155
0.059277
0.058805
0.060774
0.059316
0.058745
0.057865
0.055956
0.057400
0.057389
0.056943
0.057298
0.055738
0.056368
0.055699
0.055808
0.054555
0.055177
0.055751
0.054901
0.052605
0.053102
0.054609
0.054901
0.055350
0.054557
0.054438
0.054323
0.053577
0.053679
0.052014
0.053313
0.053671
0.052746
0.051806
0.052760
0.052100
0.050230
0.054829
0.054918
0.055018
0.055238
0.053771
0.052958
0.052868
0.054352
0.054367
0.054364
0.054948
0.053205
0.053134
0.054735
0.053092
0.052896
0.053757
0.052149
0.052901
0.053419
0.053611
0.053441
0.052547
0.054189
0.051760
0.053298
0.053443
0.053726
0.054260
0.053491
0.054279
0.052619
0.051640
0.053225
0.052426
0.052758
0.056837
0.055407
0.051815
0.054286
0.053068
0.053275
0.051205
0.051200
0.049702
0.050447
0.048010
0.051906
0.054429
0.054565
0.053154
0.052959
0.054126
0.052633
0.052447
0.052443
0.053163
0.054023
0.053075
0.052189
0.053078
0.051351
0.053865
0.053490
0.051910
0.050943
0.050828
0.050433
0.052222
0.052387
0.053841
0.052594
0.051881
0.048061
0.049247
0.051555
0.053877
0.053626
0.050069
0.049670
0.047885
0.049069
0.047877
0.048186
0.047986
0.048302
0.046871
0.047168
0.047513
0.047799
0.046161
0.048169
0.047405
