0.079283
0.070874
0.071670
0.071670
0.071670
0.070254
0.071397
0.069532
0.070112
0.068598
0.065586
0.070187
0.069613
0.066490
0.069827
0.067457
0.065293
0.067740
0.065845
0.067050
0.067997
0.066731
0.065128
0.066553
0.067401
0.065981
0.064926
0.065909
0.065217
0.064436
0.065028
0.063779
0.064590
0.065511
0.066047
0.062552
0.064303
0.062017
0.063250
0.063680
0.066995
0.058231
0.057061
0.056063
0.061430
0.055990
0.053428
0.053944
0.054088
0.057518
0.052326
0.056550
0.051620
0.049836
0.057118
0.053085
0.053461
0.054892
0.051790
0.053935
0.050961
0.055981
0.052366
0.054738
0.055827
0.049410
0.055537
0.057939
0.051440
0.050550
0.052746
0.045672
0.046580
0.046505
0.048354
0.042794
0.047087
0.046853
0.038993
0.046078
0.043160
0.049744
0.044631
0.048828
0.048016
0.045391
0.042959
0.040044
0.045794
0.038456
0.041897
0.041080
0.039491
0.040432
0.035031
0.034984
0.037101
0.031708
0.041207
0.038413
0.034883
0.035890
0.036684
0.037865
0.033684
0.033387
0.034536
0.030490
0.035451
0.033935
0.033511
0.028934
0.033671
0.033091
0.028212
0.030279
0.033735
0.038394
0.027126
0.031788
0.037892
0.039864
0.033016
0.033785
0.031923
0.023905
0.029424
0.026640
0.028230
0.024159
0.022009
0.021377
0.024237
0.023565
0.026511
0.023561
0.022717
0.021676
0.024377
0.027910
0.020981
0.028715
0.026768
0.025435
0.020586
0.020350
0.019309
0.019989
0.020604
0.025428
