0.083052
0.071994
0.072969
0.071330
0.071670
0.072182
0.069227
0.068104
0.068256
0.068528
0.069123
0.067362
0.065122
0.063809
0.065557
0.062975
0.062102
0.062914
0.061659
0.065052
0.060167
0.062275
0.061311
0.063875
0.058985
0.061509
0.062613
0.060038
0.061056
0.057078
0.061653
0.057413
0.058685
0.056544
0.052931
0.057383
0.052658
0.059790
0.056375
0.057883
0.056491
0.057458
0.056698
0.054026
0.052036
0.050193
0.056161
0.055381
0.051332
0.058040
0.054559
0.052724
0.055783
0.053411
0.054633
0.055279
0.050089
0.049991
0.054581
0.047231
0.054368
0.051443
0.047030
0.051661
0.054615
0.051562
0.046324
0.045408
0.051199
0.045987
0.055765
0.049177
0.048052
0.053288
0.045753
0.043266
0.047294
0.043239
0.044191
0.048929
0.041920
0.045165
0.045514
0.042188
0.042867
0.043209
0.039853
0.043152
0.042346
0.045116
0.040944
0.042661
0.041159
0.046997
0.039123
0.044987
0.040467
0.038913
0.039426
0.041534
0.043775
0.037598
0.042654
0.048216
0.047138
0.044338
0.039482
0.048464
0.044318
0.045960
0.041903
0.041666
0.041093
0.041385
0.040882
0.037177
0.042034
0.037628
0.037010
0.041412
0.040833
0.039848
0.040616
0.042570
0.036327
0.037563
0.035731
0.039346
0.026734
0.032300
0.029493
0.035147
0.030223
0.033509
0.028905
0.032364
0.030977
0.045550
0.029963
0.036277
0.032895
0.027505
0.034508
0.030197
0.029492
0.029828
0.029781
0.030228
0.028846
0.027867
