0.102193
0.089006
0.077425
0.075674
0.074392
0.073573
0.075603
0.074212
0.073682
0.073695
0.073656
0.070672
0.072468
0.076392
0.075938
0.072481
0.070293
0.072423
0.071722
0.071774
0.071914
0.069220
0.071310
0.071232
0.070588
0.073100
0.073423
0.072542
0.071863
0.072414
0.069209
0.069258
0.070155
0.071629
0.071945
0.070581
0.070893
0.068479
0.068259
0.072084
0.068498
0.067563
0.070474
0.065810
0.065349
0.067921
0.067146
0.065908
0.063244
0.063704
0.066999
0.064672
0.065226
0.060981
0.064305
0.059794
0.067581
0.063651
0.061726
0.063733
0.063494
0.061119
0.059637
0.060288
0.059938
0.061010
0.061255
0.056250
0.058235
0.054082
0.057421
0.051892
0.056015
0.061080
0.057274
0.055842
0.059346
0.053687
0.057780
0.058944
0.058554
0.057921
0.050044
0.059245
0.049830
0.055171
0.050582
0.049008
0.048881
0.050884
0.052616
0.049803
0.054205
0.050594
0.053474
0.050559
0.051266
0.044827
0.044963
0.045544
0.049728
0.043667
0.045013
0.046323
0.046749
0.044136
0.043236
0.046076
0.042575
0.039279
0.041593
0.043650
0.040729
0.043842
0.039549
0.046545
0.043732
0.041795
0.049504
0.045357
0.049853
0.044244
0.044141
0.039066
0.037115
0.038564
0.038641
0.042089
0.035804
0.038328
0.038171
0.038616
0.032019
0.041239
0.036627
0.038544
0.040225
0.033637
0.037991
0.036155
0.041498
0.042660
0.051647
0.040266
0.047473
0.048149
0.036393
0.041461
0.036340
0.039307
