0.401595
0.250978
0.197129
0.121240
0.120126
0.112905
0.087758
0.094697
0.078332
0.064523
0.050641
0.054050
0.056822
0.042404
0.041127
0.032141
0.025689
0.028818
0.025590
0.021783
0.023831
0.020974
0.018313
0.017338
0.017096
0.014130
0.012968
0.012141
0.011771
0.010165
0.009724
0.008441
0.007532
0.008962
0.008357
0.006591
0.005849
0.006291
0.006726
0.006228
0.003510
0.004774
0.003242
0.003278
0.003237
0.002808
0.002454
0.002928
0.002445
0.002560
0.002108
0.001624
0.001907
0.002790
0.001875
0.001783
0.001692
0.001642
0.001091
0.001077
0.001119
0.001340
0.001046
0.000957
0.001269
0.001281
0.001045
0.000933
0.001196
0.001642
0.000972
0.001139
0.001201
0.001232
0.000997
0.001273
0.000918
0.000932
0.001022
0.000720
0.000750
0.000642
0.000748
0.000950
0.000909
0.000683
0.000567
0.000626
0.000524
0.000437
0.000569
0.000596
0.000611
0.000516
0.000542
0.000498
0.000452
0.000363
0.000438
0.000322
0.000336
0.000382
0.000395
0.000349
0.000322
0.000416
0.000354
0.000374
0.000336
0.000322
0.000252
0.000291
0.000370
0.000442
0.000416
0.000319
0.000317
0.000337
0.000325
0.000458
0.000378
0.000370
0.000312
0.000336
0.000387
0.000370
0.000332
0.000238
0.000220
0.000248
0.000208
0.000248
0.000276
0.000288
0.000236
0.000210
0.000188
0.000205
0.000228
0.000144
0.000162
0.000191
0.000153
0.000161
0.000153
0.000118
0.000178
0.000154
0.000161
0.000131
