0.248193
0.102324
0.080612
0.070316
0.072575
0.071438
0.068721
0.071360
0.070268
0.069003
0.066711
0.066086
0.065873
0.065151
0.065542
0.064822
0.064291
0.064001
0.063245
0.063854
0.059348
0.061346
0.060422
0.059955
0.057057
0.056801
0.059737
0.059034
0.057274
0.053901
0.054505
0.055342
0.056591
0.054062
0.053715
0.052915
0.053475
0.053678
0.053692
0.053584
0.050871
0.051971
0.052053
0.050364
0.049776
0.050380
0.051251
0.049020
0.051592
0.047723
0.048661
0.047504
0.045493
0.047319
0.043582
0.046959
0.044201
0.046107
0.044533
0.046658
0.046817
0.044604
0.046057
0.043674
0.043594
0.042537
0.045279
0.042027
0.043713
0.043070
0.041655
0.044611
0.041730
0.041445
0.041052
0.041697
0.042062
0.042116
0.042024
0.042348
0.039816
0.041303
0.041741
0.041595
0.039006
0.038868
0.040289
0.038986
0.039068
0.037930
0.040353
0.033889
0.035868
0.035615
0.035294
0.037725
0.032782
0.035045
0.033205
0.031522
0.031651
0.030024
0.023954
0.023334
0.021641
0.021258
0.019948
0.020543
0.018591
0.016540
0.018478
0.017604
0.016284
0.014210
0.014841
0.012819
0.011849
0.011446
0.011365
0.013147
0.011334
0.012111
0.008410
0.009931
0.008749
0.008623
0.010288
0.008677
0.007286
0.005340
0.004636
0.005645
0.005577
0.005976
0.004364
0.003493
0.004757
0.003687
0.003775
0.003591
0.003164
0.002452
0.002471
0.002538
0.002037
0.002063
0.001773
0.001534
0.001454
0.001040
