0.269421
0.177366
0.148846
0.099304
0.084493
0.073505
0.067034
0.062813
0.069323
0.067123
0.062011
0.061589
0.057322
0.054194
0.053859
0.054144
0.048518
0.046760
0.042884
0.043625
0.043420
0.038029
0.037997
0.039228
0.034627
0.032624
0.031909
0.033410
0.028517
0.025880
0.026611
0.025157
0.023503
0.026471
0.022646
0.024180
0.020676
0.020558
0.020213
0.018870
0.018372
0.015188
0.017508
0.020082
0.015302
0.015768
0.015089
0.014770
0.015071
0.012234
0.013816
0.010798
0.011652
0.010131
0.009745
0.010677
0.011508
0.010739
0.008256
0.007635
0.008630
0.008645
0.008636
0.008699
0.007746
0.009599
0.010418
0.008606
0.009357
0.008882
0.007995
0.008761
0.008583
0.007730
0.007940
0.007706
0.007676
0.007362
0.007571
0.007077
0.007716
0.008040
0.008664
0.008753
0.007282
0.008553
0.005679
0.007302
0.007930
0.005895
0.006330
0.008344
0.006029
0.006209
0.005920
0.005106
0.006890
0.005727
0.007447
0.005515
0.006449
0.006577
0.006252
0.006877
0.006036
0.004384
0.005729
0.005227
0.005897
0.006308
0.006494
0.005389
0.006022
0.005783
0.006766
0.006177
0.005675
0.005415
0.004715
0.003157
0.004251
0.003977
0.004250
0.004826
0.003592
0.004415
0.002581
0.005375
0.002866
0.004012
0.002817
0.002556
0.003371
0.002232
0.002683
0.002423
0.002126
0.002405
0.002125
0.001581
0.001871
0.001827
0.001282
0.001641
0.001310
0.001214
0.001079
0.001318
0.001228
0.001150
