0.072118
0.073541
0.071828
0.071670
0.071828
0.070725
0.069980
0.071275
0.068656
0.069185
0.069666
0.066291
0.065147
0.061815
0.062755
0.064781
0.064019
0.062004
0.061769
0.061491
0.059960
0.058502
0.061299
0.059001
0.054840
0.057030
0.056977
0.052092
0.050672
0.050164
0.050117
0.047537
0.046620
0.048498
0.047187
0.050222
0.047078
0.048748
0.046860
0.046489
0.049156
0.041068
0.043233
0.039393
0.041513
0.039169
0.037785
0.040662
0.036623
0.037710
0.035396
0.035740
0.031213
0.035492
0.032124
0.031185
0.034175
0.030827
0.028583
0.029283
0.027791
0.022137
0.026874
0.029396
0.021987
0.025475
0.026231
0.021531
0.024198
0.021658
0.024826
0.023350
0.018879
0.019944
0.019627
0.017626
0.020722
0.019085
0.015656
0.015622
0.018418
0.017765
0.012131
0.015399
0.012411
0.013445
0.011137
0.012422
0.011313
0.018315
0.014695
0.017008
0.010916
0.010051
0.010665
0.009876
0.010929
0.009692
0.007970
0.007947
0.009682
0.007968
0.006248
0.007359
0.005993
0.008157
0.005602
0.005384
0.005111
0.006032
0.006252
0.004119
0.009060
0.007666
0.007750
0.007307
0.007296
0.005610
0.006725
0.004739
0.005058
0.004560
0.003686
0.005506
0.004645
0.003704
0.007577
0.002478
0.005651
0.012876
0.004120
0.008861
0.006061
0.007591
0.005481
0.011386
0.006774
0.008284
0.008682
0.008997
0.005732
0.006210
0.007660
0.008755
0.008154
0.004870
0.004717
0.009049
0.005364
0.005343
