0.125612
0.073725
0.070151
0.068959
0.071258
0.068249
0.068559
0.067365
0.064437
0.064271
0.065613
0.062392
0.061537
0.062239
0.061295
0.058118
0.057927
0.060806
0.057697
0.059070
0.059146
0.055965
0.055843
0.055161
0.056659
0.054349
0.055008
0.051279
0.052684
0.052638
0.053760
0.053385
0.051843
0.050161
0.051697
0.053756
0.050563
0.050227
0.050101
0.049432
0.049385
0.051621
0.050030
0.049195
0.048724
0.051201
0.049649
0.050532
0.048672
0.047438
0.047822
0.046685
0.043545
0.045250
0.046069
0.043159
0.046078
0.046502
0.042368
0.042014
0.043346
0.042055
0.042184
0.042241
0.039801
0.044183
0.041737
0.046132
0.040521
0.038515
0.039286
0.036649
0.038622
0.036591
0.036828
0.036559
0.035571
0.036590
0.036009
0.034730
0.034153
0.037703
0.032135
0.034362
0.033681
0.034627
0.035210
0.034751
0.032815
0.033031
0.034184
0.035357
0.034263
0.035185
0.031238
0.033525
0.032379
0.033544
0.033615
0.034784
0.032719
0.034027
0.032043
0.030584
0.033732
0.032653
0.033885
0.031040
0.032022
0.030885
0.030518
0.033210
0.031794
0.030654
0.029987
0.030390
0.030318
0.028528
0.031062
0.029741
0.027443
0.030194
0.029996
0.028728
0.029065
0.027797
0.029910
0.029173
0.025933
0.026762
0.029017
0.027536
0.027406
0.024623
0.027963
0.025623
0.023933
0.028523
0.027676
0.026159
0.026235
0.025750
0.024411
0.025838
0.027783
0.025463
0.024791
0.025866
0.024277
0.026925
