0.257423
0.187960
0.157741
0.100398
0.082679
0.070878
0.068376
0.068161
0.067558
0.065297
0.061530
0.059548
0.061040
0.054592
0.057252
0.058386
0.055347
0.052936
0.052334
0.050405
0.050338
0.047017
0.045195
0.045554
0.042422
0.041627
0.040223
0.039746
0.044354
0.040007
0.038971
0.036003
0.035871
0.039658
0.035325
0.037160
0.036516
0.033825
0.034570
0.030357
0.031893
0.027030
0.028156
0.026087
0.021319
0.018480
0.021449
0.015875
0.014761
0.013421
0.012221
0.013938
0.012454
0.013012
0.010782
0.012057
0.008418
0.008247
0.006797
0.006692
0.007382
0.007341
0.005514
0.005649
0.005033
0.005361
0.005463
0.005221
0.004637
0.004653
0.005198
0.004374
0.004660
0.003774
0.003490
0.003329
0.003267
0.003492
0.002632
0.002760
0.002510
0.002774
0.002980
0.002666
0.002607
0.002576
0.002390
0.002273
0.002307
0.002413
0.001728
0.002383
0.002145
0.001787
0.002200
0.001993
0.002159
0.002027
0.001739
0.001689
0.001995
0.001564
0.001425
0.001537
0.001584
0.001517
0.001532
0.001581
0.001645
0.001730
0.001284
0.001194
0.001364
0.001452
0.001115
0.001284
0.001254
0.001488
0.001363
0.001313
0.001084
0.001228
0.001408
0.001196
0.001155
0.001323
0.001123
0.000980
0.000927
0.001021
0.001282
0.001081
0.001044
0.000985
0.001126
0.001016
0.001030
0.001051
0.000761
0.000874
0.000977
0.000823
0.000615
0.000858
0.000884
0.000617
0.000595
0.000713
0.000717
0.000512
