0.252500
0.367500
0.460000
0.392500
0.447500
0.520000
0.615000
0.597500
0.637500
0.677500
0.700000
0.710000
0.727500
0.742500
0.770000
0.785000
0.797500
0.812500
0.822500
0.830000
0.827500
0.825000
0.830000
0.835000
0.825000
0.827500
0.832500
0.832500
0.832500
0.830000
0.802500
0.727500
0.775000
0.772500
0.805000
0.822500
0.827500
0.775000
0.727500
0.802500
0.815000
0.820000
0.832500
0.832500
0.832500
0.832500
0.835000
0.835000
0.835000
0.835000
0.835000
0.835000
0.835000
0.835000
0.835000
0.835000
0.835000
0.835000
0.835000
0.835000
0.835000
0.835000
0.835000
0.835000
0.835000
0.835000
0.835000
0.835000
0.835000
0.835000
0.835000
0.837500
0.837500
0.837500
0.835000
0.827500
0.835000
0.837500
0.795000
0.747500
0.790000
0.800000
0.800000
0.825000
0.827500
0.825000
0.825000
0.835000
0.830000
0.837500
0.837500
0.837500
0.837500
0.837500
0.837500
0.837500
0.885000
0.905000
0.957500
0.955000
0.940000
0.967500
0.940000
0.887500
0.872500
0.912500
0.950000
0.967500
0.972500
0.972500
0.985000
0.992500
0.997500
1.000000
1.000000
1.000000
1.000000
1.000000
1.000000
1.000000
1.000000
1.000000
1.000000
1.000000
1.000000
1.000000
1.000000
1.000000
1.000000
1.000000
1.000000
1.000000
1.000000
1.000000
1.000000
1.000000
1.000000
1.000000
1.000000
1.000000
1.000000
1.000000
1.000000
1.000000
1.000000
1.000000
1.000000
1.000000
1.000000
1.000000
