0.242500
0.432500
0.507500
0.617500
0.657500
0.670000
0.722500
0.700000
0.767500
0.750000
0.802500
0.815000
0.850000
0.850000
0.865000
0.845000
0.892500
0.915000
0.940000
0.897500
0.905000
0.940000
0.970000
0.977500
0.987500
0.995000
0.995000
0.997500
1.000000
1.000000
1.000000
0.997500
1.000000
1.000000
1.000000
1.000000
1.000000
1.000000
0.997500
1.000000
1.000000
1.000000
1.000000
1.000000
1.000000
1.000000
1.000000
1.000000
1.000000
1.000000
1.000000
1.000000
1.000000
1.000000
1.000000
1.000000
1.000000
1.000000
1.000000
1.000000
1.000000
1.000000
1.000000
1.000000
1.000000
1.000000
1.000000
1.000000
1.000000
1.000000
1.000000
1.000000
1.000000
1.000000
1.000000
1.000000
1.000000
0.997500
0.985000
0.975000
0.967500
0.952500
0.970000
0.950000
0.867500
0.910000
0.900000
0.877500
0.847500
0.905000
0.885000
0.892500
0.952500
0.970000
0.985000
0.987500
0.982500
0.992500
0.992500
0.995000
0.992500
1.000000
0.997500
1.000000
1.000000
1.000000
1.000000
1.000000
1.000000
1.000000
1.000000
0.997500
1.000000
1.000000
1.000000
1.000000
1.000000
1.000000
1.000000
1.000000
1.000000
1.000000
1.000000
1.000000
1.000000
1.000000
1.000000
1.000000
1.000000
1.000000
1.000000
1.000000
1.000000
1.000000
1.000000
1.000000
1.000000
1.000000
1.000000
1.000000
1.000000
1.000000
1.000000
1.000000
1.000000
1.000000
1.000000
1.000000
1.000000
1.000000
