0.185000
0.245000
0.367500
0.420000
0.497500
0.537500
0.652500
0.670000
0.752500
0.745000
0.692500
0.750000
0.787500
0.822500
0.847500
0.877500
0.900000
0.885000
0.867500
0.917500
0.915000
0.947500
0.950000
0.867500
0.850000
0.877500
0.915000
0.937500
0.940000
0.977500
0.985000
0.995000
0.995000
0.997500
1.000000
1.000000
1.000000
1.000000
1.000000
1.000000
0.997500
0.997500
0.995000
1.000000
1.000000
1.000000
1.000000
1.000000
0.997500
1.000000
1.000000
1.000000
1.000000
1.000000
1.000000
1.000000
0.997500
0.997500
1.000000
0.997500
1.000000
1.000000
1.000000
1.000000
1.000000
0.997500
0.992500
0.992500
0.997500
0.987500
0.982500
0.950000
0.960000
0.930000
0.932500
0.912500
0.915000
0.910000
0.942500
0.930000
0.967500
0.965000
0.975000
0.980000
0.975000
0.985000
0.995000
0.992500
0.995000
0.990000
0.997500
0.997500
1.000000
1.000000
1.000000
1.000000
1.000000
1.000000
1.000000
1.000000
1.000000
1.000000
1.000000
1.000000
1.000000
1.000000
1.000000
1.000000
1.000000
1.000000
1.000000
1.000000
1.000000
1.000000
1.000000
1.000000
1.000000
1.000000
1.000000
1.000000
1.000000
1.000000
1.000000
1.000000
1.000000
1.000000
1.000000
1.000000
1.000000
1.000000
1.000000
1.000000
1.000000
1.000000
1.000000
1.000000
1.000000
1.000000
1.000000
1.000000
1.000000
1.000000
1.000000
1.000000
1.000000
1.000000
1.000000
1.000000
1.000000
1.000000
