0.056522
0.034886
0.027395
0.021939
0.020499
0.018490
0.014375
0.011453
0.011108
0.012936
0.010387
0.007155
0.004578
0.004035
0.004728
0.004735
0.003756
0.002821
0.002386
0.002002
0.001237
0.001017
0.000824
0.000568
0.000548
0.000604
0.001046
0.001913
0.001945
0.001706
0.001024
0.001929
0.001212
0.001441
0.003588
0.010301
0.007628
0.007388
0.007116
0.008002
0.014735
0.005900
0.003511
0.001712
0.000949
0.001013
0.000571
0.000368
0.000470
0.000216
0.000132
0.000143
0.000107
0.000103
0.000089
0.000064
0.000066
0.000072
0.000082
0.000056
0.000045
0.000042
0.000036
0.000041
0.000030
0.000033
0.000027
0.000035
0.000029
0.000032
0.000033
0.000034
0.000028
0.000030
0.000026
0.000025
0.000024
0.000022
0.000019
0.000023
0.000018
0.000027
0.000026
0.000019
0.000027
0.000022
0.000018
0.000017
0.000022
0.000015
0.000015
0.000013
0.000012
0.000011
0.000012
0.000010
0.000011
0.000010
0.000011
0.000010
0.000013
0.000015
0.000012
0.000011
0.000011
0.000015
0.000008
0.000010
0.000008
0.000010
0.000010
0.000013
0.000010
0.000013
0.000011
0.000009
0.000010
0.000010
0.000007
0.000009
0.000006
0.000006
0.000008
0.000007
0.000008
0.000007
0.000006
0.000006
0.000007
0.000006
0.000005
0.000005
0.000004
0.000005
0.000006
0.000006
0.000007
0.000005
0.000006
0.000007
0.000004
0.000006
0.000005
0.000006
0.000005
0.000005
0.000005
0.000005
0.000006
0.000008
