0.068651
0.053356
0.047935
0.051739
0.045486
0.038368
0.031836
0.033070
0.029934
0.026889
0.023956
0.023333
0.022300
0.020856
0.019177
0.016942
0.015883
0.014133
0.012882
0.011804
0.012372
0.011518
0.011837
0.011050
0.011395
0.011725
0.010808
0.010942
0.010719
0.010975
0.015887
0.022242
0.017384
0.018661
0.014689
0.012121
0.011825
0.017867
0.019007
0.014136
0.013053
0.011830
0.010913
0.010522
0.010520
0.010553
0.009854
0.010265
0.010358
0.009883
0.009976
0.009828
0.009782
0.010047
0.009775
0.009893
0.009744
0.009846
0.009441
0.009410
0.009540
0.009886
0.009543
0.009688
0.009689
0.009959
0.009513
0.009381
0.009636
0.009619
0.009759
0.009410
0.009542
0.009675
0.010573
0.010834
0.010065
0.010314
0.017313
0.016994
0.016410
0.014477
0.013657
0.012682
0.012022
0.011916
0.011422
0.010921
0.011247
0.010536
0.010541
0.010418
0.010124
0.010354
0.009678
0.009714
0.014337
0.008706
0.004455
0.004104
0.009180
0.002715
0.005659
0.013542
0.012655
0.007887
0.005038
0.004048
0.002977
0.002224
0.001580
0.000775
0.000502
0.000257
0.000223
0.000197
0.000236
0.000182
0.000110
0.000123
0.000123
0.000101
0.000096
0.000086
0.000127
0.000115
0.000081
0.000098
0.000090
0.000079
0.000062
0.000062
0.000057
0.000056
0.000050
0.000046
0.000052
0.000042
0.000041
0.000038
0.000042
0.000037
0.000043
0.000091
0.000053
0.000037
0.000042
0.000038
0.000041
0.000035
