0.067024
0.040539
0.035265
0.030732
0.026256
0.022982
0.024397
0.019481
0.014654
0.009540
0.006742
0.005267
0.004869
0.017140
0.011343
0.006661
0.003950
0.004685
0.003169
0.001639
0.001036
0.000585
0.000458
0.000370
0.000256
0.000261
0.000208
0.000120
0.000109
0.000113
0.000077
0.000072
0.000075
0.000071
0.000070
0.000066
0.000067
0.000056
0.000063
0.000054
0.000046
0.000046
0.000044
0.000047
0.000032
0.000033
0.000031
0.000031
0.000029
0.000024
0.000023
0.000026
0.000020
0.000025
0.000023
0.000022
0.000025
0.000021
0.000022
0.000023
0.000019
0.000019
0.000020
0.000019
0.000015
0.000017
0.000018
0.000015
0.000015
0.000015
0.000014
0.000017
0.000014
0.000015
0.000012
0.000011
0.000012
0.000013
0.000010
0.000013
0.000008
0.000010
0.000010
0.000011
0.000012
0.000009
0.000017
0.000009
0.000008
0.000008
0.000008
0.000007
0.000008
0.000008
0.000006
0.000007
0.000006
0.000007
0.000006
0.000006
0.000005
0.000008
0.000007
0.000005
0.000006
0.000005
0.000006
0.000006
0.000005
0.000006
0.000005
0.000005
0.000005
0.000005
0.000004
0.000005
0.000004
0.000004
0.000004
0.000004
0.000003
0.000003
0.000003
0.000004
0.000003
0.000003
0.000004
0.000003
0.000004
0.000003
0.000003
0.000003
0.000005
0.000003
0.000003
0.000003
0.000003
0.000003
0.000003
0.000003
0.000003
0.000003
0.000003
0.000003
0.000003
0.000002
0.000002
0.000002
0.000002
0.000002
