0.060363
0.051343
0.046502
0.043102
0.040426
0.035538
0.030593
0.027079
0.024119
0.024842
0.025210
0.020817
0.018535
0.015748
0.013663
0.011332
0.011025
0.010211
0.011098
0.008726
0.008421
0.007208
0.006748
0.015610
0.016489
0.011497
0.006529
0.006394
0.004554
0.003016
0.002220
0.001612
0.001355
0.001323
0.001042
0.000891
0.000970
0.000871
0.000776
0.000642
0.000724
0.000744
0.000717
0.000635
0.000550
0.000616
0.000533
0.000552
0.000730
0.000608
0.000523
0.000342
0.000415
0.000390
0.000362
0.000444
0.000517
0.000540
0.000315
0.000304
0.000236
0.000220
0.000186
0.000174
0.000171
0.000207
0.000594
0.000851
0.000527
0.001880
0.002030
0.005047
0.004970
0.008641
0.009702
0.006088
0.009975
0.009483
0.007720
0.006369
0.002931
0.002865
0.003072
0.003296
0.001734
0.001487
0.000803
0.000617
0.000558
0.000596
0.000485
0.000273
0.000164
0.000164
0.000145
0.000113
0.000117
0.000097
0.000107
0.000110
0.000105
0.000097
0.000088
0.000093
0.000088
0.000105
0.000110
0.000097
0.000083
0.000078
0.000080
0.000108
0.000075
0.000085
0.000079
0.000068
0.000062
0.000074
0.000067
0.000060
0.000059
0.000055
0.000055
0.000048
0.000050
0.000063
0.000043
0.000042
0.000040
0.000042
0.000039
0.000038
0.000036
0.000037
0.000035
0.000036
0.000036
0.000033
0.000036
0.000038
0.000031
0.000032
0.000034
0.000032
0.000030
0.000030
0.000031
0.000033
0.000028
0.000032
