0.121539
0.074637
0.067697
0.068441
0.065006
0.060385
0.059570
0.061211
0.061983
0.062789
0.056272
0.057070
0.062271
0.056373
0.058011
0.057765
0.061411
0.056966
0.053667
0.057510
0.057225
0.053999
0.054204
0.052402
0.053770
0.052990
0.053947
0.053226
0.056169
0.050062
0.057454
0.054602
0.048606
0.050389
0.052319
0.050192
0.050672
0.052922
0.048902
0.052468
0.052078
0.057781
0.054009
0.054011
0.053976
0.055983
0.047449
0.048176
0.051702
0.043604
0.049565
0.046833
0.051147
0.040668
0.044050
0.041775
0.047585
0.042726
0.043578
0.042965
0.044844
0.045341
0.040351
0.038275
0.036119
0.040202
0.041613
0.040495
0.039512
0.043071
0.033704
0.038507
0.037455
0.032488
0.035960
0.038136
0.036801
0.042588
0.038906
0.038647
0.034862
0.044188
0.045129
0.041509
0.030355
0.031876
0.032659
0.033461
0.041964
0.037843
0.047434
0.034746
0.043206
0.045166
0.038553
0.044899
0.040965
0.047127
0.034845
0.046184
0.041954
0.038597
0.040818
0.039137
0.037323
0.038476
0.036459
0.036395
0.038217
0.036570
0.036809
0.033100
0.038839
0.039408
0.037646
0.046232
0.045346
0.045116
0.039077
0.045482
0.044510
0.035035
0.032954
0.038594
0.035086
0.033334
0.026541
0.036859
0.030491
0.032551
0.034161
0.026222
0.034842
0.026235
0.030766
0.036410
0.032331
0.025229
0.025265
0.024642
0.022253
0.024996
0.038123
0.026275
0.032032
0.038388
0.037031
0.037583
0.023360
0.019208
