0.109762
0.088634
0.083348
0.081008
0.072896
0.075503
0.073565
0.068876
0.069377
0.068696
0.068673
0.068562
0.066561
0.065850
0.060156
0.064765
0.058824
0.060272
0.058127
0.060359
0.056484
0.055222
0.051879
0.053272
0.047092
0.050965
0.053061
0.046946
0.047374
0.045164
0.044473
0.041933
0.042895
0.042543
0.042266
0.040624
0.041050
0.035900
0.037055
0.036135
0.034809
0.030199
0.035941
0.027330
0.038720
0.033753
0.037314
0.035738
0.030069
0.032989
0.027258
0.025369
0.029200
0.023183
0.024838
0.021658
0.024853
0.023579
0.022912
0.026851
0.027782
0.020263
0.019205
0.023098
0.017359
0.016181
0.018310
0.016835
0.013310
0.016798
0.012827
0.009136
0.012476
0.018099
0.013453
0.009945
0.009278
0.013917
0.011569
0.009125
0.009913
0.009173
0.009499
0.010244
0.010635
0.009500
0.011068
0.013691
0.017440
0.010721
0.009515
0.008338
0.007726
0.016922
0.018691
0.015718
0.013977
0.007950
0.007641
0.005325
0.007584
0.011969
0.008779
0.007009
0.023042
0.015572
0.004978
0.010720
0.005247
0.012099
0.003215
0.009650
0.008699
0.007076
0.007843
0.003319
0.009880
0.012496
0.004008
0.004958
0.009766
0.002723
0.014568
0.002713
0.002016
0.008495
0.013929
0.020353
0.008313
0.011665
0.007337
0.010557
0.011057
0.002767
0.003296
0.007632
0.004748
0.004568
0.002272
0.002698
0.001672
0.006076
0.000899
0.005335
0.003031
0.004300
0.010784
0.005179
0.001676
0.004705
