0.073130
0.070891
0.070518
0.063808
0.064524
0.065792
0.058037
0.058250
0.062010
0.057144
0.058782
0.054897
0.047657
0.049561
0.050362
0.049575
0.043034
0.044109
0.045502
0.035904
0.041803
0.039588
0.035630
0.038118
0.038317
0.028127
0.031224
0.026118
0.026398
0.026609
0.025607
0.024551
0.025413
0.020824
0.020703
0.020246
0.025927
0.019725
0.023472
0.018051
0.021397
0.022396
0.017793
0.020463
0.012048
0.021948
0.016362
0.010338
0.017116
0.010661
0.009489
0.018254
0.011816
0.008703
0.007837
0.008568
0.007522
0.010951
0.009693
0.008290
0.010643
0.010733
0.013017
0.009633
0.012117
0.016237
0.008568
0.007758
0.008355
0.005794
0.007653
0.005530
0.006898
0.003828
0.007353
0.005787
0.005508
0.003099
0.003830
0.003870
0.010729
0.013867
0.008760
0.006583
0.019500
0.008119
0.009918
0.004048
0.006523
0.005470
0.009967
0.002413
0.008806
0.007508
0.001996
0.008412
0.018210
0.008428
0.007931
0.004706
0.002209
0.006468
0.007458
0.005258
0.007074
0.014814
0.002563
0.015106
0.011253
0.003582
0.009066
0.004248
0.001496
0.000845
0.006025
0.008034
0.005940
0.002107
0.018586
0.001514
0.006605
0.006926
0.001933
0.002756
0.003797
0.004356
0.002358
0.002947
0.003083
0.001164
0.001832
0.001056
0.001341
0.000972
0.005040
0.006291
0.004165
0.004272
0.011042
0.004190
0.014942
0.014231
0.025754
0.023840
0.040332
0.027125
0.028929
0.018559
0.022606
0.016703
