0.192749
0.147386
0.081088
0.072530
0.071670
0.071670
0.071670
0.071670
0.071670
0.071670
0.071670
0.071670
0.071670
0.071670
0.071670
0.071670
0.071670
0.071670
0.071670
0.071670
0.071670
0.071670
0.071670
0.071670
0.071670
0.071670
0.071670
0.071670
0.071670
0.071670
0.071670
0.071670
0.071670
0.071670
0.071670
0.071670
0.071670
0.070996
0.070433
0.070496
0.069263
0.068098
0.067917
0.068147
0.065603
0.068837
0.066928
0.068399
0.071203
0.071203
0.070874
0.070042
0.069471
0.069356
0.069018
0.069218
0.069579
0.068143
0.066608
0.069204
0.067970
0.080615
0.067859
0.068547
0.067766
0.069238
0.068789
0.067249
0.067484
0.066141
0.066376
0.065179
0.065464
0.064980
0.065070
0.063032
0.064042
0.066292
0.060503
0.062894
0.062392
0.061427
0.058222
0.060692
0.062940
0.057881
0.057086
0.056904
0.055530
0.056811
0.054313
0.056956
0.054531
0.055352
0.055063
0.054848
0.055016
0.053246
0.053225
0.051329
0.054643
0.051134
0.049457
0.052546
0.051898
0.050211
0.046095
0.048016
0.049557
0.048179
0.047613
0.051648
0.050086
0.049433
0.049774
0.053018
0.051791
0.053448
0.053623
0.055005
0.056080
0.053676
0.055442
0.051121
0.052035
0.052977
0.054374
0.053702
0.052441
0.050237
0.051844
0.050544
0.048338
0.050839
0.048317
0.045031
0.037086
0.040747
0.047804
0.047326
0.044475
0.041668
0.045464
0.040935
0.036439
0.039334
0.042786
0.040074
0.034733
0.034157
