0.317208
0.216126
0.111854
0.063026
0.061018
0.057923
0.061085
0.059008
0.058592
0.051048
0.054880
0.051113
0.051612
0.052071
0.050428
0.048339
0.044679
0.044512
0.039777
0.040821
0.038608
0.040982
0.036223
0.038041
0.036415
0.036165
0.035107
0.029746
0.039146
0.033442
0.034714
0.031394
0.037017
0.032506
0.032571
0.033105
0.034462
0.030550
0.032352
0.027613
0.030345
0.033423
0.028605
0.030714
0.033774
0.025192
0.030655
0.026281
0.027689
0.024828
0.028582
0.024770
0.024227
0.023673
0.025239
0.021579
0.023656
0.023876
0.021930
0.028034
0.020450
0.019264
0.023704
0.020704
0.017239
0.020779
0.017424
0.015798
0.021809
0.018661
0.018336
0.019262
0.018595
0.016676
0.022255
0.016723
0.020043
0.018526
0.022757
0.015594
0.019332
0.021196
0.020335
0.016802
0.023138
0.019092
0.019370
0.018191
0.015973
0.016460
0.017745
0.015705
0.019157
0.016441
0.016065
0.014091
0.013902
0.018072
0.013313
0.017517
0.016094
0.015009
0.016641
0.010466
0.015233
0.016086
0.012902
0.012038
0.014389
0.012474
0.012081
0.012571
0.011380
0.012614
0.012118
0.013558
0.011282
0.011581
0.011656
0.009766
0.012024
0.011403
0.011446
0.011368
0.009985
0.011764
0.009748
0.007806
0.008765
0.006671
0.006939
0.004922
0.007400
0.006498
0.009045
0.009962
0.007170
0.005095
0.004124
0.005344
0.004617
0.004021
0.006818
0.004333
0.005753
0.004721
0.004764
0.005806
0.004502
0.003724
