0.140000
0.250000
0.340000
0.425000
0.460000
0.495000
0.540000
0.530000
0.635000
0.670000
0.720000
0.765000
0.780000
0.805000
0.760000
0.805000
0.850000
0.840000
0.875000
0.905000
0.840000
0.870000
0.890000
0.840000
0.875000
0.905000
0.960000
0.950000
0.960000
0.880000
0.940000
0.960000
0.970000
0.980000
0.980000
0.985000
0.965000
0.990000
0.980000
0.975000
0.975000
0.995000
1.000000
0.990000
1.000000
0.995000
1.000000
1.000000
1.000000
1.000000
1.000000
1.000000
1.000000
1.000000
1.000000
1.000000
1.000000
1.000000
1.000000
0.990000
1.000000
0.960000
0.965000
0.920000
0.925000
0.955000
0.935000
0.925000
0.945000
0.935000
0.960000
0.960000
0.975000
0.960000
0.930000
0.980000
0.990000
1.000000
0.985000
0.990000
0.990000
0.990000
0.995000
1.000000
0.995000
0.995000
0.990000
0.990000
0.995000
1.000000
0.995000
0.995000
1.000000
0.995000
0.995000
0.995000
0.995000
0.955000
0.965000
0.810000
0.860000
0.740000
0.825000
0.860000
0.935000
0.940000
0.975000
0.965000
0.995000
0.980000
0.990000
0.995000
0.995000
0.990000
1.000000
1.000000
1.000000
1.000000
0.995000
1.000000
1.000000
1.000000
0.995000
1.000000
1.000000
1.000000
1.000000
1.000000
1.000000
0.995000
0.975000
0.995000
1.000000
0.995000
1.000000
1.000000
1.000000
1.000000
1.000000
1.000000
1.000000
1.000000
1.000000
1.000000
1.000000
1.000000
1.000000
1.000000
1.000000
1.000000
