0.180000
0.230000
0.305000
0.295000
0.340000
0.375000
0.430000
0.470000
0.475000
0.400000
0.530000
0.480000
0.540000
0.630000
0.565000
0.680000
0.625000
0.640000
0.630000
0.685000
0.680000
0.740000
0.730000
0.740000
0.760000
0.715000
0.770000
0.805000
0.815000
0.780000
0.835000
0.790000
0.845000
0.775000
0.870000
0.815000
0.885000
0.910000
0.905000
0.915000
0.895000
0.920000
0.950000
0.910000
0.925000
0.955000
0.935000
0.970000
0.950000
0.980000
0.945000
0.980000
0.950000
0.975000
0.975000
0.995000
0.995000
0.985000
0.990000
0.985000
0.975000
0.995000
0.995000
1.000000
1.000000
0.985000
1.000000
0.995000
1.000000
1.000000
1.000000
1.000000
1.000000
1.000000
1.000000
1.000000
1.000000
1.000000
1.000000
1.000000
1.000000
1.000000
1.000000
1.000000
1.000000
1.000000
1.000000
1.000000
1.000000
1.000000
1.000000
1.000000
1.000000
1.000000
1.000000
1.000000
1.000000
1.000000
1.000000
1.000000
1.000000
1.000000
1.000000
1.000000
1.000000
1.000000
1.000000
1.000000
1.000000
1.000000
1.000000
1.000000
1.000000
1.000000
1.000000
1.000000
1.000000
1.000000
1.000000
1.000000
1.000000
1.000000
1.000000
1.000000
1.000000
1.000000
1.000000
1.000000
1.000000
1.000000
1.000000
0.995000
0.990000
0.995000
0.980000
0.985000
0.975000
0.995000
0.990000
1.000000
0.985000
0.980000
0.975000
0.935000
0.970000
0.975000
0.970000
0.985000
0.975000
0.880000
