0.085551
0.061938
0.053617
0.049904
0.046567
0.045265
0.042824
0.039808
0.035145
0.034772
0.032140
0.029579
0.026824
0.024390
0.023489
0.020828
0.018623
0.019125
0.017388
0.015864
0.017401
0.016555
0.014125
0.016230
0.011996
0.011356
0.008514
0.008525
0.009776
0.009682
0.011508
0.009406
0.007660
0.005509
0.005248
0.005749
0.005792
0.005974
0.004839
0.004775
0.004065
0.003182
0.003094
0.002517
0.002610
0.002141
0.001828
0.001799
0.001573
0.001380
0.001330
0.001295
0.001321
0.001364
0.001276
0.001093
0.001024
0.001312
0.001330
0.001254
0.002255
0.003574
0.006157
0.008847
0.009783
0.005377
0.009317
0.007246
0.007311
0.006459
0.007618
0.006133
0.005814
0.005402
0.005474
0.003716
0.002515
0.001825
0.003390
0.002914
0.001926
0.002230
0.001493
0.001139
0.001146
0.001253
0.001483
0.001157
0.001012
0.000763
0.000786
0.000630
0.000471
0.000521
0.000881
0.001304
0.001271
0.005834
0.003954
0.024571
0.018708
0.019953
0.020551
0.011718
0.006186
0.006540
0.005228
0.004885
0.002457
0.003190
0.002255
0.002161
0.001695
0.001751
0.000959
0.000774
0.000970
0.000718
0.000751
0.000736
0.000600
0.000496
0.000633
0.000457
0.000331
0.000390
0.000335
0.000341
0.000280
0.000844
0.001848
0.001200
0.000577
0.000525
0.000312
0.000525
0.000483
0.000352
0.000284
0.000226
0.000238
0.000316
0.000142
0.000143
0.000189
0.000161
0.000134
0.000114
0.000141
0.000106
