0.078720
0.065373
0.059451
0.057762
0.054651
0.051678
0.050495
0.047149
0.047669
0.050406
0.044797
0.046030
0.042744
0.039494
0.040148
0.036906
0.034238
0.035690
0.030858
0.029918
0.028903
0.026305
0.026922
0.025123
0.025570
0.028165
0.024723
0.023650
0.020712
0.019837
0.020127
0.018052
0.018389
0.020159
0.016792
0.016784
0.013823
0.011763
0.010712
0.010250
0.010954
0.009536
0.007972
0.007704
0.011028
0.007512
0.007326
0.005734
0.006191
0.004340
0.004650
0.004625
0.004752
0.004374
0.003790
0.002772
0.002148
0.002483
0.002323
0.003789
0.002409
0.002111
0.001985
0.001726
0.001998
0.001802
0.001359
0.001245
0.000921
0.000718
0.000826
0.000733
0.000642
0.000681
0.000517
0.000503
0.000441
0.000450
0.000470
0.000449
0.000434
0.000355
0.000373
0.000353
0.000333
0.000459
0.000453
0.000319
0.000491
0.000333
0.000377
0.000343
0.000237
0.000250
0.000206
0.000220
0.000243
0.000219
0.000172
0.000166
0.000201
0.000148
0.000130
0.000169
0.000191
0.000150
0.000215
0.000159
0.000145
0.000172
0.000126
0.000174
0.000123
0.000115
0.000120
0.000228
0.000193
0.000147
0.000163
0.000123
0.000123
0.000134
0.000102
0.000104
0.000156
0.000105
0.000108
0.000102
0.000091
0.000088
0.000157
0.000669
0.000607
0.000764
0.001801
0.002633
0.002586
0.001707
0.002060
0.001843
0.003215
0.002832
0.002997
0.005024
0.003723
0.002772
0.003562
0.002872
0.003129
0.012863
