0.121459
0.085606
0.071941
0.072496
0.072778
0.063926
0.057651
0.062905
0.063231
0.059285
0.049918
0.051009
0.048236
0.046704
0.049156
0.043845
0.040400
0.042320
0.039516
0.041674
0.039156
0.041443
0.036668
0.037561
0.039385
0.036035
0.034786
0.033895
0.033962
0.035367
0.035692
0.031594
0.033057
0.032616
0.028887
0.028361
0.028037
0.029675
0.029229
0.027780
0.029559
0.027062
0.025339
0.024911
0.021955
0.024918
0.019598
0.021917
0.020252
0.020695
0.018820
0.018681
0.017894
0.016724
0.017887
0.016490
0.018013
0.017334
0.016046
0.015272
0.016272
0.016188
0.016294
0.017598
0.014265
0.013200
0.014058
0.013257
0.014158
0.012328
0.011116
0.010962
0.010882
0.009956
0.010756
0.010650
0.010269
0.008955
0.008958
0.008875
0.010386
0.009136
0.008531
0.008407
0.006879
0.007336
0.007434
0.007858
0.007264
0.006931
0.007062
0.005973
0.006348
0.006435
0.005771
0.006296
0.005723
0.006282
0.007284
0.005979
0.005605
0.005330
0.004989
0.005146
0.005076
0.005184
0.005745
0.005037
0.005104
0.005530
0.005245
0.004724
0.005046
0.004489
0.005056
0.004577
0.004490
0.004261
0.004534
0.004178
0.003956
0.004247
0.003990
0.003926
0.004051
0.004090
0.004066
0.003576
0.003373
0.003377
0.003868
0.003612
0.003509
0.003396
0.003672
0.003725
0.003678
0.003572
0.003387
0.003300
0.003455
0.003495
0.003447
0.003311
0.003413
0.002954
0.002968
0.003161
0.003246
0.003266
