0.104685
0.088213
0.070582
0.067674
0.058832
0.055398
0.050720
0.052412
0.045296
0.047300
0.046540
0.045978
0.044915
0.042951
0.042711
0.042397
0.033767
0.032083
0.032658
0.030914
0.031440
0.029482
0.029488
0.031096
0.028511
0.029238
0.031643
0.029479
0.028163
0.027427
0.027426
0.024256
0.024354
0.023247
0.025389
0.024477
0.024616
0.022825
0.023867
0.023340
0.022455
0.023578
0.022938
0.022755
0.022755
0.022008
0.020373
0.019771
0.019511
0.021583
0.021798
0.021245
0.020656
0.021501
0.018138
0.019297
0.016335
0.018873
0.019758
0.018778
0.018085
0.018971
0.017754
0.015656
0.016514
0.017707
0.018874
0.016110
0.016131
0.015733
0.016230
0.014503
0.012474
0.012630
0.014562
0.013594
0.014599
0.013843
0.013403
0.014402
0.014247
0.013720
0.011049
0.013285
0.011319
0.011316
0.010882
0.011066
0.010235
0.010355
0.009267
0.011242
0.011196
0.010687
0.010778
0.010856
0.009597
0.009115
0.009567
0.009771
0.010520
0.009920
0.010474
0.010623
0.010056
0.008902
0.009518
0.008438
0.008835
0.009813
0.007748
0.009613
0.007760
0.009193
0.008267
0.008006
0.008353
0.007133
0.007670
0.008729
0.009802
0.008729
0.008436
0.008667
0.008508
0.008722
0.008084
0.009056
0.008537
0.008836
0.007843
0.008310
0.007653
0.007688
0.007491
0.009018
0.008239
0.009093
0.008329
0.009531
0.008115
0.006816
0.008307
0.008371
0.007994
0.007820
0.008259
0.009242
0.008839
0.007557
