0.077004
0.071050
0.069855
0.070259
0.070082
0.070031
0.069322
0.068857
0.066933
0.067900
0.066068
0.069251
0.068044
0.067209
0.066444
0.064735
0.066035
0.064900
0.065837
0.065790
0.064830
0.066397
0.066102
0.063340
0.065796
0.062852
0.061614
0.062745
0.056861
0.059053
0.055803
0.060386
0.057152
0.055872
0.056321
0.057081
0.057490
0.056664
0.055283
0.057175
0.055144
0.052055
0.055460
0.052976
0.052304
0.049654
0.046838
0.050782
0.049183
0.050627
0.050245
0.052099
0.047484
0.047267
0.048275
0.048052
0.046684
0.045135
0.045719
0.047047
0.044800
0.044847
0.048185
0.043785
0.040683
0.045711
0.041275
0.042555
0.037525
0.038106
0.039745
0.037267
0.039851
0.034771
0.030597
0.034111
0.030121
0.028059
0.022533
0.023094
0.019284
0.020372
0.018406
0.017253
0.016257
0.019962
0.019948
0.018914
0.015777
0.015898
0.012874
0.015480
0.016133
0.012414
0.010514
0.011167
0.008369
0.007610
0.007572
0.006248
0.006255
0.006591
0.006586
0.003591
0.005880
0.004964
0.003481
0.004833
0.003698
0.004151
0.002974
0.003331
0.004928
0.002688
0.002554
0.002862
0.002520
0.002929
0.002299
0.002353
0.002035
0.001869
0.001801
0.001647
0.001666
0.001525
0.001484
0.001826
0.001593
0.001561
0.001445
0.001479
0.001353
0.001288
0.001359
0.001204
0.001311
0.001327
0.001186
0.001108
0.001130
0.001152
0.000961
0.001251
0.000945
0.001007
0.001061
0.001159
0.001190
0.000943
