0.078038
0.070690
0.069337
0.069500
0.065641
0.063505
0.063880
0.061151
0.060854
0.063360
0.059972
0.057928
0.058800
0.057354
0.057714
0.058685
0.057848
0.057695
0.056321
0.055933
0.052932
0.052980
0.049483
0.054413
0.052126
0.052526
0.049769
0.050218
0.046895
0.048917
0.048460
0.049740
0.046366
0.045782
0.046810
0.049590
0.046728
0.046564
0.044477
0.045419
0.042815
0.043177
0.038990
0.041108
0.039782
0.039626
0.040255
0.039239
0.037414
0.036338
0.037380
0.039144
0.037820
0.036878
0.034739
0.037542
0.035793
0.032044
0.035650
0.030965
0.031346
0.031883
0.030276
0.030669
0.030487
0.026704
0.027251
0.026513
0.026728
0.025057
0.022829
0.020500
0.022625
0.019668
0.020218
0.018482
0.020539
0.019898
0.018734
0.018070
0.018614
0.017176
0.016146
0.014579
0.012962
0.013710
0.012248
0.008199
0.014798
0.009090
0.008406
0.007654
0.007587
0.007041
0.005446
0.005583
0.005233
0.005810
0.004179
0.004647
0.003638
0.004832
0.004823
0.003494
0.004925
0.004033
0.003832
0.002790
0.004424
0.003296
0.003163
0.002941
0.002425
0.002660
0.002925
0.002527
0.003371
0.003249
0.003313
0.002693
0.002457
0.002718
0.003287
0.002115
0.003375
0.003060
0.002436
0.003399
0.002208
0.002144
0.003126
0.002984
0.002935
0.002070
0.002960
0.002092
0.001780
0.001552
0.001645
0.001773
0.001585
0.001853
0.001722
0.001825
0.001273
0.001011
0.001782
0.000904
0.000906
0.001104
