0.139152
0.074521
0.072447
0.067514
0.067991
0.066818
0.066695
0.066429
0.062672
0.062402
0.061003
0.061353
0.060525
0.058070
0.057038
0.055095
0.054397
0.054571
0.054597
0.051581
0.053956
0.051286
0.051992
0.055906
0.049162
0.047409
0.044410
0.045982
0.046267
0.043841
0.043226
0.042559
0.041544
0.039017
0.044095
0.037027
0.039066
0.035137
0.037715
0.030189
0.035112
0.033692
0.030871
0.030029
0.033898
0.027029
0.036290
0.027355
0.029898
0.029198
0.027612
0.024837
0.025890
0.023710
0.022104
0.021984
0.024643
0.021573
0.019473
0.023043
0.020117
0.018880
0.018837
0.015995
0.017500
0.012708
0.013288
0.015075
0.013328
0.013364
0.010238
0.010720
0.010433
0.008804
0.007907
0.006787
0.007839
0.007577
0.006066
0.007375
0.005559
0.005308
0.004805
0.005901
0.004190
0.003497
0.003130
0.003690
0.002656
0.003411
0.002412
0.002639
0.001861
0.002263
0.001999
0.001388
0.001861
0.001157
0.001649
0.001242
0.001552
0.001818
0.001401
0.001261
0.001243
0.001260
0.000835
0.000861
0.000704
0.000752
0.000704
0.000559
0.000663
0.000525
0.000584
0.000434
0.000784
0.000464
0.000763
0.000440
0.000333
0.000279
0.000537
0.000222
0.000302
0.000404
0.000219
0.000207
0.000504
0.000364
0.000297
0.000316
0.000329
0.000235
0.000436
0.000330
0.000116
0.000180
0.000223
0.000231
0.000257
0.000192
0.000176
0.000181
0.000150
0.000164
0.000277
0.000254
0.000138
0.000152
