0.121411
0.078788
0.072086
0.071373
0.069618
0.068191
0.065921
0.066501
0.066434
0.064358
0.065159
0.060832
0.061545
0.060420
0.058921
0.060161
0.057087
0.058333
0.059665
0.058335
0.058717
0.058118
0.057464
0.052777
0.053205
0.053965
0.050066
0.053922
0.050513
0.045262
0.041953
0.040534
0.048061
0.042979
0.044757
0.044346
0.037258
0.040283
0.037494
0.038238
0.033875
0.031826
0.034538
0.032479
0.035682
0.029378
0.031357
0.032250
0.026290
0.026564
0.027479
0.026678
0.026555
0.026253
0.026529
0.021937
0.025599
0.025095
0.024790
0.019370
0.022490
0.020498
0.016510
0.019192
0.018353
0.017087
0.015723
0.014825
0.016596
0.014061
0.014405
0.011554
0.016028
0.014921
0.013474
0.012355
0.013724
0.012292
0.009919
0.011193
0.012753
0.010766
0.009560
0.009836
0.010944
0.010010
0.007143
0.007759
0.005921
0.006657
0.004534
0.007480
0.005070
0.007011
0.004526
0.005098
0.005356
0.003951
0.003210
0.004249
0.004836
0.003029
0.002398
0.002057
0.002191
0.001699
0.002497
0.001339
0.001846
0.003625
0.001465
0.001201
0.001275
0.001896
0.001190
0.000600
0.001214
0.001627
0.000584
0.000319
0.001434
0.000489
0.000984
0.000390
0.000415
0.000420
0.000347
0.000345
0.000381
0.000336
0.000417
0.000245
0.000706
0.000203
0.000287
0.000255
0.000243
0.000306
0.000320
0.000183
0.000246
0.000235
0.000236
0.000128
0.000097
0.000116
0.000120
0.000143
0.000101
0.000102
