0.271062
0.203111
0.147155
0.107710
0.082107
0.077081
0.073332
0.072422
0.072108
0.071950
0.070996
0.071460
0.071880
0.070061
0.070254
0.070406
0.067611
0.066999
0.069496
0.068510
0.068334
0.069001
0.066675
0.065383
0.066790
0.061292
0.065777
0.063180
0.065214
0.062465
0.062129
0.061776
0.063181
0.061412
0.061800
0.060163
0.061993
0.059103
0.059735
0.061083
0.060559
0.056629
0.056303
0.056589
0.057100
0.057233
0.058668
0.055347
0.055701
0.059200
0.056351
0.055859
0.052921
0.055051
0.055780
0.053788
0.054550
0.053817
0.054787
0.054175
0.054123
0.056124
0.054147
0.056682
0.055436
0.052550
0.052736
0.051985
0.051829
0.052646
0.051900
0.050130
0.047583
0.048923
0.045755
0.045233
0.049818
0.048946
0.047942
0.045462
0.046227
0.047663
0.045457
0.044558
0.043747
0.041444
0.043031
0.043636
0.042888
0.039934
0.042802
0.043505
0.043643
0.040692
0.042285
0.038092
0.040223
0.040555
0.039084
0.038048
0.037356
0.035978
0.037267
0.035720
0.032020
0.035742
0.037034
0.035041
0.032212
0.036795
0.031677
0.032099
0.033049
0.030214
0.031207
0.032096
0.028773
0.026950
0.030557
0.030107
0.029636
0.026634
0.029189
0.029723
0.030617
0.027302
0.028257
0.028184
0.026560
0.026745
0.023734
0.021564
0.022728
0.023428
0.023016
0.021724
0.020210
0.021973
0.021058
0.021815
0.021704
0.017639
0.019727
0.021104
0.017916
0.016568
0.016775
0.017479
0.013387
0.015208
