0.113568
0.091010
0.071670
0.071950
0.072108
0.072737
0.072265
0.072116
0.069776
0.071766
0.067691
0.067308
0.069124
0.066243
0.068612
0.068523
0.067685
0.063777
0.064168
0.069033
0.064749
0.064769
0.065018
0.064435
0.069553
0.063448
0.068176
0.063124
0.065287
0.062889
0.067992
0.065909
0.065036
0.062921
0.060948
0.062275
0.061340
0.060112
0.061288
0.060931
0.062912
0.062172
0.064836
0.059878
0.060609
0.063584
0.061264
0.062920
0.061128
0.063469
0.061381
0.058163
0.060261
0.060205
0.059765
0.058114
0.060288
0.056906
0.058635
0.058356
0.058576
0.058113
0.055989
0.056982
0.057567
0.059607
0.059177
0.059119
0.060870
0.059063
0.056869
0.060362
0.054859
0.055845
0.054998
0.055929
0.058130
0.053990
0.056649
0.055065
0.054667
0.053141
0.053945
0.054698
0.053684
0.055092
0.053664
0.054485
0.051446
0.051033
0.049468
0.050948
0.052060
0.052685
0.050607
0.050988
0.048322
0.047117
0.048228
0.052428
0.047375
0.051300
0.049184
0.049154
0.049118
0.046146
0.045042
0.059001
0.051721
0.050046
0.056918
0.059039
0.060589
0.059912
0.058360
0.053101
0.050805
0.049256
0.053918
0.050907
0.049902
0.049553
0.047560
0.049080
0.048573
0.050268
0.046314
0.050714
0.050192
0.050618
0.047304
0.060812
0.051757
0.051936
0.052252
0.051459
0.048808
0.053367
0.050414
0.049188
0.048338
0.049495
0.044448
0.044033
0.046715
0.043354
0.041445
0.043273
0.039703
0.040116
