0.336726
0.199267
0.183684
0.178361
0.150521
0.154558
0.116371
0.092215
0.120313
0.116519
0.088146
0.086427
0.081362
0.081554
0.085910
0.083011
0.074627
0.079766
0.082990
0.074739
0.082608
0.080616
0.067987
0.068350
0.061761
0.066126
0.065552
0.060418
0.065316
0.057827
0.061964
0.058135
0.055811
0.053741
0.053595
0.052694
0.048874
0.052701
0.050238
0.045633
0.051140
0.048459
0.048454
0.048933
0.044595
0.049253
0.045312
0.046470
0.047967
0.048070
0.046766
0.041617
0.040148
0.038712
0.038496
0.046284
0.040465
0.048546
0.044753
0.036383
0.041429
0.030962
0.036178
0.031743
0.031326
0.031110
0.036398
0.026612
0.032608
0.029395
0.029048
0.035572
0.033982
0.029907
0.028527
0.024941
0.029725
0.023465
0.022914
0.022700
0.031525
0.024486
0.019899
0.019193
0.019889
0.018583
0.019314
0.016770
0.020743
0.015490
0.019713
0.015221
0.016204
0.015148
0.015500
0.014834
0.013391
0.009227
0.010518
0.009896
0.008289
0.010192
0.012143
0.005931
0.011996
0.009231
0.009374
0.011081
0.009623
0.006932
0.010678
0.008934
0.008674
0.007519
0.010562
0.007830
0.011314
0.010092
0.008537
0.006898
0.006493
0.006540
0.004546
0.003725
0.003391
0.002455
0.003940
0.004355
0.006393
0.002273
0.003321
0.005245
0.005530
0.002516
0.005601
0.003109
0.004430
0.001334
0.005561
0.002026
0.005754
0.001585
0.003158
0.002770
0.002371
0.001989
0.002330
0.002070
0.000803
0.002499
