0.101749
0.098403
0.083101
0.070072
0.076157
0.072329
0.073798
0.072552
0.070325
0.070127
0.069699
0.064288
0.068360
0.064544
0.062241
0.064984
0.063342
0.064472
0.063907
0.063384
0.063324
0.062325
0.060081
0.059334
0.058860
0.063555
0.056230
0.060680
0.057486
0.058660
0.053506
0.053622
0.055973
0.052377
0.054082
0.050746
0.053375
0.056131
0.052451
0.051783
0.052043
0.051686
0.047669
0.047603
0.044994
0.047947
0.048623
0.046714
0.048917
0.048034
0.049165
0.042296
0.047258
0.043984
0.047924
0.047406
0.047939
0.047016
0.045252
0.041145
0.045171
0.047054
0.046404
0.042649
0.047925
0.050102
0.048210
0.049436
0.044190
0.045268
0.047024
0.041730
0.040620
0.041625
0.037084
0.040621
0.041915
0.041947
0.043238
0.040986
0.047036
0.049655
0.040321
0.038295
0.040723
0.040815
0.037579
0.037844
0.040538
0.039519
0.039117
0.039299
0.037446
0.034649
0.036812
0.032552
0.031588
0.032592
0.032310
0.036178
0.033434
0.034483
0.034724
0.028366
0.029179
0.032037
0.025795
0.026297
0.025141
0.026013
0.025838
0.021948
0.027812
0.027671
0.027112
0.026149
0.025601
0.025115
0.031512
0.028563
0.041129
0.042598
0.030661
0.029918
0.028041
0.026667
0.023947
0.027416
0.027917
0.021584
0.029588
0.031805
0.025723
0.027660
0.025187
0.022761
0.025393
0.023085
0.021680
0.024053
0.022419
0.027901
0.025475
0.022340
0.021216
0.020314
0.019876
0.020507
0.020983
0.022436
