0.197034
0.086657
0.073997
0.071950
0.072124
0.071670
0.071670
0.071670
0.071670
0.071670
0.071203
0.071483
0.070839
0.070371
0.069540
0.068373
0.068560
0.069537
0.069279
0.068406
0.068740
0.068057
0.068093
0.065506
0.066952
0.067044
0.062430
0.060585
0.064344
0.063137
0.061678
0.057933
0.061869
0.055636
0.057373
0.058394
0.053286
0.053468
0.050381
0.053189
0.053116
0.048650
0.045374
0.046458
0.047348
0.044195
0.043250
0.041711
0.039511
0.045423
0.045245
0.042892
0.042656
0.041961
0.041503
0.041012
0.041390
0.038792
0.038956
0.037175
0.037703
0.033887
0.039204
0.032033
0.031887
0.033936
0.032131
0.033220
0.033698
0.029727
0.031368
0.033594
0.032116
0.045318
0.030327
0.041014
0.034576
0.029135
0.032391
0.033638
0.026854
0.025916
0.027101
0.026707
0.025394
0.022214
0.028852
0.030980
0.033183
0.030904
0.034489
0.030845
0.034932
0.047736
0.029709
0.029500
0.035522
0.032367
0.027828
0.024914
0.024943
0.023030
0.020079
0.023670
0.023843
0.023024
0.020662
0.026995
0.016316
0.020990
0.023563
0.019474
0.018676
0.017466
0.020583
0.017498
0.015664
0.018003
0.015152
0.018833
0.014332
0.017532
0.019841
0.012690
0.014711
0.016792
0.012372
0.011459
0.011956
0.010576
0.009148
0.011665
0.011238
0.007241
0.005986
0.006970
0.006754
0.008640
0.005051
0.009952
0.006467
0.006813
0.005954
0.006301
0.005782
0.004928
0.003915
0.009158
0.006076
0.005046
