0.132248
0.085010
0.078646
0.075591
0.072200
0.071971
0.073441
0.070019
0.071330
0.070936
0.071516
0.071650
0.070918
0.071672
0.067998
0.064015
0.065637
0.063008
0.065388
0.063622
0.062142
0.066546
0.063619
0.062139
0.062807
0.058754
0.062437
0.062027
0.060942
0.060634
0.060276
0.058937
0.060516
0.062045
0.061788
0.060539
0.058761
0.058326
0.058955
0.061288
0.061320
0.057396
0.058147
0.059079
0.060939
0.058553
0.058702
0.061089
0.058889
0.059811
0.060167
0.060691
0.059057
0.058780
0.060499
0.057509
0.060459
0.060283
0.057828
0.063754
0.055811
0.060706
0.060938
0.060773
0.058631
0.058746
0.056703
0.056994
0.060046
0.057464
0.056065
0.054317
0.054149
0.056010
0.050231
0.054227
0.052230
0.049328
0.052592
0.053339
0.050296
0.050999
0.049892
0.056463
0.055166
0.055999
0.057200
0.052961
0.054012
0.051097
0.051969
0.051271
0.048836
0.048210
0.049800
0.048540
0.048971
0.054520
0.052637
0.049645
0.053035
0.052138
0.058244
0.050889
0.056650
0.049021
0.053245
0.057585
0.057934
0.056034
0.063895
0.050395
0.054367
0.055603
0.052216
0.058553
0.052918
0.048661
0.050682
0.055264
0.050979
0.052822
0.051697
0.052642
0.057144
0.060725
0.052672
0.050437
0.048744
0.047113
0.049429
0.048634
0.050439
0.047661
0.046095
0.047806
0.046274
0.044754
0.044553
0.052251
0.049060
0.045912
0.040725
0.043708
0.045703
0.042989
0.048471
0.042257
0.038988
0.047128
