0.484943
0.276727
0.292409
0.278930
0.222514
0.217089
0.201031
0.138823
0.110768
0.102580
0.097143
0.095467
0.082822
0.067790
0.078249
0.086771
0.069669
0.060838
0.068014
0.064220
0.063683
0.055423
0.054141
0.051451
0.048370
0.048198
0.046432
0.044868
0.047474
0.049949
0.042767
0.044578
0.040812
0.044808
0.041888
0.034876
0.038478
0.041170
0.038832
0.031410
0.040348
0.035428
0.035606
0.029893
0.028000
0.030223
0.029709
0.024917
0.027189
0.029612
0.025797
0.028914
0.026498
0.017733
0.023119
0.019967
0.021493
0.018376
0.022516
0.015360
0.014393
0.021347
0.013667
0.020192
0.014986
0.014078
0.012765
0.012096
0.009094
0.011955
0.010215
0.010789
0.009439
0.010661
0.009503
0.006011
0.005647
0.004402
0.006773
0.006429
0.005856
0.006094
0.005564
0.005847
0.005447
0.004148
0.003581
0.004331
0.004383
0.004139
0.004818
0.002803
0.004620
0.002373
0.003637
0.002838
0.002559
0.002355
0.002378
0.002882
0.002071
0.002698
0.001589
0.001704
0.002002
0.001668
0.001474
0.002301
0.001119
0.002059
0.002284
0.001352
0.001435
0.001290
0.001741
0.000777
0.001849
0.001279
0.001288
0.001295
0.001409
0.001716
0.000769
0.000725
0.001531
0.000714
0.000967
0.000739
0.001129
0.000782
0.000807
0.000792
0.000683
0.000940
0.000514
0.000567
0.000562
0.000557
0.000736
0.000800
0.000404
0.000361
0.000471
0.000339
0.000365
0.000298
0.000325
0.000366
0.000409
0.000205
