0.169804
0.131119
0.117251
0.110502
0.103188
0.087347
0.074245
0.072507
0.066205
0.069183
0.060400
0.056729
0.057338
0.060199
0.063647
0.050364
0.049481
0.053888
0.053579
0.048140
0.055648
0.042539
0.049045
0.046139
0.042312
0.046234
0.043816
0.037189
0.040921
0.036782
0.038089
0.036290
0.034731
0.038266
0.029922
0.031493
0.024929
0.031145
0.027048
0.027690
0.026078
0.027722
0.023922
0.023600
0.022358
0.022829
0.024689
0.021312
0.019798
0.018134
0.019899
0.017115
0.018727
0.016090
0.019765
0.015991
0.019257
0.014190
0.012416
0.013680
0.015158
0.012341
0.011510
0.010451
0.008855
0.009968
0.008292
0.009524
0.006777
0.007375
0.007588
0.007660
0.007228
0.008297
0.006439
0.009027
0.006160
0.005885
0.007721
0.006279
0.008380
0.005241
0.004838
0.005877
0.006258
0.005087
0.004250
0.006204
0.005197
0.004267
0.003822
0.004289
0.005275
0.004199
0.004547
0.003935
0.003409
0.002826
0.003025
0.002966
0.003052
0.003077
0.002602
0.002717
0.001600
0.003145
0.001853
0.001732
0.001998
0.001825
0.001901
0.002157
0.001739
0.001599
0.002096
0.001567
0.001313
0.001351
0.001344
0.001453
0.001372
0.001127
0.001135
0.001105
0.000989
0.001165
0.000897
0.000887
0.000910
0.001117
0.000869
0.000916
0.000554
0.000887
0.000657
0.000566
0.000691
0.000894
0.000734
0.000604
0.000679
0.000763
0.000522
0.000623
0.000443
0.000501
0.000513
0.000526
0.000297
0.000577
