0.100000
0.160000
0.320000
0.320000
0.380000
0.320000
0.360000
0.520000
0.360000
0.460000
0.520000
0.400000
0.520000
0.660000
0.680000
0.720000
0.620000
0.660000
0.680000
0.720000
0.720000
0.680000
0.700000
0.800000
0.740000
0.760000
0.780000
0.880000
0.780000
0.780000
0.920000
0.840000
0.880000
0.940000
0.940000
0.880000
0.940000
0.960000
0.960000
0.980000
0.960000
0.900000
0.920000
1.000000
0.980000
0.980000
1.000000
1.000000
1.000000
1.000000
1.000000
0.980000
1.000000
0.960000
1.000000
1.000000
1.000000
1.000000
1.000000
1.000000
1.000000
1.000000
1.000000
1.000000
1.000000
1.000000
1.000000
1.000000
1.000000
1.000000
1.000000
1.000000
1.000000
1.000000
1.000000
1.000000
1.000000
1.000000
1.000000
1.000000
1.000000
1.000000
1.000000
1.000000
1.000000
1.000000
1.000000
1.000000
1.000000
1.000000
1.000000
1.000000
1.000000
1.000000
1.000000
1.000000
1.000000
1.000000
1.000000
1.000000
1.000000
1.000000
1.000000
1.000000
1.000000
1.000000
1.000000
1.000000
1.000000
1.000000
1.000000
1.000000
1.000000
1.000000
1.000000
1.000000
1.000000
1.000000
1.000000
1.000000
1.000000
1.000000
1.000000
1.000000
1.000000
1.000000
1.000000
1.000000
1.000000
1.000000
1.000000
1.000000
1.000000
1.000000
1.000000
1.000000
1.000000
1.000000
1.000000
1.000000
1.000000
1.000000
1.000000
1.000000
1.000000
1.000000
1.000000
1.000000
1.000000
1.000000
