0.088520
0.074997
0.067937
0.068381
0.063835
0.064622
0.064197
0.065608
0.066154
0.064891
0.063949
0.066851
0.064255
0.061811
0.059230
0.058737
0.059918
0.059876
0.062015
0.059613
0.058576
0.057227
0.057606
0.055435
0.056381
0.057318
0.056692
0.052873
0.057560
0.055661
0.055505
0.052694
0.055941
0.052658
0.051243
0.052009
0.052202
0.050259
0.051236
0.051317
0.046902
0.046500
0.046036
0.043408
0.048588
0.049089
0.052029
0.049621
0.043470
0.043722
0.040912
0.041588
0.047578
0.044463
0.040873
0.041015
0.043169
0.035981
0.041016
0.038686
0.036070
0.041062
0.042173
0.041818
0.044252
0.037750
0.035566
0.035660
0.038504
0.040843
0.034175
0.035268
0.036614
0.041527
0.037569
0.038376
0.033145
0.034070
0.035945
0.037866
0.035095
0.035455
0.036802
0.035695
0.036767
0.039007
0.034027
0.032135
0.035465
0.034574
0.032653
0.032853
0.030688
0.030459
0.030883
0.034090
0.029613
0.030327
0.030750
0.031585
0.029670
0.028693
0.030622
0.029258
0.030611
0.028838
0.027577
0.025293
0.026840
0.024136
0.027808
0.033238
0.029792
0.030223
0.034647
0.028782
0.032513
0.035241
0.033284
0.034027
0.030736
0.028947
0.026329
0.028655
0.029229
0.026734
0.027224
0.024648
0.025879
0.029683
0.025035
0.025956
0.023091
0.022646
0.021001
0.027988
0.020172
0.023095
0.022263
0.024967
0.021546
0.022820
0.023589
0.021537
0.020174
0.018569
0.015204
0.014272
0.020622
0.013605
