0.193165
0.134252
0.132314
0.108489
0.080398
0.067157
0.066030
0.068364
0.066430
0.065471
0.065315
0.064600
0.063561
0.064216
0.066067
0.063884
0.062797
0.063253
0.066678
0.062674
0.060188
0.062683
0.064277
0.059706
0.058560
0.063079
0.059349
0.060374
0.059001
0.061240
0.056518
0.055852
0.058536
0.055245
0.056941
0.057154
0.055117
0.052903
0.053684
0.057063
0.054130
0.056072
0.051669
0.051792
0.050891
0.048573
0.047756
0.049515
0.046232
0.051600
0.048010
0.043959
0.047475
0.047818
0.045613
0.047852
0.041965
0.047464
0.045688
0.043821
0.039621
0.036636
0.041274
0.039640
0.043634
0.040374
0.037632
0.039868
0.041847
0.040972
0.040798
0.040502
0.038352
0.036822
0.038288
0.035574
0.035265
0.030272
0.028571
0.034278
0.034218
0.030871
0.034776
0.036848
0.028311
0.030217
0.029607
0.025495
0.040003
0.028813
0.028082
0.028294
0.028545
0.037493
0.028484
0.029241
0.031532
0.024650
0.030051
0.024050
0.022988
0.022044
0.022212
0.018956
0.020346
0.025587
0.027979
0.026300
0.041306
0.033896
0.046874
0.019535
0.026107
0.031303
0.031127
0.026095
0.029729
0.031099
0.024336
0.019108
0.025395
0.012929
0.020325
0.020894
0.016484
0.021019
0.033355
0.023880
0.025862
0.019874
0.015953
0.017794
0.022504
0.013270
0.013182
0.006917
0.006610
0.008966
0.010517
0.010015
0.005076
0.008261
0.009871
0.008266
0.007000
0.004337
0.006504
0.006379
0.002723
0.005862
