0.171757
0.095957
0.080221
0.081067
0.068011
0.067851
0.060141
0.059585
0.062617
0.059816
0.056379
0.054709
0.052873
0.054509
0.053534
0.051247
0.049344
0.048107
0.049145
0.049248
0.045588
0.047343
0.048557
0.044706
0.045438
0.044139
0.042318
0.046682
0.048297
0.042967
0.039602
0.042436
0.042341
0.038733
0.041440
0.036827
0.035642
0.037140
0.035115
0.033638
0.032967
0.029950
0.033601
0.028160
0.026336
0.031536
0.029103
0.044062
0.028971
0.035049
0.029393
0.028550
0.026008
0.030868
0.025037
0.019069
0.018364
0.022498
0.020967
0.018806
0.018029
0.015573
0.016975
0.012711
0.014625
0.017655
0.016864
0.020291
0.013869
0.010661
0.016489
0.018929
0.015955
0.030900
0.011971
0.033334
0.024409
0.021894
0.021672
0.010989
0.012386
0.019593
0.010143
0.009047
0.013845
0.011176
0.009864
0.005510
0.010156
0.009481
0.010804
0.010212
0.004297
0.004640
0.008083
0.005830
0.004765
0.011415
0.004201
0.006601
0.007258
0.005414
0.007592
0.004309
0.005776
0.003386
0.008460
0.004106
0.004412
0.008871
0.002905
0.006461
0.002927
0.004027
0.003106
0.003195
0.002013
0.002211
0.004804
0.004618
0.004522
0.010281
0.002244
0.003964
0.005606
0.001506
0.004982
0.001277
0.003879
0.002824
0.003948
0.002017
0.001504
0.001603
0.001616
0.001105
0.001749
0.001198
0.003017
0.001651
0.011927
0.001140
0.001048
0.008841
0.005921
0.004244
0.004082
0.014028
0.001220
0.010287
