0.290494
0.131212
0.124207
0.083279
0.072624
0.068974
0.070879
0.070911
0.070386
0.071419
0.071640
0.069422
0.069786
0.070254
0.070254
0.071203
0.070689
0.070689
0.070379
0.069149
0.070361
0.069750
0.069506
0.069235
0.068438
0.067069
0.066563
0.066185
0.066284
0.066159
0.066167
0.065581
0.066851
0.066831
0.065245
0.065474
0.065463
0.065006
0.065058
0.064736
0.064353
0.064705
0.064125
0.064471
0.064278
0.063513
0.063215
0.064392
0.062289
0.062319
0.062497
0.061017
0.061119
0.058015
0.060984
0.062792
0.061918
0.061772
0.057381
0.058896
0.059451
0.058361
0.055733
0.058735
0.057171
0.056475
0.052701
0.054443
0.056000
0.052761
0.052975
0.052716
0.055232
0.053438
0.053634
0.050357
0.047713
0.053303
0.051094
0.050674
0.050036
0.048662
0.048579
0.050787
0.047369
0.049836
0.048114
0.046831
0.047556
0.049815
0.049158
0.047049
0.049255
0.044096
0.047448
0.046984
0.044204
0.044920
0.046287
0.046248
0.043292
0.042885
0.046621
0.044663
0.046274
0.039697
0.043499
0.045977
0.041641
0.042577
0.040669
0.034851
0.034953
0.039402
0.035400
0.037073
0.037240
0.044524
0.035711
0.035562
0.036602
0.034255
0.031856
0.034164
0.031828
0.037794
0.034838
0.046660
0.035099
0.035304
0.036481
0.033986
0.033654
0.039422
0.042005
0.045998
0.038164
0.037541
0.039367
0.034675
0.036282
0.038056
0.033821
0.034467
0.030504
0.028403
0.033254
0.027331
0.025724
0.029385
