0.444328
0.320634
0.298483
0.184276
0.160080
0.116419
0.083304
0.071231
0.072108
0.071989
0.071050
0.071670
0.071670
0.071670
0.071670
0.071670
0.071670
0.071670
0.071670
0.071670
0.071670
0.071670
0.071670
0.071670
0.071670
0.071670
0.071670
0.071670
0.071670
0.071670
0.071670
0.071670
0.071670
0.071670
0.071670
0.071483
0.070371
0.071203
0.071203
0.070839
0.070651
0.071089
0.070026
0.071360
0.070839
0.071670
0.071203
0.070839
0.070874
0.070874
0.069368
0.072052
0.070490
0.068928
0.069166
0.071031
0.070563
0.070061
0.068996
0.070358
0.068652
0.068621
0.069944
0.070371
0.070406
0.070406
0.068082
0.085465
0.068037
0.068125
0.068412
0.068966
0.069185
0.069085
0.068382
0.069069
0.068577
0.067718
0.068997
0.067659
0.067924
0.069528
0.067118
0.069729
0.065788
0.068923
0.068957
0.063319
0.068819
0.065005
0.066894
0.067938
0.066096
0.067922
0.062569
0.063740
0.061439
0.060582
0.059744
0.060520
0.060746
0.057235
0.059827
0.061419
0.057373
0.056665
0.055597
0.056720
0.056765
0.057097
0.056470
0.058441
0.056905
0.054603
0.056513
0.056821
0.053874
0.054681
0.054933
0.052583
0.056007
0.062554
0.059832
0.057786
0.057619
0.058208
0.056775
0.056310
0.057571
0.056807
0.054936
0.057060
0.054494
0.052357
0.054199
0.052132
0.071166
0.058296
0.059336
0.056492
0.078102
0.057647
0.063213
0.063542
0.064680
0.062453
0.061558
0.061376
0.064107
0.061018
