0.088188
0.074245
0.070330
0.070136
0.066644
0.067208
0.064561
0.063036
0.063071
0.061012
0.059525
0.059714
0.063365
0.055868
0.053628
0.055936
0.052137
0.053289
0.050772
0.050638
0.049286
0.046761
0.045598
0.046119
0.043574
0.041728
0.041321
0.040875
0.037560
0.038645
0.035683
0.034613
0.033362
0.033440
0.031554
0.030610
0.030025
0.028910
0.027702
0.026756
0.026451
0.025581
0.025405
0.026092
0.023000
0.024222
0.024187
0.024913
0.021194
0.020414
0.021288
0.020419
0.018287
0.019415
0.019405
0.019289
0.018684
0.015319
0.016874
0.013826
0.014529
0.014273
0.011410
0.012249
0.012985
0.011928
0.011106
0.012172
0.010473
0.011063
0.010288
0.010079
0.010046
0.010620
0.009514
0.009779
0.009030
0.009715
0.010611
0.008419
0.008028
0.007452
0.008470
0.007811
0.006611
0.006622
0.007032
0.008208
0.006415
0.007407
0.006350
0.007589
0.007563
0.007006
0.007254
0.006125
0.005980
0.006125
0.006424
0.005614
0.005324
0.005268
0.005325
0.005938
0.006098
0.005546
0.005317
0.005438
0.005291
0.005152
0.006013
0.005139
0.005902
0.005221
0.005119
0.004949
0.004761
0.005643
0.004845
0.004798
0.004890
0.005676
0.004754
0.004861
0.004685
0.005640
0.004446
0.005261
0.004634
0.004584
0.004566
0.004558
0.005412
0.005309
0.004552
0.005605
0.004575
0.004739
0.004402
0.004786
0.005694
0.004936
0.004411
0.004418
0.004713
0.004189
0.004721
0.004288
0.004429
0.004301
