0.076113
0.067869
0.062024
0.063525
0.065053
0.059627
0.060336
0.057585
0.057416
0.056342
0.051490
0.052300
0.053145
0.048079
0.048834
0.047889
0.045178
0.045274
0.045224
0.043758
0.043705
0.042032
0.038163
0.041016
0.037987
0.036544
0.032826
0.035939
0.033877
0.031232
0.032733
0.029777
0.029933
0.032118
0.028518
0.025675
0.028064
0.023576
0.022461
0.023331
0.023146
0.017154
0.019227
0.016081
0.017995
0.015832
0.015334
0.010173
0.014030
0.011466
0.011665
0.013405
0.009220
0.013372
0.010492
0.008575
0.007559
0.009642
0.006173
0.011028
0.006412
0.006692
0.004548
0.007828
0.008009
0.005614
0.005978
0.008523
0.007023
0.008358
0.004788
0.008497
0.008238
0.005262
0.011757
0.006933
0.009232
0.015513
0.007479
0.006226
0.004224
0.014462
0.009258
0.003190
0.008325
0.007451
0.003637
0.003336
0.004150
0.004325
0.003674
0.004544
0.003251
0.002870
0.006816
0.004224
0.003491
0.005833
0.002068
0.002272
0.009529
0.002877
0.003903
0.005881
0.001359
0.002902
0.001795
0.004025
0.001662
0.001094
0.001536
0.000958
0.001367
0.000923
0.001000
0.002715
0.001236
0.000750
0.002321
0.001393
0.001070
0.002133
0.000473
0.000757
0.000857
0.000946
0.001139
0.000697
0.000675
0.000931
0.000517
0.001630
0.000659
0.000735
0.000593
0.000526
0.000609
0.000558
0.000348
0.000264
0.000171
0.000279
0.000136
0.000317
0.000775
0.000260
0.000289
0.000344
0.000410
0.000332
