0.110000
0.175000
0.175000
0.175000
0.175000
0.175000
0.175000
0.175000
0.175000
0.175000
0.175000
0.175000
0.175000
0.175000
0.175000
0.175000
0.175000
0.175000
0.175000
0.175000
0.175000
0.175000
0.175000
0.175000
0.175000
0.175000
0.175000
0.180000
0.175000
0.175000
0.175000
0.175000
0.175000
0.175000
0.175000
0.175000
0.175000
0.175000
0.175000
0.175000
0.175000
0.175000
0.175000
0.175000
0.175000
0.175000
0.175000
0.175000
0.175000
0.175000
0.175000
0.175000
0.175000
0.175000
0.175000
0.175000
0.175000
0.175000
0.175000
0.175000
0.175000
0.175000
0.175000
0.175000
0.175000
0.175000
0.175000
0.175000
0.175000
0.175000
0.175000
0.175000
0.175000
0.175000
0.175000
0.175000
0.175000
0.175000
0.175000
0.175000
0.175000
0.175000
0.175000
0.175000
0.175000
0.175000
0.175000
0.175000
0.175000
0.175000
0.175000
0.175000
0.175000
0.175000
0.175000
0.175000
0.175000
0.175000
0.175000
0.175000
0.175000
0.175000
0.175000
0.175000
0.175000
0.175000
0.175000
0.175000
0.175000
0.175000
0.175000
0.175000
0.175000
0.175000
0.175000
0.175000
0.175000
0.175000
0.175000
0.175000
0.175000
0.175000
0.175000
0.175000
0.175000
0.175000
0.175000
0.175000
0.175000
0.175000
0.175000
0.175000
0.175000
0.175000
0.175000
0.175000
0.175000
0.175000
0.175000
0.175000
0.175000
0.175000
0.175000
0.175000
0.175000
0.175000
0.175000
0.175000
0.175000
0.175000
