0.558995
0.322106
0.151944
0.065186
0.051120
0.056591
0.051642
0.049380
0.046369
0.047595
0.046628
0.046012
0.045273
0.047482
0.050250
0.044922
0.043198
0.042947
0.043340
0.041548
0.043016
0.040694
0.035645
0.037055
0.031614
0.030822
0.035032
0.037081
0.032990
0.032082
0.032747
0.034518
0.028663
0.030797
0.031218
0.027137
0.028430
0.028521
0.029676
0.029174
0.030508
0.032959
0.032073
0.029990
0.037544
0.038869
0.031313
0.031589
0.033051
0.033291
0.030764
0.030314
0.034792
0.032554
0.031573
0.031679
0.031088
0.029235
0.029439
0.032648
0.031170
0.039565
0.043717
0.046319
0.037473
0.035888
0.038982
0.036902
0.037205
0.037857
0.035625
0.032771
0.034391
0.034473
0.033540
0.034135
0.031573
0.032982
0.029734
0.032120
0.030882
0.032377
0.034082
0.033676
0.035407
0.033348
0.032523
0.032183
0.029023
0.031800
0.032189
0.030019
0.032061
0.029488
0.030885
0.031122
0.031725
0.033426
0.030262
0.026247
0.032694
0.031290
0.030208
0.031236
0.029930
0.031666
0.030712
0.030613
0.030628
0.029566
0.028432
0.028369
0.027931
0.027513
0.031742
0.028603
0.031489
0.028703
0.029701
0.031314
0.033695
0.031437
0.034668
0.033626
0.034183
0.047232
0.034539
0.036276
0.034602
0.032647
0.034787
0.035416
0.032800
0.030047
0.030892
0.030404
0.032190
0.030589
0.032411
0.036710
0.037575
0.030786
0.032267
0.030536
0.034049
0.038856
0.034897
0.032471
0.031998
0.034054
