0.219720
0.115720
0.074352
0.073265
0.071765
0.069598
0.072143
0.071670
0.069422
0.068817
0.069249
0.069492
0.067652
0.068748
0.069349
0.068321
0.069966
0.067577
0.065448
0.065863
0.066540
0.066905
0.066809
0.066375
0.067307
0.064922
0.066774
0.066950
0.065846
0.064782
0.066614
0.066567
0.065633
0.065310
0.065915
0.066536
0.064349
0.064346
0.063589
0.064016
0.063843
0.062827
0.062432
0.062339
0.063035
0.061608
0.059639
0.062228
0.062666
0.059950
0.060325
0.058626
0.061633
0.060833
0.059051
0.060363
0.062147
0.061913
0.068126
0.061690
0.061800
0.060132
0.060866
0.065595
0.058509
0.060739
0.061290
0.061055
0.061154
0.057580
0.060043
0.059071
0.056838
0.059812
0.055298
0.057656
0.053957
0.056132
0.054404
0.056489
0.057665
0.056708
0.057128
0.055941
0.055630
0.049840
0.052595
0.056055
0.050234
0.053492
0.052020
0.051717
0.046238
0.050832
0.043822
0.045530
0.049127
0.051042
0.041368
0.047003
0.050630
0.039986
0.039446
0.042589
0.039324
0.036925
0.033870
0.031220
0.034690
0.028915
0.028075
0.029128
0.027520
0.025978
0.026282
0.025445
0.029306
0.023673
0.027397
0.027765
0.026029
0.013515
0.014272
0.019076
0.012005
0.015794
0.009276
0.019509
0.009196
0.006525
0.008115
0.005435
0.004812
0.006318
0.003656
0.004154
0.002967
0.003763
0.002352
0.002562
0.001629
0.001173
0.001348
0.001446
0.001144
0.000789
0.000805
0.000786
0.000670
0.000524
