0.097445
0.072146
0.071670
0.071670
0.071670
0.071670
0.071670
0.074684
0.062963
0.064341
0.059542
0.060088
0.062080
0.059390
0.057437
0.059982
0.056367
0.060480
0.059030
0.060891
0.056092
0.057971
0.055218
0.055049
0.058156
0.053181
0.056010
0.052587
0.057291
0.055765
0.059434
0.053429
0.055670
0.050472
0.051011
0.055221
0.054990
0.052903
0.048574
0.054014
0.056443
0.056048
0.051535
0.054722
0.051906
0.055993
0.053391
0.054452
0.052355
0.053610
0.053937
0.051532
0.044745
0.049164
0.050289
0.047913
0.051690
0.044883
0.047763
0.046870
0.053208
0.051131
0.051202
0.046903
0.052873
0.056655
0.058171
0.057157
0.056897
0.056329
0.056182
0.058335
0.055883
0.056198
0.053642
0.047086
0.045427
0.047775
0.047655
0.041519
0.039691
0.039804
0.041201
0.042110
0.050692
0.044096
0.051598
0.050152
0.042957
0.046363
0.047141
0.041792
0.040323
0.041032
0.042221
0.042271
0.036307
0.036312
0.038317
0.037059
0.035606
0.036613
0.039521
0.038957
0.039068
0.036903
0.036863
0.039062
0.038042
0.038589
0.035793
0.034876
0.042601
0.041265
0.040545
0.042367
0.040952
0.036761
0.043372
0.038953
0.040801
0.046246
0.033630
0.036211
0.040924
0.035760
0.036787
0.041868
0.043314
0.036612
0.067959
0.036857
0.038322
0.041156
0.038716
0.032336
0.032399
0.042484
0.039876
0.036172
0.034661
0.040539
0.032654
0.039044
0.041605
0.036707
0.040734
0.033397
0.037883
0.039540
