0.099944
0.077638
0.072675
0.072108
0.072155
0.070771
0.071828
0.071670
0.071670
0.071670
0.071670
0.071670
0.071670
0.069855
0.069958
0.071871
0.070733
0.070582
0.071670
0.071670
0.071670
0.071670
0.070651
0.071093
0.069936
0.069416
0.065656
0.066189
0.067319
0.063443
0.064385
0.064151
0.065329
0.069542
0.068278
0.063140
0.065694
0.064288
0.064177
0.062402
0.066294
0.063507
0.065193
0.066055
0.063806
0.060696
0.063224
0.063947
0.059522
0.062000
0.065931
0.062673
0.059299
0.065140
0.062876
0.059923
0.060958
0.062598
0.059361
0.060141
0.061997
0.062010
0.062529
0.059650
0.059826
0.060306
0.061140
0.062454
0.060663
0.060496
0.058932
0.053326
0.054720
0.053537
0.053210
0.053061
0.052930
0.061291
0.057127
0.056441
0.055286
0.053731
0.054336
0.056507
0.061021
0.062507
0.057209
0.058682
0.055065
0.056826
0.058805
0.056976
0.055083
0.054125
0.049394
0.056625
0.054822
0.054367
0.050065
0.049213
0.055238
0.056252
0.049615
0.054276
0.051056
0.050919
0.055324
0.051181
0.052426
0.051381
0.049732
0.052717
0.050204
0.050364
0.045672
0.049350
0.045624
0.046414
0.051403
0.046215
0.043832
0.044224
0.051518
0.045590
0.044692
0.055812
0.044567
0.042278
0.040300
0.044582
0.041515
0.046274
0.048830
0.042415
0.041692
0.044273
0.043054
0.047632
0.046662
0.047935
0.040272
0.041395
0.045409
0.045699
0.038142
0.036136
0.041563
0.033851
0.034434
0.036627
