0.076698
0.070183
0.068983
0.068562
0.066118
0.063237
0.059965
0.058685
0.056928
0.054939
0.055636
0.053911
0.049939
0.049699
0.045716
0.046190
0.040485
0.042112
0.036056
0.041421
0.040816
0.040364
0.036608
0.036980
0.037159
0.034880
0.033312
0.027571
0.031900
0.029314
0.030348
0.032837
0.023416
0.028060
0.021680
0.024887
0.020845
0.026311
0.018882
0.021187
0.026286
0.022185
0.024834
0.019385
0.025265
0.023036
0.021153
0.020997
0.021900
0.027198
0.019166
0.020635
0.021616
0.019018
0.021293
0.019996
0.019552
0.023421
0.030009
0.024299
0.019307
0.026730
0.017857
0.024865
0.035454
0.024149
0.020241
0.023630
0.020969
0.020505
0.013815
0.025666
0.016617
0.017431
0.014906
0.017762
0.015455
0.018685
0.013074
0.017691
0.017645
0.020413
0.016443
0.015573
0.014910
0.011975
0.017507
0.014255
0.016940
0.011272
0.014501
0.015658
0.015034
0.011664
0.018703
0.015413
0.015131
0.018236
0.019351
0.011614
0.022263
0.021728
0.014582
0.015360
0.014490
0.012306
0.013706
0.020749
0.008934
0.014412
0.013491
0.013485
0.011848
0.014556
0.008905
0.012625
0.013645
0.012939
0.027473
0.015571
0.016952
0.024588
0.012431
0.015767
0.023544
0.024350
0.029874
0.019882
0.024621
0.013333
0.014332
0.026943
0.018583
0.018385
0.012376
0.020745
0.014601
0.017176
0.011857
0.010490
0.010546
0.010104
0.010714
0.006517
0.012941
0.013783
0.016588
0.014974
0.011002
0.009371
