0.149701
0.407186
0.538922
0.622754
0.610778
0.676647
0.682635
0.688623
0.694611
0.688623
0.718563
0.742515
0.766467
0.772455
0.772455
0.736527
0.766467
0.778443
0.838323
0.892216
0.952096
0.940120
0.916168
0.946108
0.922156
0.922156
0.934132
0.946108
0.928144
0.958084
0.952096
0.934132
0.964072
0.964072
0.964072
0.970060
0.970060
0.964072
0.964072
0.970060
0.946108
0.964072
0.964072
0.970060
0.964072
0.970060
0.970060
0.976048
0.970060
0.976048
0.976048
0.958084
0.952096
0.946108
0.952096
0.976048
0.976048
0.970060
0.970060
0.958084
0.952096
0.952096
0.976048
0.976048
0.976048
0.964072
0.976048
0.970060
0.982036
0.970060
0.964072
0.976048
0.976048
0.964072
0.964072
0.970060
0.976048
0.982036
0.982036
0.982036
0.976048
0.982036
0.994012
0.994012
0.988024
0.982036
0.982036
0.988024
0.976048
0.958084
0.946108
0.964072
0.976048
0.952096
0.970060
0.970060
0.970060
0.982036
0.982036
0.988024
0.982036
0.970060
0.988024
0.988024
0.994012
0.988024
0.982036
0.988024
0.982036
0.994012
0.988024
0.988024
0.982036
0.994012
0.988024
0.982036
0.994012
0.988024
0.994012
0.994012
0.994012
0.994012
0.982036
0.988024
0.994012
0.994012
0.994012
0.994012
0.994012
0.994012
0.994012
0.994012
0.988024
0.994012
0.994012
0.994012
0.994012
0.970060
0.964072
0.994012
0.982036
0.964072
0.946108
0.970060
0.946108
0.976048
0.946108
0.946108
0.874251
0.934132
