0.167665
0.209581
0.203593
0.317365
0.347305
0.365269
0.383234
0.455090
0.520958
0.485030
0.550898
0.640719
0.742515
0.730539
0.772455
0.808383
0.868263
0.862275
0.868263
0.850299
0.868263
0.874251
0.928144
0.928144
0.952096
0.922156
0.952096
0.952096
0.952096
0.958084
0.958084
0.952096
0.970060
0.964072
0.970060
0.976048
0.982036
0.970060
0.970060
0.970060
0.976048
0.976048
0.964072
0.970060
0.958084
0.964072
0.946108
0.970060
0.958084
0.958084
0.970060
0.964072
0.970060
0.970060
0.988024
0.988024
0.976048
0.952096
0.946108
0.928144
0.940120
0.964072
0.970060
0.970060
0.982036
0.982036
0.970060
0.976048
0.964072
0.934132
0.922156
0.850299
0.868263
0.910180
0.970060
0.982036
0.982036
0.982036
0.970060
0.982036
0.982036
0.982036
0.988024
0.988024
0.982036
0.982036
0.988024
0.982036
0.988024
0.982036
0.988024
0.982036
0.976048
0.988024
0.988024
0.988024
0.988024
0.988024
0.988024
0.988024
0.988024
0.970060
0.970060
0.970060
0.988024
0.982036
0.982036
0.976048
0.976048
0.982036
0.988024
0.976048
0.982036
0.988024
0.988024
0.982036
0.982036
0.988024
0.988024
0.976048
0.976048
0.982036
0.988024
0.988024
0.988024
0.988024
0.988024
0.988024
0.976048
0.988024
0.988024
0.988024
0.976048
0.982036
0.982036
0.982036
0.988024
0.982036
0.988024
0.988024
0.976048
0.988024
0.976048
0.988024
0.988024
0.988024
0.982036
0.982036
0.982036
0.982036
