0.168675
0.204819
0.246988
0.367470
0.475904
0.469880
0.584337
0.608434
0.650602
0.771084
0.825301
0.759036
0.831325
0.855422
0.879518
0.897590
0.915663
0.903614
0.933735
0.909639
0.927711
0.945783
0.945783
0.951807
0.933735
0.939759
0.945783
0.939759
0.963855
0.951807
0.957831
0.951807
0.951807
0.969880
0.963855
0.951807
0.963855
0.969880
0.969880
0.963855
0.939759
0.957831
0.969880
0.957831
0.969880
0.969880
0.975904
0.975904
0.963855
0.969880
0.963855
0.969880
0.963855
0.969880
0.981928
0.957831
0.951807
0.963855
0.957831
0.951807
0.963855
0.939759
0.921687
0.909639
0.933735
0.951807
0.939759
0.945783
0.957831
0.939759
0.951807
0.903614
0.927711
0.963855
0.945783
0.927711
0.933735
0.915663
0.927711
0.951807
0.957831
0.969880
0.963855
0.963855
0.969880
0.981928
0.963855
0.987952
0.987952
0.987952
0.981928
0.981928
0.981928
0.987952
0.987952
0.987952
0.975904
0.987952
0.981928
0.975904
0.981928
0.987952
0.987952
0.987952
0.975904
0.969880
0.969880
0.975904
0.981928
0.975904
0.975904
0.981928
0.975904
0.987952
0.987952
0.987952
0.981928
0.981928
0.987952
0.981928
0.987952
0.987952
0.987952
0.981928
0.987952
0.981928
0.993976
0.981928
0.969880
0.987952
0.981928
0.981928
0.981928
0.981928
0.975904
0.981928
0.981928
0.981928
0.969880
0.981928
0.981928
0.981928
0.981928
0.987952
0.987952
0.987952
0.981928
0.981928
0.987952
0.987952
