0.059213
0.051714
0.051550
0.046668
0.046803
0.043060
0.042405
0.043276
0.038086
0.038318
0.032580
0.032535
0.030835
0.030272
0.027440
0.026830
0.021346
0.024783
0.019591
0.019813
0.015915
0.014727
0.011624
0.011838
0.006990
0.008155
0.006005
0.008344
0.006804
0.005863
0.004542
0.006889
0.007114
0.005185
0.005245
0.005246
0.008250
0.005860
0.005589
0.006326
0.005068
0.003848
0.004817
0.007734
0.004246
0.003384
0.002995
0.002996
0.002515
0.003303
0.002101
0.002045
0.002013
0.001971
0.001708
0.002047
0.001981
0.001369
0.001855
0.001544
0.001488
0.001901
0.002919
0.003239
0.002399
0.001352
0.001418
0.001903
0.001751
0.001844
0.002486
0.003541
0.009016
0.004251
0.003787
0.003263
0.005805
0.005074
0.005904
0.008951
0.011766
0.009623
0.013825
0.006059
0.004493
0.003024
0.002857
0.003659
0.003296
0.002710
0.002789
0.004125
0.003031
0.002151
0.003777
0.002895
0.003438
0.001907
0.002314
0.001370
0.001451
0.002515
0.001127
0.001612
0.001197
0.001289
0.002910
0.004480
0.001345
0.003796
0.001788
0.002843
0.003176
0.002776
0.003147
0.001513
0.002287
0.002367
0.001839
0.001329
0.001687
0.001303
0.001088
0.001320
0.001168
0.001184
0.001126
0.000940
0.001039
0.000880
0.000943
0.001644
0.001290
0.001153
0.000892
0.000849
0.001645
0.001193
0.001550
0.001687
0.001403
0.001149
0.001242
0.000952
0.000977
0.000986
0.000823
0.000926
0.000993
0.000959
