0.058144
0.053153
0.052920
0.045735
0.051727
0.041073
0.036622
0.035827
0.033787
0.026254
0.021707
0.020469
0.017272
0.013511
0.014079
0.013112
0.012490
0.010574
0.007844
0.009563
0.007620
0.006664
0.008308
0.005899
0.006783
0.007494
0.006821
0.006200
0.005677
0.008384
0.006290
0.004591
0.004940
0.005096
0.004435
0.003907
0.003968
0.003042
0.004633
0.004094
0.003948
0.004104
0.005921
0.003638
0.003595
0.003218
0.003254
0.003441
0.003086
0.004052
0.005294
0.003184
0.004133
0.004944
0.003603
0.004661
0.006281
0.003492
0.008722
0.006276
0.003132
0.005991
0.006484
0.008826
0.005668
0.007465
0.005036
0.006206
0.004443
0.007035
0.005073
0.014445
0.005928
0.003839
0.006750
0.008268
0.005803
0.007502
0.005900
0.004440
0.005266
0.004007
0.003438
0.002902
0.003272
0.001703
0.002767
0.002188
0.001908
0.001907
0.001456
0.001399
0.001755
0.001405
0.001057
0.001028
0.001332
0.001288
0.002295
0.001950
0.001807
0.001328
0.001147
0.001289
0.002169
0.002485
0.002821
0.003818
0.001586
0.002365
0.003048
0.002588
0.001992
0.001576
0.001664
0.001829
0.001713
0.001393
0.001460
0.001224
0.001150
0.001170
0.001130
0.001158
0.001074
0.001242
0.000831
0.001154
0.001561
0.001165
0.001554
0.001330
0.001267
0.001323
0.002789
0.001200
0.001290
0.005389
0.003708
0.001359
0.001358
0.001185
0.001023
0.001273
0.001137
0.000973
0.001128
0.001204
0.000996
0.001056
