0.134630
0.092938
0.097522
0.075211
0.076553
0.076028
0.063712
0.069013
0.061878
0.063500
0.066782
0.067226
0.068186
0.062237
0.064158
0.061084
0.057715
0.059799
0.062369
0.060610
0.057903
0.058604
0.055772
0.059603
0.056439
0.056548
0.054879
0.053366
0.053190
0.053019
0.052939
0.056075
0.059084
0.056399
0.053245
0.053750
0.058375
0.053976
0.053259
0.050963
0.049491
0.050436
0.052512
0.051257
0.053365
0.046615
0.048658
0.050739
0.044517
0.048665
0.048749
0.044049
0.050386
0.051719
0.046532
0.040311
0.043161
0.041934
0.045614
0.048553
0.048447
0.044125
0.051806
0.044565
0.052641
0.048885
0.041708
0.043089
0.043170
0.045228
0.047518
0.043590
0.040451
0.040057
0.045847
0.049317
0.045781
0.043734
0.047005
0.045852
0.044108
0.038867
0.039022
0.047417
0.042840
0.038663
0.035821
0.041962
0.038345
0.038025
0.033412
0.037588
0.041314
0.037241
0.035028
0.039092
0.054613
0.048661
0.044241
0.043046
0.041772
0.037725
0.037646
0.042073
0.037486
0.044150
0.033324
0.031812
0.035125
0.035720
0.044282
0.044658
0.032953
0.029766
0.022658
0.028701
0.034598
0.026484
0.021283
0.027397
0.024346
0.027203
0.023496
0.036558
0.024117
0.032754
0.037203
0.021451
0.036383
0.043637
0.030411
0.042866
0.026058
0.029077
0.029884
0.026477
0.020678
0.029051
0.033182
0.031784
0.026925
0.027489
0.022278
0.028614
0.024691
0.041176
0.035193
0.061884
0.040941
0.040224
