0.111200
0.080431
0.081995
0.077030
0.072685
0.071604
0.070719
0.069577
0.071516
0.068866
0.069326
0.066802
0.065643
0.064962
0.063698
0.061331
0.064189
0.063274
0.063583
0.061459
0.061412
0.057603
0.054040
0.056855
0.055825
0.053284
0.054879
0.054745
0.050329
0.048415
0.048514
0.046559
0.045730
0.044352
0.044519
0.043748
0.045964
0.044368
0.045142
0.042553
0.044664
0.038488
0.042786
0.042906
0.042224
0.037427
0.040325
0.033293
0.031681
0.031881
0.031663
0.026508
0.027829
0.030295
0.023963
0.027951
0.023952
0.025141
0.022803
0.018882
0.023155
0.019943
0.026334
0.019339
0.024950
0.021705
0.028112
0.020662
0.019445
0.024113
0.022201
0.017021
0.015526
0.020167
0.018309
0.015843
0.012522
0.013903
0.013636
0.011523
0.010508
0.011141
0.008198
0.009168
0.008474
0.008230
0.008279
0.008455
0.006604
0.007082
0.007052
0.006561
0.005719
0.004859
0.004260
0.007575
0.002556
0.005973
0.005228
0.003393
0.005127
0.004342
0.002085
0.003290
0.008720
0.003327
0.006529
0.008755
0.015511
0.011550
0.007459
0.009179
0.005282
0.002844
0.004824
0.012193
0.003751
0.002771
0.003630
0.004872
0.005209
0.002511
0.001370
0.001736
0.001125
0.001192
0.002021
0.001284
0.001805
0.001381
0.000574
0.001018
0.001071
0.000840
0.001195
0.001360
0.001030
0.000630
0.000361
0.001028
0.001117
0.000506
0.000581
0.000376
0.000527
0.000339
0.000358
0.000572
0.000510
0.000335
