0.130747
0.080465
0.073893
0.071246
0.070529
0.071203
0.071203
0.070996
0.070445
0.066456
0.068938
0.068276
0.070576
0.068908
0.068025
0.063019
0.063330
0.063500
0.062737
0.063437
0.061140
0.061348
0.060669
0.063810
0.060431
0.058163
0.058937
0.056990
0.054187
0.055599
0.055142
0.053867
0.052687
0.050789
0.050059
0.054347
0.050598
0.053236
0.052929
0.060770
0.061959
0.049243
0.047727
0.045628
0.044344
0.048057
0.048817
0.041910
0.046031
0.043523
0.040616
0.044922
0.039659
0.036624
0.038316
0.039537
0.039675
0.050896
0.064170
0.039067
0.043850
0.049281
0.049597
0.048890
0.046990
0.044581
0.043390
0.042108
0.044395
0.042051
0.038745
0.034487
0.040885
0.039964
0.034020
0.029928
0.042097
0.030032
0.031403
0.028145
0.026858
0.026406
0.031474
0.034808
0.032011
0.028755
0.026250
0.026055
0.022967
0.021416
0.020264
0.025506
0.021417
0.018274
0.018921
0.025272
0.023547
0.017214
0.016290
0.018526
0.018689
0.021144
0.017552
0.015504
0.017986
0.021477
0.018298
0.010654
0.010428
0.013732
0.012943
0.012879
0.012387
0.010816
0.011867
0.019616
0.012399
0.011299
0.010177
0.011185
0.010477
0.011796
0.010554
0.009155
0.013416
0.012074
0.010019
0.009694
0.008136
0.009331
0.008849
0.009302
0.010378
0.024621
0.011227
0.009955
0.010718
0.009386
0.010282
0.008464
0.009519
0.010050
0.008661
0.008987
0.009211
0.008265
0.008317
0.007598
0.007397
0.016050
