0.125364
0.073929
0.071434
0.072553
0.072440
0.071492
0.071828
0.071828
0.068645
0.066320
0.061128
0.064129
0.062009
0.059114
0.059505
0.062757
0.061876
0.060659
0.058933
0.060421
0.059596
0.058204
0.056455
0.056261
0.059111
0.058556
0.061699
0.056935
0.058756
0.060690
0.056586
0.056402
0.056817
0.060314
0.059689
0.057779
0.058173
0.058833
0.056752
0.060814
0.056229
0.056629
0.053376
0.055433
0.058218
0.060327
0.058504
0.056972
0.057860
0.059695
0.056424
0.058874
0.056412
0.054819
0.057170
0.054788
0.058659
0.058551
0.059594
0.056269
0.058320
0.054085
0.054019
0.055556
0.053787
0.055253
0.050853
0.048230
0.053160
0.049413
0.051734
0.049835
0.050174
0.051366
0.049707
0.051547
0.054982
0.051620
0.052594
0.052195
0.056763
0.051761
0.051456
0.057653
0.053908
0.059476
0.054605
0.050563
0.051017
0.051858
0.053887
0.051738
0.050316
0.051994
0.053596
0.052222
0.051579
0.050660
0.052592
0.047936
0.049120
0.050937
0.051353
0.048394
0.049818
0.051546
0.049458
0.049073
0.048527
0.044230
0.053820
0.051485
0.055714
0.051103
0.054516
0.050768
0.053280
0.052480
0.049253
0.050244
0.048638
0.048388
0.052801
0.051636
0.055486
0.049458
0.049254
0.056245
0.053598
0.049900
0.046320
0.046974
0.044964
0.047109
0.043400
0.043389
0.053766
0.053624
0.060635
0.057301
0.057954
0.057131
0.053898
0.051609
0.051840
0.050704
0.048416
0.047295
0.049210
0.048998
