0.145862
0.089039
0.085928
0.068937
0.070767
0.065313
0.057476
0.057744
0.058513
0.054577
0.055631
0.056364
0.056024
0.050234
0.051389
0.052048
0.046619
0.047295
0.051115
0.044809
0.045893
0.046116
0.044208
0.040659
0.040838
0.044085
0.047422
0.044674
0.048451
0.042769
0.043670
0.038969
0.041067
0.045213
0.044332
0.042146
0.041455
0.038929
0.042990
0.038832
0.038617
0.034252
0.033390
0.035232
0.034358
0.037090
0.033985
0.034044
0.039975
0.034125
0.038202
0.037375
0.031752
0.034301
0.033079
0.034628
0.032110
0.033640
0.032083
0.033294
0.036813
0.031590
0.033216
0.034890
0.030863
0.033680
0.036376
0.035284
0.033958
0.032741
0.031392
0.031598
0.032904
0.031984
0.030762
0.026555
0.032925
0.026321
0.031607
0.026574
0.041788
0.045930
0.044585
0.042218
0.038273
0.039113
0.037851
0.032359
0.030992
0.032348
0.029915
0.031383
0.035385
0.031376
0.039259
0.034378
0.034011
0.031816
0.031847
0.032868
0.025051
0.031886
0.031499
0.026981
0.027233
0.029357
0.028141
0.027347
0.034271
0.024884
0.037462
0.034887
0.027953
0.032722
0.030540
0.023631
0.026512
0.021770
0.029556
0.027500
0.028411
0.026558
0.030722
0.025972
0.025217
0.030640
0.023341
0.023308
0.026206
0.023929
0.030810
0.031157
0.026260
0.031146
0.021373
0.023591
0.026895
0.019654
0.028022
0.023047
0.030558
0.018727
0.020155
0.018485
0.020783
0.020514
0.021890
0.018411
0.022606
0.021001
