0.084322
0.071670
0.071828
0.071670
0.071670
0.071670
0.071670
0.070996
0.071652
0.070474
0.069490
0.067892
0.069783
0.063670
0.064980
0.065224
0.062380
0.064934
0.062393
0.059339
0.061650
0.060868
0.056408
0.060067
0.058580
0.056261
0.056532
0.056024
0.051025
0.053745
0.054749
0.052671
0.055766
0.051811
0.051894
0.049512
0.047791
0.052807
0.050449
0.049109
0.046106
0.046960
0.048394
0.043573
0.044020
0.042725
0.041307
0.036275
0.038799
0.039316
0.039673
0.037475
0.036083
0.035751
0.034645
0.031565
0.036821
0.032745
0.034101
0.032426
0.030412
0.032761
0.025715
0.028541
0.029204
0.026227
0.025213
0.025541
0.026809
0.025994
0.024532
0.026594
0.025405
0.020257
0.025727
0.024797
0.021663
0.020572
0.017219
0.017645
0.019328
0.018023
0.013243
0.010735
0.014067
0.014770
0.014692
0.052251
0.026862
0.024940
0.018862
0.014676
0.020693
0.017963
0.015259
0.013017
0.012201
0.008269
0.011900
0.012018
0.007388
0.007850
0.013514
0.006088
0.008198
0.004629
0.016836
0.006758
0.009239
0.005911
0.012052
0.017069
0.005667
0.009768
0.004960
0.007414
0.008636
0.006920
0.005019
0.015299
0.004876
0.005593
0.005812
0.007074
0.003579
0.004164
0.005155
0.002459
0.002237
0.002943
0.002130
0.002119
0.002700
0.002167
0.004202
0.002546
0.002089
0.003246
0.002646
0.002975
0.002215
0.001833
0.002303
0.003395
0.002096
0.002752
0.002110
0.003045
0.002040
0.002866
