0.075896
0.071670
0.071950
0.072108
0.069921
0.069500
0.070573
0.067116
0.069589
0.068502
0.066124
0.065210
0.064977
0.061408
0.062490
0.063934
0.059315
0.060720
0.058119
0.061057
0.059858
0.058669
0.056739
0.054657
0.054984
0.051419
0.052225
0.052423
0.053805
0.049076
0.050064
0.048726
0.048207
0.047995
0.042829
0.042053
0.045659
0.048515
0.043292
0.042141
0.036504
0.035255
0.031988
0.030968
0.028054
0.029344
0.022146
0.022678
0.024280
0.023741
0.022249
0.022091
0.020492
0.018901
0.019688
0.022852
0.017251
0.016361
0.014105
0.016493
0.012060
0.011159
0.013425
0.010237
0.010279
0.009321
0.008455
0.011182
0.012644
0.008739
0.011554
0.010540
0.007403
0.007111
0.007430
0.008369
0.005682
0.007545
0.007020
0.008664
0.006059
0.010759
0.005987
0.006480
0.005844
0.004859
0.008205
0.003686
0.005406
0.004539
0.004133
0.002925
0.003427
0.001931
0.003412
0.004156
0.001809
0.003659
0.003149
0.002300
0.002047
0.001932
0.002699
0.001235
0.001586
0.001496
0.001826
0.001258
0.001125
0.002193
0.001601
0.001209
0.002650
0.001111
0.001787
0.002672
0.001299
0.000903
0.001448
0.000702
0.000560
0.000864
0.000904
0.000650
0.002646
0.000947
0.001004
0.006219
0.000492
0.001017
0.002062
0.005616
0.009309
0.017445
0.002055
0.023002
0.004826
0.051686
0.017859
0.007356
0.012418
0.018009
0.003525
0.003978
0.008356
0.006881
0.005952
0.005035
0.003737
0.001979
