0.557610
0.396404
0.354316
0.234954
0.209033
0.129292
0.082255
0.076186
0.071281
0.069368
0.069771
0.070812
0.069703
0.069622
0.069522
0.070047
0.069283
0.067253
0.067364
0.066389
0.066451
0.066931
0.063535
0.063948
0.066248
0.065783
0.064625
0.063013
0.064860
0.064057
0.063385
0.064096
0.062281
0.064366
0.065874
0.060923
0.063024
0.061259
0.065032
0.062847
0.062963
0.062705
0.060323
0.062978
0.060415
0.062330
0.061032
0.063076
0.059400
0.059933
0.060692
0.057401
0.056587
0.060243
0.057012
0.057771
0.055401
0.058002
0.056142
0.055991
0.053747
0.053025
0.053952
0.057602
0.053920
0.055103
0.054150
0.054908
0.057163
0.057275
0.050711
0.052703
0.052246
0.055501
0.053735
0.054047
0.054623
0.054396
0.054742
0.054732
0.054431
0.050089
0.050811
0.051988
0.051516
0.052573
0.047411
0.049784
0.049917
0.049937
0.052548
0.053497
0.052493
0.049893
0.049812
0.051833
0.051103
0.050620
0.048893
0.050839
0.053195
0.050684
0.047134
0.048474
0.048536
0.049534
0.048595
0.047019
0.050449
0.050832
0.054459
0.049966
0.051202
0.047314
0.046619
0.044251
0.044327
0.045924
0.045107
0.045364
0.045035
0.044738
0.039451
0.041763
0.041044
0.043492
0.040845
0.045157
0.042883
0.046392
0.046128
0.043605
0.045005
0.041314
0.043410
0.041569
0.043410
0.045524
0.040847
0.039723
0.040751
0.041532
0.042230
0.039569
0.040073
0.040448
0.042392
0.042776
0.040709
0.040723
