0.073422
0.070996
0.069436
0.069312
0.069356
0.068233
0.062266
0.060595
0.059654
0.058472
0.056701
0.053026
0.052310
0.051018
0.050549
0.051140
0.048164
0.044595
0.042439
0.039052
0.037243
0.044711
0.038793
0.035079
0.037295
0.035003
0.033834
0.033647
0.030902
0.030595
0.037327
0.027757
0.021272
0.018702
0.015752
0.015364
0.016188
0.016976
0.014177
0.016637
0.011239
0.015520
0.011164
0.008384
0.009888
0.010282
0.009109
0.009232
0.007744
0.007902
0.006041
0.007769
0.005585
0.007843
0.004558
0.008715
0.010212
0.011336
0.005950
0.005534
0.005667
0.008585
0.012827
0.008266
0.031590
0.007930
0.024541
0.008976
0.007102
0.007404
0.006442
0.006325
0.004923
0.010124
0.003191
0.002478
0.005063
0.003671
0.005430
0.003825
0.009110
0.003132
0.002482
0.005359
0.002793
0.008804
0.002317
0.001538
0.001637
0.003558
0.002054
0.006030
0.002488
0.004996
0.004520
0.003279
0.004336
0.005685
0.004279
0.003297
0.002633
0.001740
0.010772
0.002876
0.003318
0.010087
0.005242
0.002126
0.003048
0.003011
0.001686
0.002324
0.003018
0.003352
0.006201
0.001052
0.002020
0.000726
0.001098
0.005482
0.001465
0.000648
0.002877
0.000768
0.000690
0.000806
0.002162
0.001841
0.000603
0.001710
0.001700
0.001312
0.000739
0.000920
0.002913
0.002835
0.000468
0.000566
0.003280
0.001229
0.002221
0.000482
0.001724
0.001994
0.001064
0.000619
0.000767
0.000417
0.000440
0.002692
