0.200000
0.205000
0.170000
0.245000
0.195000
0.250000
0.285000
0.300000
0.295000
0.295000
0.305000
0.310000
0.285000
0.300000
0.310000
0.285000
0.165000
0.165000
0.165000
0.165000
0.165000
0.165000
0.165000
0.165000
0.165000
0.165000
0.165000
0.165000
0.165000
0.165000
0.165000
0.165000
0.165000
0.165000
0.165000
0.165000
0.165000
0.165000
0.165000
0.165000
0.165000
0.165000
0.165000
0.165000
0.165000
0.165000
0.190000
0.265000
0.260000
0.275000
0.305000
0.305000
0.305000
0.310000
0.310000
0.305000
0.300000
0.305000
0.290000
0.295000
0.310000
0.300000
0.315000
0.320000
0.315000
0.325000
0.315000
0.325000
0.330000
0.330000
0.325000
0.325000
0.330000
0.330000
0.330000
0.330000
0.330000
0.330000
0.330000
0.330000
0.330000
0.330000
0.330000
0.330000
0.330000
0.330000
0.330000
0.330000
0.330000
0.295000
0.315000
0.330000
0.330000
0.330000
0.330000
0.330000
0.330000
0.330000
0.330000
0.330000
0.330000
0.330000
0.330000
0.330000
0.330000
0.330000
0.330000
0.330000
0.330000
0.330000
0.330000
0.330000
0.315000
0.315000
0.330000
0.350000
0.340000
0.355000
0.340000
0.365000
0.375000
0.380000
0.350000
0.425000
0.385000
0.350000
0.425000
0.345000
0.180000
0.165000
0.165000
0.165000
0.165000
0.165000
0.165000
0.165000
0.165000
0.165000
0.165000
0.165000
0.165000
0.165000
0.165000
0.165000
0.165000
0.165000
0.165000
0.165000
0.205000
0.220000
