0.187219
0.063660
0.062712
0.062712
0.062712
0.062712
0.062712
0.062712
0.062712
0.062712
0.062712
0.062712
0.062712
0.062712
0.062712
0.062712
0.062712
0.062712
0.062596
0.062871
0.061620
0.061152
0.060934
0.060734
0.060382
0.061305
0.060297
0.058718
0.060371
0.061310
0.058506
0.058436
0.059328
0.059242
0.058304
0.056721
0.057883
0.058089
0.057547
0.056882
0.056267
0.057558
0.056274
0.056226
0.057216
0.054528
0.055926
0.058113
0.055823
0.054671
0.056316
0.054808
0.054745
0.055436
0.057168
0.055369
0.054373
0.059686
0.062712
0.062712
0.062712
0.062712
0.062712
0.062712
0.062712
0.062712
0.062712
0.062712
0.062712
0.062712
0.062712
0.062712
0.062712
0.062712
0.062712
0.062712
0.062712
0.062712
0.062712
0.062712
0.062712
0.062712
0.062712
0.062712
0.062601
0.062752
0.062712
0.062032
0.061627
0.062133
0.061768
0.061382
0.062712
0.062712
0.062712
0.062712
0.062712
0.062712
0.062712
0.062712
0.062712
0.062712
0.062712
0.062712
0.062712
0.062712
0.062712
0.062712
0.062712
0.062712
0.062712
0.062712
0.062712
0.062712
0.062712
0.062712
0.062712
0.062712
0.062712
0.062712
0.062712
0.062712
0.062712
0.062712
0.062712
0.062712
0.062712
0.062712
0.062712
0.062712
0.062712
0.062712
0.062712
0.062712
0.062712
0.062712
0.062712
0.062712
0.062712
0.062712
0.062712
0.062712
0.062712
0.062712
0.062712
0.062712
0.062712
0.062712
0.062712
0.062712
