0.161461
0.062751
0.062712
0.062712
0.062712
0.062712
0.062712
0.062712
0.062712
0.062712
0.062712
0.062712
0.062712
0.062712
0.062712
0.062712
0.062712
0.062712
0.062712
0.062712
0.062712
0.062712
0.062712
0.062712
0.062712
0.062712
0.062712
0.062712
0.062712
0.062712
0.062712
0.062712
0.062712
0.062712
0.062712
0.062712
0.062712
0.062712
0.062712
0.062712
0.062712
0.062712
0.062712
0.062712
0.062712
0.062712
0.062712
0.062712
0.062712
0.062712
0.062712
0.062712
0.062712
0.062712
0.062712
0.062634
0.061915
0.062592
0.062474
0.062311
0.062067
0.062389
0.062595
0.061688
0.061515
0.061645
0.061962
0.061333
0.061523
0.060413
0.061919
0.061500
0.061782
0.060469
0.058796
0.059108
0.057822
0.058574
0.058828
0.058789
0.058200
0.058085
0.057692
0.057805
0.055555
0.057467
0.059400
0.056519
0.057033
0.057401
0.057309
0.058264
0.056075
0.056821
0.054824
0.054497
0.055806
0.055069
0.055533
0.055271
0.055207
0.055112
0.055098
0.055404
0.055244
0.055789
0.061737
0.062712
0.062712
0.062712
0.062712
0.062712
0.062712
0.062712
0.062712
0.062712
0.062712
0.062712
0.062712
0.062595
0.062595
0.062595
0.062595
0.062595
0.062045
0.058632
0.058914
0.057686
0.057983
0.056658
0.054846
0.055448
0.056722
0.056271
0.054939
0.055607
0.054817
0.053926
0.054991
0.054128
0.053742
0.053699
0.053040
0.054511
0.054616
0.052897
0.052099
0.053826
0.053877
0.052346
