0.078964
0.071675
0.071670
0.071670
0.071670
0.071670
0.071670
0.071670
0.071670
0.074873
0.069859
0.070605
0.070665
0.069514
0.070900
0.069340
0.070205
0.067626
0.070245
0.068543
0.066838
0.068253
0.068097
0.065409
0.064787
0.065390
0.064699
0.062618
0.063684
0.061915
0.065337
0.062030
0.059192
0.061067
0.055409
0.068566
0.057842
0.056039
0.056740
0.055646
0.053966
0.055804
0.055157
0.051445
0.053601
0.051742
0.052658
0.051010
0.047553
0.052157
0.052223
0.046607
0.046629
0.045895
0.047401
0.046020
0.044937
0.040950
0.040075
0.044168
0.043759
0.043416
0.044915
0.049138
0.044027
0.042222
0.048528
0.039087
0.044667
0.041544
0.041446
0.038610
0.037726
0.035177
0.032605
0.034377
0.033438
0.028556
0.027107
0.028651
0.024062
0.021518
0.022926
0.020985
0.031896
0.022876
0.021456
0.021772
0.022509
0.022384
0.020186
0.017894
0.022062
0.020132
0.011365
0.018299
0.012366
0.011082
0.011821
0.009733
0.009734
0.007646
0.007351
0.007976
0.007778
0.008633
0.008310
0.006187
0.005862
0.007082
0.006704
0.003775
0.004705
0.005977
0.003688
0.003883
0.003479
0.003022
0.003733
0.003842
0.002071
0.003544
0.003232
0.010412
0.002753
0.001912
0.003061
0.003607
0.002751
0.002378
0.003532
0.003526
0.009043
0.003408
0.013289
0.004115
0.004893
0.005097
0.005603
0.004899
0.005813
0.003813
0.002109
0.002271
0.003492
0.002432
0.003388
0.002055
0.001925
0.004348
