0.289087
0.155414
0.134620
0.130965
0.117262
0.115182
0.084928
0.087584
0.089429
0.094900
0.081097
0.080021
0.084252
0.073478
0.075154
0.075340
0.076433
0.065497
0.069388
0.075329
0.063456
0.071912
0.067717
0.058707
0.058976
0.066442
0.058923
0.061652
0.056734
0.069369
0.055990
0.055952
0.058615
0.052075
0.052372
0.052434
0.053354
0.055783
0.052187
0.046746
0.046410
0.041347
0.044246
0.042357
0.041221
0.042694
0.042013
0.043893
0.042057
0.042920
0.038116
0.040701
0.035422
0.038198
0.031974
0.033947
0.038513
0.033583
0.031932
0.032406
0.033972
0.030663
0.035244
0.030044
0.033460
0.031253
0.027286
0.030222
0.024106
0.024838
0.026958
0.022410
0.020583
0.019415
0.018981
0.018825
0.018235
0.016304
0.016459
0.018225
0.018442
0.014569
0.014255
0.014001
0.016563
0.015867
0.013091
0.010237
0.012294
0.011675
0.013945
0.008353
0.012029
0.007922
0.011496
0.009516
0.007361
0.009204
0.005766
0.004037
0.005902
0.005161
0.003975
0.006061
0.003710
0.004710
0.004777
0.003001
0.003093
0.002693
0.003655
0.003327
0.003191
0.002488
0.004876
0.002236
0.006193
0.002628
0.002742
0.003116
0.004218
0.003856
0.002318
0.005212
0.006295
0.003025
0.004391
0.002181
0.002035
0.003391
0.005833
0.002220
0.001549
0.006343
0.002371
0.005200
0.001447
0.002839
0.001770
0.003838
0.000549
0.001350
0.001313
0.002781
0.003239
0.003112
0.001296
0.008000
0.002410
0.004811
