0.156732
0.089263
0.083963
0.079932
0.077352
0.075772
0.072595
0.067982
0.072005
0.070381
0.066829
0.068061
0.068383
0.068637
0.068768
0.065534
0.068490
0.065612
0.065138
0.064024
0.063865
0.062528
0.065341
0.064434
0.064278
0.064306
0.064934
0.067200
0.064236
0.064621
0.062849
0.066170
0.062561
0.059656
0.060165
0.060797
0.059801
0.066927
0.059931
0.060971
0.056274
0.062832
0.056305
0.059498
0.055582
0.053577
0.054741
0.054752
0.056070
0.054211
0.056787
0.055509
0.056324
0.048305
0.051786
0.045341
0.050424
0.045807
0.044683
0.046001
0.042801
0.046794
0.043441
0.042687
0.040583
0.043257
0.042098
0.041668
0.039376
0.039250
0.040361
0.035584
0.035546
0.038213
0.030805
0.034209
0.036447
0.029027
0.032153
0.032414
0.031661
0.028599
0.030692
0.031412
0.029998
0.025431
0.027301
0.027001
0.027633
0.026114
0.023757
0.027456
0.023742
0.027290
0.020884
0.025557
0.023954
0.022806
0.022195
0.022946
0.023478
0.023478
0.020437
0.019199
0.019350
0.019496
0.019548
0.023620
0.017995
0.019731
0.019064
0.017622
0.017838
0.016586
0.017284
0.018335
0.015462
0.015766
0.014437
0.014282
0.015993
0.015868
0.014408
0.012511
0.012916
0.010302
0.008049
0.010341
0.008656
0.011800
0.010303
0.010443
0.008282
0.012279
0.007630
0.010068
0.011693
0.007297
0.012258
0.008043
0.010821
0.011911
0.014420
0.010398
0.030452
0.011140
0.014518
0.007511
0.012372
0.005797
