0.112265
0.082112
0.075102
0.072342
0.070768
0.072234
0.072242
0.072051
0.071469
0.070893
0.069090
0.069869
0.069377
0.068222
0.067326
0.066877
0.068069
0.061618
0.060359
0.063448
0.060507
0.063441
0.061319
0.057944
0.060427
0.057546
0.057171
0.054924
0.054687
0.057177
0.057556
0.055801
0.056457
0.056794
0.054274
0.055400
0.058564
0.056956
0.056279
0.053817
0.056344
0.054123
0.055969
0.053915
0.053749
0.052748
0.056400
0.054786
0.051333
0.057626
0.052737
0.052111
0.052417
0.052825
0.054582
0.047303
0.052601
0.050107
0.051413
0.055042
0.051675
0.051644
0.050560
0.048853
0.048551
0.045907
0.049012
0.047543
0.047080
0.052246
0.048825
0.047004
0.050398
0.051657
0.046889
0.047051
0.045435
0.046210
0.051095
0.042394
0.046587
0.039570
0.044760
0.046920
0.043135
0.045442
0.040561
0.042328
0.042127
0.038964
0.043651
0.042546
0.042535
0.042798
0.040179
0.036213
0.042732
0.041663
0.041736
0.036573
0.037504
0.044569
0.039748
0.039126
0.036803
0.034931
0.032453
0.045673
0.038064
0.034102
0.038921
0.032577
0.033103
0.035743
0.032982
0.031989
0.027512
0.029295
0.030525
0.035547
0.028299
0.030655
0.032199
0.034292
0.038289
0.029383
0.027340
0.027335
0.026899
0.033550
0.028261
0.024318
0.025645
0.035776
0.029845
0.035963
0.026418
0.034702
0.028918
0.030958
0.025379
0.032896
0.026313
0.025157
0.026698
0.023813
0.019110
0.021684
0.018745
0.020757
