0.232880
0.145893
0.139029
0.133432
0.104112
0.088904
0.086989
0.088769
0.068429
0.075132
0.067586
0.064139
0.054978
0.057520
0.054088
0.050268
0.049413
0.054978
0.048585
0.043786
0.045906
0.043863
0.037802
0.036208
0.033200
0.031695
0.037382
0.036076
0.025480
0.031244
0.029433
0.028450
0.021411
0.024513
0.022840
0.020150
0.025163
0.022716
0.024459
0.017176
0.017052
0.016937
0.017270
0.017128
0.015335
0.018242
0.015821
0.013549
0.014947
0.011485
0.011880
0.007023
0.011499
0.007166
0.008195
0.007904
0.007599
0.005664
0.005773
0.007539
0.003522
0.006548
0.004783
0.007240
0.004473
0.002933
0.005523
0.003919
0.003846
0.003573
0.002597
0.002315
0.002729
0.001765
0.002114
0.002458
0.001536
0.001826
0.001671
0.002151
0.001796
0.002732
0.005335
0.001945
0.004060
0.001887
0.001457
0.003644
0.000698
0.002078
0.001549
0.000848
0.000933
0.001048
0.000865
0.001606
0.000448
0.000738
0.001780
0.000749
0.000368
0.000494
0.000447
0.000544
0.000429
0.000665
0.000495
0.000409
0.000629
0.000627
0.000170
0.000628
0.000466
0.000340
0.000859
0.000185
0.000494
0.002530
0.000451
0.000366
0.000379
0.000451
0.001425
0.000259
0.000330
0.000451
0.000532
0.000910
0.000405
0.000352
0.000460
0.001524
0.002336
0.000244
0.005859
0.005329
0.000495
0.002991
0.004422
0.000722
0.001069
0.000901
0.001845
0.000566
0.000986
0.001891
0.001819
0.003159
0.002120
0.009347
