0.143153
0.074300
0.078563
0.073723
0.070833
0.071334
0.070917
0.070240
0.068129
0.065195
0.060708
0.062179
0.061356
0.057520
0.058442
0.058524
0.056287
0.056530
0.057936
0.053939
0.053444
0.049021
0.052657
0.047055
0.049171
0.047438
0.050323
0.046930
0.043487
0.045615
0.045218
0.043249
0.041103
0.043139
0.041148
0.042309
0.042047
0.039838
0.041315
0.038668
0.032561
0.036441
0.032839
0.033231
0.031440
0.031538
0.028085
0.028605
0.031184
0.026988
0.029022
0.026367
0.029024
0.022527
0.022961
0.022089
0.023474
0.020148
0.028879
0.021564
0.025615
0.022848
0.020289
0.021378
0.016978
0.019296
0.019202
0.015365
0.018548
0.013411
0.012441
0.013314
0.023224
0.011485
0.015352
0.008934
0.009029
0.011173
0.011396
0.010037
0.009140
0.010134
0.008321
0.007866
0.009601
0.006116
0.007493
0.007977
0.005452
0.006337
0.006775
0.005028
0.005759
0.005275
0.005897
0.004880
0.005064
0.005783
0.003975
0.004980
0.004024
0.007539
0.005344
0.004610
0.004472
0.004836
0.007476
0.007366
0.006237
0.005719
0.006031
0.005081
0.010574
0.006626
0.008153
0.005456
0.019822
0.009200
0.012507
0.008186
0.004803
0.004303
0.008605
0.014702
0.006653
0.017315
0.012228
0.008311
0.010893
0.008046
0.012147
0.003282
0.010673
0.003205
0.003413
0.004199
0.006676
0.003335
0.003531
0.002205
0.003772
0.002230
0.002218
0.002804
0.002977
0.001443
0.001635
0.001422
0.001534
0.002243
