0.154431
0.096852
0.065017
0.068085
0.066967
0.068455
0.068155
0.065852
0.063723
0.064974
0.064583
0.060593
0.063487
0.061908
0.060367
0.061850
0.059563
0.057855
0.059000
0.057123
0.058145
0.056101
0.054295
0.055059
0.055794
0.053959
0.053701
0.052733
0.052722
0.051828
0.051134
0.052170
0.051488
0.049231
0.049950
0.049571
0.048627
0.050660
0.050274
0.046953
0.045126
0.048960
0.046613
0.046054
0.040200
0.041693
0.042511
0.041796
0.044712
0.039164
0.035616
0.036415
0.034046
0.034734
0.030467
0.031830
0.029355
0.030097
0.032638
0.026929
0.033504
0.034049
0.024072
0.026250
0.025497
0.024010
0.027135
0.027109
0.029348
0.021019
0.024758
0.021621
0.023372
0.019055
0.023132
0.019535
0.016305
0.017949
0.021227
0.015373
0.017884
0.018719
0.017005
0.018826
0.022376
0.013005
0.025045
0.017804
0.018906
0.021948
0.013508
0.018960
0.016262
0.013157
0.015688
0.011785
0.012671
0.013663
0.009699
0.012760
0.012147
0.011366
0.007915
0.010619
0.013761
0.006222
0.007146
0.006944
0.015394
0.005162
0.005101
0.005357
0.003862
0.004141
0.005094
0.003327
0.003344
0.004317
0.004745
0.002187
0.001699
0.001748
0.002222
0.001498
0.002202
0.001578
0.001116
0.001826
0.001193
0.001268
0.002335
0.001981
0.001328
0.000786
0.001296
0.001335
0.001085
0.001406
0.001458
0.000523
0.000744
0.000924
0.000822
0.000701
0.000658
0.000462
0.000458
0.000394
0.000779
0.000462
