0.112571
0.099854
0.082630
0.069904
0.067854
0.067396
0.071550
0.066550
0.067551
0.065903
0.060167
0.066088
0.063512
0.062748
0.052078
0.051632
0.047648
0.052974
0.050734
0.054103
0.050185
0.047646
0.048277
0.046402
0.045575
0.044127
0.040048
0.040243
0.041720
0.038103
0.041377
0.037752
0.037004
0.036542
0.033935
0.031305
0.033545
0.033533
0.031387
0.028389
0.024606
0.025553
0.023897
0.020627
0.021947
0.020949
0.017851
0.018820
0.015661
0.013653
0.011643
0.010923
0.010098
0.010906
0.008251
0.008198
0.009268
0.008286
0.007844
0.008676
0.006495
0.005714
0.005841
0.005360
0.006359
0.004192
0.006027
0.003298
0.002810
0.003870
0.003243
0.002188
0.002035
0.001455
0.001459
0.001735
0.001349
0.001620
0.000979
0.001307
0.001016
0.000763
0.001077
0.001021
0.000787
0.001862
0.000468
0.001127
0.001370
0.000771
0.001103
0.000695
0.000684
0.000858
0.000636
0.000831
0.000442
0.000668
0.000521
0.000971
0.000636
0.000559
0.000351
0.000371
0.000341
0.000406
0.000412
0.000255
0.000198
0.000373
0.000440
0.000231
0.000239
0.000268
0.000210
0.000220
0.000268
0.000121
0.000125
0.000220
0.000293
0.000199
0.000236
0.000191
0.000192
0.000203
0.000103
0.000087
0.000156
0.000097
0.000139
0.000109
0.000090
0.000061
0.000068
0.000078
0.000068
0.000076
0.000079
0.000111
0.000100
0.000095
0.000083
0.000064
0.000083
0.000132
0.000074
0.000052
0.000051
0.000081
