0.205000
0.377500
0.457500
0.500000
0.557500
0.590000
0.595000
0.592500
0.612500
0.565000
0.612500
0.597500
0.675000
0.632500
0.712500
0.695000
0.712500
0.782500
0.812500
0.865000
0.847500
0.860000
0.915000
0.900000
0.897500
0.910000
0.922500
0.950000
0.927500
0.887500
0.797500
0.572500
0.562500
0.662500
0.715000
0.720000
0.782500
0.767500
0.832500
0.852500
0.850000
0.867500
0.865000
0.920000
0.870000
0.912500
0.870000
0.925000
0.920000
0.940000
0.940000
0.962500
0.940000
0.955000
0.972500
0.972500
0.967500
0.982500
0.987500
0.977500
0.960000
0.972500
0.975000
0.977500
0.985000
0.977500
0.982500
0.960000
0.972500
0.980000
0.982500
0.980000
0.987500
0.987500
0.985000
0.985000
0.992500
0.992500
0.992500
0.992500
0.985000
0.980000
0.990000
0.995000
0.995000
0.992500
0.992500
0.997500
0.987500
0.992500
0.990000
0.995000
0.990000
0.970000
0.980000
0.975000
0.990000
0.987500
0.990000
0.990000
0.995000
0.997500
0.992500
0.995000
0.982500
0.990000
0.992500
0.997500
0.995000
1.000000
0.997500
0.992500
0.995000
0.990000
0.985000
0.977500
0.985000
0.972500
0.972500
0.995000
0.997500
0.987500
0.987500
0.985000
0.992500
0.997500
0.990000
0.992500
0.995000
0.992500
0.985000
0.957500
0.957500
0.947500
0.977500
0.920000
0.947500
0.972500
0.987500
0.985000
0.955000
0.975000
0.977500
0.975000
0.987500
0.995000
0.960000
0.967500
0.975000
0.982500
