0.061167
0.045065
0.039825
0.034988
0.031044
0.028870
0.025934
0.024460
0.026975
0.023156
0.017901
0.014149
0.017268
0.015174
0.014577
0.020169
0.013298
0.015127
0.015052
0.012467
0.025196
0.012226
0.008747
0.012112
0.010401
0.007399
0.007662
0.006200
0.005437
0.004495
0.003547
0.002682
0.002033
0.001895
0.001312
0.001212
0.001045
0.000967
0.000918
0.000771
0.001140
0.000814
0.000592
0.000862
0.000560
0.000442
0.000459
0.000326
0.000385
0.000374
0.000396
0.000340
0.000369
0.000418
0.000413
0.000615
0.000371
0.000340
0.000297
0.000266
0.000266
0.000250
0.000181
0.000173
0.000157
0.000192
0.000182
0.000141
0.000224
0.000131
0.000131
0.000121
0.000132
0.000121
0.000149
0.000165
0.000180
0.000192
0.000176
0.000176
0.000117
0.000144
0.000131
0.001810
0.005489
0.003677
0.019467
0.010087
0.008827
0.007408
0.005271
0.002807
0.002544
0.001433
0.001651
0.001171
0.000626
0.000747
0.000872
0.000691
0.000774
0.000498
0.000741
0.000379
0.000338
0.000252
0.000279
0.000211
0.000260
0.000294
0.000243
0.000222
0.000237
0.000132
0.000138
0.000117
0.000114
0.000124
0.000084
0.000109
0.000106
0.000108
0.000189
0.000172
0.000121
0.000158
0.000118
0.000084
0.000120
0.000108
0.000080
0.000107
0.000078
0.000137
0.000099
0.000097
0.000064
0.000073
0.000065
0.000077
0.000051
0.000055
0.000048
0.000097
0.000078
0.000049
0.000061
0.000057
0.000057
0.000066
