0.085544
0.069568
0.065056
0.061816
0.062088
0.058847
0.056310
0.056951
0.054123
0.054361
0.051531
0.048879
0.049873
0.045647
0.045444
0.046700
0.044188
0.042800
0.039912
0.037582
0.041117
0.037597
0.034276
0.032958
0.031797
0.029815
0.027014
0.026029
0.027459
0.025193
0.021467
0.021687
0.021786
0.018870
0.026584
0.015511
0.022140
0.018286
0.020978
0.017519
0.020169
0.015444
0.021451
0.018236
0.017875
0.016701
0.014735
0.013148
0.009177
0.018122
0.019079
0.016899
0.019757
0.015688
0.013877
0.013856
0.015321
0.008189
0.011512
0.010870
0.007811
0.014790
0.015367
0.013624
0.009882
0.010488
0.007961
0.011669
0.007980
0.012945
0.011087
0.004463
0.006825
0.004611
0.007300
0.013959
0.008106
0.004067
0.014794
0.004172
0.002647
0.003018
0.003225
0.003338
0.003646
0.003174
0.001980
0.001794
0.002612
0.002946
0.001347
0.003023
0.002388
0.001517
0.001841
0.002297
0.001700
0.001482
0.003433
0.002479
0.001984
0.003129
0.008253
0.008981
0.004769
0.002725
0.012728
0.005461
0.001542
0.009503
0.001419
0.003785
0.002955
0.002847
0.001056
0.001290
0.000869
0.003442
0.004310
0.002791
0.004153
0.002862
0.002131
0.002074
0.002305
0.001404
0.002160
0.005230
0.000646
0.000779
0.001474
0.001813
0.001868
0.001014
0.004642
0.001275
0.019070
0.005257
0.001841
0.007203
0.002839
0.000881
0.001742
0.004526
0.001213
0.004054
0.008143
0.001600
0.001717
0.003935
