0.081622
0.074462
0.070833
0.068419
0.069336
0.067350
0.066213
0.064677
0.063743
0.061191
0.060285
0.054183
0.056524
0.053035
0.057797
0.052605
0.053591
0.050809
0.047719
0.048090
0.046286
0.048660
0.045533
0.039808
0.041154
0.040442
0.038109
0.037496
0.037761
0.035720
0.037960
0.033533
0.031520
0.031382
0.032362
0.032631
0.027491
0.028920
0.026032
0.028440
0.019603
0.023009
0.021626
0.019735
0.017250
0.019867
0.020046
0.015752
0.016703
0.014250
0.015745
0.013448
0.013712
0.022507
0.014151
0.017477
0.024063
0.017585
0.021501
0.016969
0.013037
0.011038
0.010333
0.011700
0.011587
0.010883
0.006165
0.017811
0.008320
0.029495
0.032338
0.016373
0.040655
0.026819
0.017769
0.021202
0.015774
0.020376
0.014484
0.046061
0.021223
0.011577
0.016369
0.015238
0.011985
0.011545
0.008902
0.013519
0.010957
0.008562
0.009717
0.010920
0.009187
0.010054
0.006102
0.006115
0.010006
0.008751
0.009457
0.006177
0.004440
0.008313
0.012720
0.004332
0.008346
0.006198
0.007061
0.003937
0.005015
0.006697
0.005466
0.006199
0.008826
0.005808
0.007056
0.009646
0.017010
0.006753
0.007343
0.004968
0.005317
0.005117
0.009202
0.003805
0.003332
0.002579
0.005971
0.003248
0.008349
0.003505
0.005106
0.004583
0.003761
0.004626
0.003800
0.005511
0.002630
0.005743
0.004406
0.003993
0.004435
0.002652
0.005855
0.001213
0.005144
0.001818
0.002394
0.001512
0.003313
0.002955
