0.076531
0.063454
0.060855
0.062214
0.063518
0.058690
0.056418
0.053306
0.051467
0.049716
0.047714
0.051933
0.048029
0.047962
0.046573
0.046204
0.041524
0.046814
0.038708
0.042432
0.041179
0.036904
0.033302
0.034898
0.033769
0.033405
0.034693
0.030744
0.030911
0.029214
0.027438
0.033231
0.028618
0.028656
0.024539
0.023742
0.023651
0.028963
0.027107
0.022343
0.020587
0.024799
0.018841
0.025485
0.020833
0.018354
0.019761
0.017915
0.021086
0.016944
0.015745
0.019435
0.018800
0.016701
0.016939
0.013256
0.014402
0.014149
0.019461
0.011389
0.012206
0.013377
0.008982
0.011403
0.010922
0.010553
0.008099
0.010341
0.008854
0.010550
0.010507
0.008570
0.012268
0.013613
0.013595
0.014024
0.009905
0.014242
0.014758
0.007757
0.017862
0.014986
0.014016
0.011282
0.012809
0.010309
0.013719
0.010934
0.014189
0.005643
0.013234
0.007668
0.008153
0.006344
0.006201
0.004192
0.008254
0.004944
0.003175
0.004398
0.003316
0.005299
0.002109
0.002820
0.003439
0.003772
0.002022
0.001524
0.003661
0.003776
0.001509
0.003172
0.002647
0.001898
0.002236
0.003736
0.001177
0.002533
0.001188
0.000686
0.001135
0.003663
0.001282
0.002791
0.003191
0.001684
0.001460
0.005294
0.003065
0.013522
0.009380
0.004368
0.012576
0.004936
0.003904
0.002031
0.002377
0.004151
0.003968
0.002455
0.002058
0.006044
0.000769
0.001552
0.000954
0.004020
0.001493
0.001349
0.002815
0.003588
