0.072424
0.066674
0.065262
0.065527
0.061758
0.059324
0.062597
0.057634
0.062245
0.054714
0.048896
0.048743
0.050130
0.050690
0.044949
0.046406
0.045758
0.042447
0.042737
0.038264
0.043121
0.035777
0.038646
0.036565
0.033205
0.034398
0.034210
0.034719
0.030006
0.028467
0.027476
0.025175
0.027813
0.025590
0.027395
0.026870
0.023434
0.022715
0.025491
0.021737
0.018727
0.019831
0.025479
0.020807
0.019055
0.016981
0.016567
0.018630
0.018031
0.015561
0.016161
0.016289
0.021123
0.018644
0.012992
0.014276
0.012369
0.010242
0.012548
0.008226
0.013441
0.009274
0.014655
0.013945
0.014424
0.010315
0.011917
0.006753
0.013356
0.014470
0.006168
0.015968
0.005954
0.006168
0.005163
0.012894
0.006095
0.006411
0.009846
0.008153
0.007046
0.007006
0.012875
0.003482
0.004103
0.004207
0.003453
0.005180
0.002865
0.006225
0.004527
0.005550
0.005401
0.007863
0.004766
0.002573
0.001927
0.006091
0.015311
0.015708
0.008867
0.005529
0.012044
0.010584
0.012197
0.004911
0.010073
0.006596
0.012911
0.009224
0.011124
0.007269
0.006136
0.012642
0.002345
0.005557
0.006251
0.004392
0.004091
0.002891
0.002373
0.002077
0.002314
0.003612
0.001471
0.002232
0.001516
0.000741
0.001805
0.002647
0.002675
0.001887
0.001111
0.000748
0.001213
0.003794
0.002313
0.001919
0.001837
0.001585
0.003285
0.001513
0.000686
0.000994
0.000986
0.003058
0.001468
0.002476
0.001527
0.000877
