0.070338
0.067280
0.064851
0.062318
0.064213
0.063911
0.062241
0.062933
0.061030
0.061708
0.058687
0.060744
0.063023
0.060803
0.060717
0.060758
0.060200
0.060744
0.058237
0.060182
0.059725
0.057865
0.060187
0.060213
0.061489
0.057837
0.060103
0.060065
0.058388
0.057022
0.058363
0.057747
0.057102
0.057016
0.053840
0.052680
0.053786
0.056439
0.054162
0.050108
0.050171
0.052810
0.052583
0.047235
0.047203
0.048020
0.046843
0.045492
0.046423
0.047135
0.048677
0.046606
0.045525
0.044400
0.044525
0.041376
0.042983
0.040924
0.037099
0.039246
0.039881
0.040154
0.041242
0.035750
0.037603
0.035430
0.038744
0.035451
0.038190
0.033830
0.032232
0.033739
0.033196
0.030955
0.030819
0.032906
0.030775
0.032224
0.030385
0.030014
0.028151
0.027960
0.028064
0.027579
0.026878
0.027678
0.026742
0.026178
0.026039
0.024774
0.027479
0.027591
0.026455
0.027559
0.025824
0.025476
0.023815
0.022716
0.022349
0.024453
0.024103
0.025688
0.022509
0.023313
0.023906
0.022301
0.024047
0.022346
0.023813
0.024347
0.021663
0.024752
0.021301
0.020906
0.022163
0.021398
0.022010
0.020153
0.020677
0.021125
0.019343
0.018281
0.017988
0.017277
0.017107
0.019134
0.017249
0.017971
0.016917
0.015886
0.016338
0.015351
0.016530
0.016303
0.016607
0.016621
0.018092
0.015726
0.015175
0.019114
0.017527
0.015492
0.021674
0.018675
0.016964
0.016100
0.015845
0.018839
0.015636
0.016212
