0.071670
0.071670
0.071203
0.070595
0.068546
0.066525
0.066537
0.065794
0.065618
0.064038
0.061266
0.060558
0.064189
0.061823
0.062277
0.060440
0.062032
0.060506
0.058419
0.061431
0.059600
0.059134
0.056185
0.057065
0.059088
0.057983
0.054235
0.056657
0.056682
0.055168
0.053197
0.053785
0.053255
0.054042
0.054875
0.053270
0.051853
0.052867
0.051070
0.052234
0.053345
0.051401
0.048703
0.047176
0.051168
0.045776
0.046880
0.045045
0.040067
0.044517
0.044358
0.047493
0.046225
0.041572
0.046035
0.044337
0.040727
0.041843
0.039723
0.040241
0.038867
0.038586
0.038114
0.040591
0.039252
0.035407
0.034782
0.035179
0.035795
0.034536
0.036800
0.035943
0.034839
0.032769
0.031099
0.032468
0.033702
0.032626
0.031375
0.032134
0.032695
0.032040
0.032157
0.030779
0.031290
0.029179
0.032136
0.031852
0.031279
0.030860
0.030006
0.029967
0.028652
0.026185
0.029783
0.029393
0.026913
0.027110
0.028224
0.027542
0.024952
0.027808
0.024952
0.025398
0.024443
0.024288
0.024847
0.024699
0.025184
0.023256
0.027235
0.023253
0.022613
0.023689
0.024363
0.025519
0.020747
0.023415
0.024851
0.023480
0.027554
0.026653
0.026235
0.022791
0.026376
0.022109
0.021832
0.024018
0.023000
0.022789
0.021489
0.021815
0.023137
0.021472
0.021053
0.022038
0.020396
0.019934
0.020873
0.020256
0.019855
0.021675
0.019527
0.019554
0.020767
0.021731
0.022741
0.019176
0.020425
0.018730
