0.108093
0.078309
0.069836
0.069589
0.068876
0.068595
0.069053
0.069166
0.066735
0.067739
0.068815
0.067775
0.066907
0.063977
0.066148
0.064646
0.065085
0.064214
0.062864
0.062472
0.059662
0.063371
0.060545
0.054841
0.056899
0.053425
0.054527
0.055013
0.054619
0.050159
0.049774
0.046452
0.048272
0.049135
0.045035
0.047364
0.044391
0.042216
0.044449
0.041695
0.040235
0.040559
0.040640
0.038951
0.036905
0.035961
0.035566
0.036013
0.035985
0.036964
0.037664
0.030459
0.032409
0.028095
0.030952
0.029072
0.024721
0.028085
0.025764
0.022417
0.022934
0.025866
0.018181
0.019103
0.020678
0.015248
0.017805
0.017857
0.018921
0.014532
0.018226
0.012235
0.014894
0.010904
0.009444
0.012405
0.011699
0.009403
0.006535
0.009578
0.008211
0.006371
0.005737
0.005030
0.004641
0.004108
0.005594
0.006236
0.005819
0.003120
0.005684
0.007395
0.004097
0.004895
0.003990
0.003580
0.003910
0.003657
0.003820
0.005365
0.003394
0.005764
0.003725
0.003716
0.004382
0.003611
0.003341
0.003501
0.003333
0.004576
0.003400
0.004640
0.002806
0.004492
0.003789
0.003544
0.002498
0.003082
0.004254
0.002323
0.004989
0.002901
0.002620
0.003470
0.002636
0.006065
0.002183
0.007476
0.004308
0.007902
0.006481
0.009964
0.011812
0.004077
0.009676
0.004329
0.009376
0.007145
0.004428
0.002664
0.006383
0.002355
0.001950
0.002229
0.002418
0.003346
0.001788
0.001932
0.001676
0.002026
