0.072143
0.071670
0.070926
0.067620
0.067829
0.068102
0.069491
0.069179
0.067761
0.066833
0.066437
0.068736
0.063002
0.065771
0.064755
0.063813
0.064562
0.065313
0.063484
0.063935
0.063072
0.063767
0.061610
0.060226
0.062622
0.062105
0.060336
0.057266
0.059681
0.059764
0.059495
0.059366
0.058179
0.059365
0.056375
0.057668
0.057461
0.054351
0.053653
0.072294
0.050202
0.054333
0.055493
0.054826
0.051944
0.052173
0.050431
0.049663
0.049773
0.043873
0.046452
0.050560
0.047886
0.041365
0.044420
0.044135
0.041670
0.039080
0.042510
0.037807
0.038237
0.038434
0.036790
0.036402
0.038404
0.038825
0.033164
0.042305
0.034210
0.033735
0.033999
0.036990
0.032491
0.036900
0.032699
0.032750
0.037390
0.038446
0.030599
0.032464
0.030614
0.032508
0.041276
0.032471
0.037462
0.030084
0.029197
0.028691
0.026907
0.027239
0.026593
0.029213
0.022331
0.025297
0.026696
0.024093
0.017243
0.019166
0.019247
0.024024
0.021831
0.020277
0.024236
0.018162
0.021151
0.017782
0.018816
0.019350
0.020077
0.014448
0.014856
0.016190
0.015477
0.015050
0.014476
0.015984
0.011549
0.012416
0.011495
0.010788
0.009779
0.009921
0.009453
0.008717
0.010767
0.010072
0.009980
0.007493
0.008451
0.009344
0.007431
0.005686
0.010745
0.007597
0.007124
0.005879
0.007637
0.006727
0.006932
0.006552
0.006996
0.006986
0.004905
0.008709
0.006164
0.005404
0.010502
0.005460
0.007846
0.008056
