0.074347
0.071670
0.071950
0.071543
0.069386
0.069536
0.066212
0.067486
0.067684
0.067122
0.065621
0.066246
0.062832
0.061836
0.052561
0.052384
0.052534
0.052210
0.051008
0.051685
0.049768
0.050052
0.048654
0.042727
0.045114
0.046220
0.037270
0.042754
0.039594
0.037837
0.041030
0.038041
0.039609
0.031344
0.034467
0.032246
0.030832
0.031494
0.033172
0.029799
0.029784
0.024090
0.023295
0.027429
0.023427
0.021307
0.019812
0.020724
0.014875
0.016410
0.017382
0.020779
0.017524
0.019433
0.018674
0.011755
0.011787
0.010514
0.015456
0.012086
0.008991
0.008331
0.011041
0.007700
0.008268
0.010847
0.014079
0.009142
0.006818
0.016980
0.008779
0.012883
0.008305
0.007679
0.016577
0.009326
0.018764
0.016948
0.024527
0.017656
0.023845
0.034484
0.027089
0.026226
0.028956
0.021078
0.049575
0.037833
0.024983
0.029523
0.017536
0.012044
0.019331
0.011099
0.012084
0.013366
0.015950
0.008775
0.008257
0.011090
0.011957
0.007604
0.005633
0.005777
0.009527
0.015043
0.011954
0.012617
0.010545
0.006542
0.005437
0.010596
0.005023
0.006321
0.009007
0.007575
0.004177
0.004254
0.005946
0.004524
0.002785
0.005868
0.002267
0.003652
0.003630
0.002865
0.001941
0.002136
0.002099
0.002600
0.002103
0.001054
0.001616
0.001854
0.001660
0.001047
0.000796
0.004003
0.001036
0.002479
0.001966
0.006090
0.002917
0.005827
0.002921
0.000937
0.005331
0.004127
0.006461
0.002777
