0.086753
0.074848
0.071935
0.072377
0.073396
0.069945
0.066579
0.067289
0.060802
0.056151
0.054568
0.054105
0.057638
0.054561
0.052004
0.048513
0.046956
0.048267
0.048876
0.044239
0.038714
0.041634
0.041128
0.037633
0.034929
0.032557
0.029396
0.029209
0.024001
0.023797
0.019402
0.019157
0.024786
0.019371
0.021929
0.017302
0.018212
0.023306
0.017268
0.017415
0.013932
0.017007
0.020191
0.010442
0.012778
0.010096
0.013348
0.014223
0.009239
0.007385
0.015018
0.012436
0.013626
0.018683
0.017955
0.013004
0.028483
0.019585
0.013796
0.015951
0.008360
0.011023
0.020040
0.018152
0.026133
0.009944
0.016930
0.016464
0.012727
0.018882
0.007765
0.007680
0.016560
0.009098
0.008318
0.006052
0.007503
0.013176
0.007258
0.007071
0.005333
0.005694
0.003752
0.007098
0.005091
0.006452
0.008365
0.003908
0.004994
0.004700
0.014579
0.011451
0.004344
0.007648
0.007099
0.010207
0.009075
0.005541
0.010347
0.008670
0.008905
0.014846
0.009778
0.010133
0.009168
0.011230
0.006497
0.003191
0.004361
0.006078
0.006056
0.004852
0.007005
0.003605
0.005491
0.002397
0.002742
0.004527
0.007699
0.002227
0.006142
0.002892
0.008864
0.020214
0.004031
0.003178
0.021620
0.022324
0.013915
0.003459
0.034465
0.012957
0.013306
0.012357
0.006176
0.005967
0.011118
0.009150
0.004338
0.002157
0.008044
0.005320
0.004247
0.007709
0.001977
0.006568
0.003192
0.002325
0.005318
0.005337
