0.260000
0.352500
0.480000
0.592500
0.732500
0.770000
0.805000
0.842500
0.840000
0.860000
0.890000
0.890000
0.912500
0.930000
0.937500
0.925000
0.925000
0.925000
0.937500
0.960000
0.962500
0.960000
0.985000
0.980000
0.987500
0.992500
0.995000
0.992500
0.995000
0.995000
0.997500
0.997500
0.995000
1.000000
1.000000
0.997500
1.000000
1.000000
0.995000
1.000000
1.000000
0.990000
0.982500
0.980000
0.952500
0.980000
0.960000
0.925000
0.927500
0.930000
0.950000
0.965000
0.972500
0.975000
0.972500
0.977500
0.970000
0.990000
0.975000
0.980000
0.992500
0.995000
0.997500
0.997500
0.995000
1.000000
1.000000
0.997500
1.000000
1.000000
1.000000
1.000000
1.000000
0.997500
1.000000
0.995000
0.997500
1.000000
1.000000
1.000000
1.000000
1.000000
1.000000
1.000000
1.000000
1.000000
1.000000
1.000000
1.000000
1.000000
1.000000
1.000000
1.000000
1.000000
1.000000
1.000000
1.000000
1.000000
1.000000
1.000000
1.000000
1.000000
1.000000
1.000000
1.000000
1.000000
1.000000
1.000000
1.000000
1.000000
1.000000
1.000000
1.000000
1.000000
1.000000
1.000000
1.000000
1.000000
1.000000
1.000000
1.000000
1.000000
1.000000
1.000000
1.000000
1.000000
1.000000
1.000000
1.000000
1.000000
1.000000
1.000000
1.000000
1.000000
1.000000
1.000000
1.000000
1.000000
1.000000
1.000000
1.000000
1.000000
1.000000
1.000000
1.000000
1.000000
1.000000
1.000000
1.000000
1.000000
