0.055817
0.045341
0.036137
0.030366
0.024503
0.023586
0.019131
0.017172
0.015100
0.010102
0.007503
0.006896
0.006623
0.005264
0.004078
0.002994
0.002513
0.002177
0.001249
0.001095
0.000982
0.000522
0.000649
0.000526
0.000468
0.000471
0.000329
0.000292
0.000277
0.000356
0.000261
0.000345
0.000196
0.000198
0.000217
0.000219
0.000383
0.000515
0.000365
0.000247
0.000301
0.000253
0.000247
0.000151
0.000276
0.000209
0.000162
0.000291
0.000594
0.000605
0.004503
0.012653
0.013875
0.014398
0.006747
0.011504
0.005079
0.003034
0.002116
0.001497
0.001592
0.001490
0.000516
0.000548
0.000481
0.000336
0.000307
0.000196
0.000131
0.000195
0.000279
0.000134
0.000131
0.000118
0.000188
0.000138
0.000092
0.000131
0.000118
0.000082
0.000101
0.000078
0.000064
0.000051
0.000050
0.000043
0.000056
0.000052
0.000048
0.000051
0.000050
0.000056
0.000040
0.000045
0.000053
0.000041
0.000039
0.000035
0.000041
0.000030
0.000035
0.000041
0.000037
0.000031
0.000029
0.000026
0.000034
0.000029
0.000033
0.000030
0.000039
0.000042
0.000046
0.000038
0.000030
0.000031
0.000031
0.000025
0.000025
0.000031
0.000025
0.000018
0.000019
0.000018
0.000018
0.000030
0.000020
0.000021
0.000024
0.000022
0.000025
0.000022
0.000021
0.000016
0.000021
0.000015
0.000016
0.000016
0.000014
0.000013
0.000015
0.000016
0.000013
0.000016
0.000013
0.000013
0.000019
0.000014
0.000013
0.000016
