0.086844
0.068418
0.066310
0.064499
0.062430
0.064752
0.060430
0.059260
0.055761
0.055806
0.055552
0.056629
0.051745
0.054160
0.049208
0.045837
0.045377
0.045873
0.040445
0.038034
0.039158
0.036054
0.035889
0.031753
0.034295
0.030479
0.031472
0.032540
0.027665
0.026779
0.023342
0.022783
0.025928
0.022757
0.022562
0.020254
0.024811
0.028373
0.019961
0.023852
0.023910
0.020210
0.027139
0.021008
0.020771
0.013201
0.017272
0.020974
0.015985
0.016535
0.018555
0.012188
0.024344
0.011257
0.017130
0.014577
0.011026
0.011905
0.013283
0.013988
0.010947
0.014075
0.008894
0.009820
0.008687
0.012222
0.009055
0.011805
0.006084
0.005266
0.013559
0.008402
0.007178
0.008534
0.003291
0.005697
0.003787
0.005240
0.005742
0.009887
0.004235
0.017672
0.004978
0.002442
0.013355
0.015605
0.012973
0.004235
0.005648
0.013404
0.003611
0.011112
0.003895
0.007519
0.003830
0.007763
0.007029
0.011170
0.005027
0.007100
0.009664
0.009611
0.008910
0.003525
0.008558
0.011847
0.017040
0.001416
0.019719
0.007278
0.006671
0.026736
0.014412
0.003824
0.009115
0.008663
0.008408
0.002194
0.004826
0.007954
0.004396
0.002417
0.005385
0.010739
0.003754
0.002567
0.006146
0.001670
0.002021
0.004103
0.005430
0.003432
0.004506
0.002808
0.010890
0.015164
0.004221
0.005206
0.005032
0.006049
0.014508
0.003812
0.006356
0.030572
0.024407
0.034405
0.017913
0.007949
0.017586
0.009405
