0.180000
0.180000
0.180000
0.180000
0.160000
0.180000
0.180000
0.200000
0.200000
0.180000
0.220000
0.280000
0.220000
0.240000
0.240000
0.260000
0.320000
0.300000
0.280000
0.300000
0.320000
0.320000
0.340000
0.340000
0.340000
0.340000
0.340000
0.340000
0.340000
0.340000
0.340000
0.340000
0.340000
0.340000
0.340000
0.340000
0.340000
0.340000
0.340000
0.340000
0.340000
0.340000
0.340000
0.340000
0.340000
0.340000
0.340000
0.340000
0.340000
0.360000
0.360000
0.360000
0.360000
0.360000
0.380000
0.440000
0.440000
0.440000
0.440000
0.440000
0.460000
0.460000
0.460000
0.460000
0.460000
0.460000
0.460000
0.460000
0.460000
0.460000
0.460000
0.460000
0.460000
0.460000
0.460000
0.460000
0.460000
0.460000
0.460000
0.460000
0.460000
0.460000
0.460000
0.460000
0.460000
0.460000
0.460000
0.460000
0.460000
0.460000
0.460000
0.460000
0.480000
0.480000
0.480000
0.480000
0.480000
0.480000
0.480000
0.480000
0.480000
0.480000
0.480000
0.480000
0.480000
0.480000
0.480000
0.480000
0.480000
0.480000
0.480000
0.480000
0.480000
0.480000
0.480000
0.480000
0.480000
0.480000
0.480000
0.480000
0.480000
0.480000
0.480000
0.480000
0.480000
0.480000
0.480000
0.480000
0.480000
0.480000
0.480000
0.480000
0.480000
0.480000
0.480000
0.480000
0.480000
0.480000
0.480000
0.480000
0.480000
0.480000
0.480000
0.480000
0.480000
0.480000
0.480000
0.480000
0.480000
0.480000
