0.089736
0.072373
0.071132
0.071272
0.069622
0.064496
0.065274
0.063381
0.061521
0.059442
0.059117
0.060968
0.059127
0.054609
0.055814
0.056919
0.055330
0.054400
0.050136
0.051868
0.049523
0.047391
0.044980
0.044409
0.044277
0.040914
0.042629
0.039241
0.038600
0.037057
0.034131
0.032645
0.034747
0.032330
0.031112
0.032225
0.035066
0.028775
0.030851
0.029287
0.028464
0.025586
0.026839
0.025453
0.025137
0.027389
0.024781
0.025849
0.024171
0.023942
0.024101
0.023310
0.021539
0.022864
0.023020
0.020860
0.020586
0.020147
0.019385
0.019914
0.018091
0.016245
0.015939
0.016572
0.017799
0.016121
0.014657
0.017409
0.015606
0.013388
0.018065
0.012989
0.012921
0.011944
0.011785
0.012313
0.011837
0.011319
0.011816
0.010926
0.010752
0.010591
0.010818
0.009659
0.008824
0.012506
0.011610
0.010863
0.010377
0.008229
0.009664
0.008725
0.008191
0.009580
0.009849
0.008577
0.009785
0.006949
0.008206
0.008828
0.006762
0.008389
0.007278
0.007636
0.008320
0.005745
0.007706
0.006138
0.006093
0.006084
0.006965
0.005402
0.005209
0.004885
0.004976
0.004986
0.004543
0.005742
0.005030
0.004020
0.004299
0.004328
0.004369
0.004157
0.004044
0.003989
0.003424
0.003361
0.003769
0.003567
0.003558
0.003302
0.004536
0.003914
0.003836
0.003319
0.003374
0.003908
0.003741
0.003984
0.003304
0.003578
0.003077
0.003086
0.003177
0.003481
0.003326
0.003308
0.003311
0.003118
