0.194174
0.133947
0.120195
0.095718
0.081024
0.082342
0.075542
0.072795
0.070196
0.073863
0.073658
0.068374
0.069577
0.064381
0.063776
0.059329
0.060318
0.060949
0.059884
0.055980
0.057849
0.059581
0.057238
0.061046
0.054255
0.053494
0.055659
0.050034
0.047031
0.047733
0.048421
0.040811
0.040834
0.036925
0.036794
0.036837
0.032416
0.030196
0.030010
0.028698
0.026618
0.028132
0.030279
0.026913
0.026157
0.023705
0.020814
0.018915
0.019947
0.018643
0.017368
0.019074
0.018197
0.015727
0.013207
0.013312
0.015032
0.014483
0.011386
0.010079
0.013702
0.009257
0.010944
0.010151
0.009683
0.010123
0.009165
0.006898
0.006981
0.007442
0.006877
0.005699
0.008237
0.008936
0.007006
0.005805
0.004849
0.005617
0.004799
0.006698
0.004214
0.010902
0.006392
0.005410
0.006330
0.005537
0.005610
0.004204
0.009454
0.008130
0.005549
0.016003
0.006987
0.009611
0.004967
0.005078
0.006267
0.006271
0.007877
0.004991
0.005355
0.004029
0.005198
0.004646
0.005744
0.003946
0.003989
0.003323
0.006105
0.004880
0.004692
0.003903
0.005134
0.004290
0.004177
0.006121
0.003576
0.003117
0.003605
0.008783
0.003649
0.005750
0.003741
0.005506
0.003878
0.003281
0.004469
0.004040
0.004152
0.003929
0.003978
0.002879
0.003347
0.008759
0.002405
0.002705
0.003455
0.007580
0.003519
0.020015
0.005246
0.005712
0.006560
0.009120
0.005165
0.003540
0.004651
0.008888
0.006636
0.004304
