0.085891
0.071828
0.071669
0.070230
0.072374
0.070872
0.067931
0.066586
0.067176
0.069054
0.066705
0.061804
0.063426
0.062432
0.059347
0.063194
0.060383
0.059166
0.059457
0.061153
0.057243
0.057817
0.055574
0.055680
0.057345
0.061575
0.056925
0.053277
0.056945
0.055255
0.054885
0.051932
0.051885
0.050299
0.048956
0.053040
0.049038
0.050837
0.049614
0.048047
0.049457
0.047993
0.046801
0.044868
0.046474
0.043416
0.042966
0.043630
0.040286
0.039348
0.040420
0.042831
0.036923
0.038952
0.042592
0.037241
0.039326
0.037431
0.044169
0.038005
0.047387
0.041694
0.038417
0.035135
0.033587
0.036585
0.031062
0.032816
0.029893
0.030041
0.024561
0.024438
0.025409
0.022907
0.024090
0.021400
0.022926
0.022479
0.021689
0.029065
0.023144
0.020141
0.021219
0.020417
0.016359
0.020136
0.017838
0.014722
0.016755
0.027793
0.029339
0.025406
0.059386
0.028221
0.033627
0.017408
0.036128
0.022532
0.030172
0.016641
0.020226
0.019376
0.021458
0.014279
0.011587
0.013613
0.010218
0.009850
0.009598
0.013199
0.010475
0.010451
0.009150
0.008705
0.009576
0.020546
0.009783
0.004657
0.011177
0.009280
0.007327
0.004424
0.004739
0.003445
0.006060
0.003482
0.004374
0.003265
0.003045
0.004363
0.004306
0.002720
0.003854
0.003351
0.002838
0.004020
0.002662
0.003419
0.002216
0.004079
0.003342
0.003180
0.004230
0.002326
0.002586
0.003201
0.002128
0.003317
0.002133
0.003216
