0.371317
0.208436
0.250122
0.206310
0.166991
0.156572
0.133582
0.114419
0.079951
0.093828
0.074070
0.069490
0.074245
0.059181
0.049387
0.044934
0.038149
0.028575
0.027291
0.027277
0.023502
0.021681
0.018801
0.016431
0.013986
0.014875
0.009404
0.008523
0.010448
0.008617
0.006575
0.009865
0.009921
0.004544
0.007628
0.005478
0.006053
0.004725
0.006045
0.006241
0.004508
0.003810
0.004299
0.003179
0.003208
0.002838
0.002007
0.002110
0.002437
0.002290
0.001584
0.001723
0.001656
0.001837
0.001457
0.001471
0.001420
0.001488
0.001619
0.001278
0.001476
0.001457
0.001344
0.001288
0.001378
0.001136
0.001034
0.001132
0.001304
0.001030
0.000853
0.000832
0.000644
0.000723
0.000658
0.000730
0.000771
0.000767
0.000812
0.000500
0.000470
0.000531
0.000524
0.000568
0.000592
0.000470
0.000565
0.000540
0.000655
0.000607
0.000473
0.000497
0.000458
0.000337
0.000385
0.000337
0.000328
0.000369
0.000277
0.000326
0.000363
0.000261
0.000327
0.000400
0.000285
0.000299
0.000289
0.000322
0.000317
0.000368
0.000328
0.000251
0.000282
0.000242
0.000239
0.000275
0.000329
0.000289
0.000246
0.000300
0.000235
0.000257
0.000219
0.000234
0.000310
0.000299
0.000346
0.000276
0.000276
0.000295
0.000253
0.000272
0.000203
0.000236
0.000175
0.000215
0.000171
0.000218
0.000203
0.000175
0.000183
0.000198
0.000211
0.000177
0.000209
0.000153
0.000149
0.000206
0.000165
0.000227
