0.270733
0.175415
0.162115
0.111196
0.104524
0.076050
0.067201
0.072894
0.053179
0.049629
0.046107
0.039117
0.037257
0.037638
0.028758
0.027159
0.031346
0.025490
0.021234
0.023670
0.017906
0.019682
0.018314
0.015294
0.013600
0.015474
0.011025
0.013610
0.012038
0.011585
0.012362
0.008139
0.008322
0.007215
0.008933
0.008611
0.008225
0.006377
0.006248
0.007710
0.007663
0.005656
0.007002
0.006741
0.005402
0.006720
0.004919
0.004629
0.005479
0.005644
0.005908
0.005949
0.004499
0.004100
0.005758
0.004591
0.003734
0.003247
0.003795
0.004179
0.002833
0.002653
0.002764
0.003473
0.003642
0.002770
0.002589
0.002790
0.002825
0.002536
0.002556
0.003508
0.002526
0.002753
0.003275
0.002967
0.002108
0.002207
0.003081
0.003035
0.003020
0.003222
0.002509
0.002077
0.001999
0.002031
0.001462
0.001615
0.001802
0.001692
0.001417
0.001529
0.001183
0.001232
0.001255
0.001314
0.000707
0.001120
0.000932
0.000753
0.000823
0.000812
0.000738
0.000956
0.000887
0.000618
0.000771
0.000660
0.000577
0.000620
0.000490
0.000445
0.000471
0.000554
0.000453
0.000404
0.000543
0.000395
0.000402
0.000483
0.000409
0.000393
0.000393
0.000456
0.000393
0.000337
0.000389
0.000366
0.000347
0.000361
0.000329
0.000330
0.000328
0.000300
0.000291
0.000312
0.000294
0.000255
0.000278
0.000263
0.000287
0.000254
0.000270
0.000242
0.000248
0.000277
0.000275
0.000261
0.000247
0.000251
