0.371318
0.213166
0.146196
0.172124
0.141194
0.089981
0.103219
0.103060
0.099686
0.055543
0.051972
0.050484
0.049611
0.041976
0.038492
0.029718
0.026086
0.022380
0.031054
0.025125
0.019366
0.018025
0.017310
0.013592
0.013076
0.010824
0.009967
0.013810
0.012384
0.006930
0.006521
0.007286
0.008220
0.005411
0.006659
0.007370
0.004470
0.003555
0.005331
0.004929
0.003566
0.003042
0.002507
0.001984
0.002932
0.001655
0.001980
0.002764
0.002257
0.002062
0.002124
0.001758
0.002500
0.001767
0.002039
0.001716
0.001312
0.001422
0.001265
0.001171
0.001264
0.001298
0.001585
0.001226
0.000916
0.000899
0.000835
0.000990
0.000867
0.000946
0.000693
0.000848
0.001354
0.000904
0.001487
0.001675
0.001640
0.001715
0.001420
0.001184
0.001089
0.001105
0.001003
0.001354
0.001032
0.001171
0.001256
0.000943
0.000909
0.000649
0.000686
0.001240
0.000639
0.000702
0.001020
0.000735
0.000525
0.000469
0.000428
0.000423
0.000429
0.000381
0.000417
0.000432
0.000493
0.000662
0.000645
0.000581
0.000766
0.000600
0.000485
0.000816
0.000655
0.000538
0.000492
0.000359
0.000379
0.000418
0.000361
0.000373
0.000336
0.000387
0.000466
0.000590
0.000480
0.000539
0.000429
0.000372
0.000377
0.000546
0.000367
0.000383
0.000427
0.000352
0.000280
0.000336
0.000340
0.000308
0.000336
0.000444
0.000279
0.000419
0.000267
0.000273
0.000273
0.000278
0.000346
0.000284
0.000229
0.000304
