0.126702
0.083881
0.074331
0.071616
0.067837
0.068554
0.067645
0.069721
0.068494
0.069521
0.069562
0.067908
0.065797
0.065029
0.063093
0.061489
0.063972
0.063538
0.062199
0.061555
0.059423
0.057467
0.055465
0.056778
0.053347
0.050759
0.050297
0.047849
0.051433
0.047114
0.044814
0.046520
0.044601
0.041584
0.041953
0.041960
0.037309
0.037714
0.040179
0.032742
0.032430
0.038045
0.032780
0.038610
0.029819
0.027440
0.029402
0.026875
0.030390
0.026812
0.028769
0.021492
0.024034
0.021146
0.023585
0.021535
0.023359
0.023498
0.020748
0.019333
0.022730
0.026080
0.023803
0.022842
0.029426
0.020486
0.027410
0.021950
0.023481
0.018903
0.039127
0.026738
0.021998
0.025596
0.021090
0.023210
0.021065
0.015774
0.019000
0.019952
0.016035
0.023054
0.013010
0.014786
0.013115
0.013637
0.015342
0.012423
0.013221
0.008297
0.011541
0.012146
0.011624
0.011483
0.011862
0.008830
0.011072
0.009733
0.008951
0.009026
0.009946
0.010669
0.007112
0.008418
0.010068
0.008874
0.007175
0.006755
0.005905
0.005868
0.006334
0.008667
0.007919
0.008817
0.008322
0.014167
0.009567
0.012293
0.012150
0.016117
0.011655
0.010001
0.018789
0.014583
0.010279
0.018020
0.014324
0.008954
0.013715
0.011347
0.012722
0.007611
0.010141
0.009166
0.031251
0.017156
0.015791
0.016604
0.009735
0.006085
0.010730
0.015459
0.008587
0.010123
0.005021
0.006547
0.009562
0.008270
0.006566
0.010307
