0.075263
0.071670
0.071670
0.072265
0.070288
0.071330
0.071658
0.072400
0.069369
0.069636
0.068767
0.068717
0.066447
0.066142
0.068235
0.065627
0.064478
0.063791
0.060654
0.059923
0.060390
0.062265
0.066796
0.061448
0.059376
0.061748
0.060906
0.058998
0.061163
0.060844
0.057457
0.056822
0.057248
0.058865
0.058576
0.057775
0.055816
0.055259
0.055856
0.056274
0.052626
0.051907
0.051788
0.047721
0.045798
0.046981
0.046590
0.044910
0.045242
0.042017
0.039122
0.037972
0.033409
0.035314
0.036296
0.032989
0.034458
0.034003
0.035511
0.033760
0.037153
0.032317
0.033673
0.040043
0.051856
0.041437
0.036789
0.049864
0.037411
0.042606
0.036680
0.034704
0.042263
0.038096
0.031269
0.027271
0.031741
0.031556
0.030501
0.028843
0.028501
0.023463
0.026576
0.026084
0.023106
0.022894
0.022033
0.028145
0.026511
0.019364
0.022713
0.023672
0.020131
0.021795
0.021675
0.020921
0.019966
0.023958
0.020670
0.017901
0.022483
0.018286
0.018874
0.016414
0.016989
0.018468
0.016572
0.015696
0.013982
0.023439
0.015129
0.021669
0.022257
0.018720
0.016658
0.016778
0.019491
0.017721
0.024223
0.015011
0.019956
0.024151
0.037052
0.016908
0.023728
0.020791
0.018224
0.014467
0.022813
0.012440
0.035897
0.020457
0.013610
0.012365
0.013914
0.010183
0.013719
0.012015
0.009205
0.011832
0.006619
0.007002
0.005992
0.009337
0.006827
0.007634
0.004903
0.004997
0.006035
0.006530
