0.125525
0.083938
0.075221
0.074193
0.067504
0.064226
0.062603
0.064399
0.062429
0.063240
0.062962
0.059658
0.066967
0.059331
0.057703
0.059171
0.059130
0.055804
0.056941
0.057628
0.059578
0.061359
0.060549
0.057185
0.058202
0.057054
0.057524
0.057140
0.055508
0.055866
0.057037
0.058610
0.054472
0.056260
0.055588
0.055927
0.055845
0.054378
0.055070
0.056689
0.057543
0.058167
0.055973
0.055995
0.055535
0.054762
0.056414
0.052015
0.055400
0.058207
0.058063
0.055177
0.057179
0.055267
0.055278
0.052445
0.055707
0.054846
0.051972
0.054392
0.054894
0.055021
0.051725
0.049130
0.051971
0.053598
0.058453
0.059590
0.048719
0.055711
0.050020
0.051514
0.051752
0.052649
0.049096
0.050012
0.047957
0.053991
0.049789
0.045642
0.045242
0.043546
0.051443
0.047942
0.056340
0.045230
0.047451
0.048439
0.049046
0.045367
0.047350
0.042121
0.056849
0.048654
0.050660
0.045369
0.046519
0.044607
0.044398
0.045685
0.044967
0.049898
0.040377
0.046842
0.044572
0.044846
0.041984
0.046522
0.045951
0.041588
0.040598
0.039464
0.052683
0.049547
0.039530
0.041991
0.035419
0.038412
0.037026
0.039559
0.038263
0.043565
0.035452
0.037481
0.025697
0.034897
0.034412
0.034268
0.033115
0.029974
0.027668
0.026947
0.026738
0.029998
0.029909
0.025978
0.036283
0.024389
0.033199
0.031692
0.024321
0.030542
0.031831
0.025259
0.030006
0.029577
0.024291
0.026606
0.028577
0.031477
