0.100953
0.084531
0.070432
0.070710
0.065845
0.065827
0.061477
0.059657
0.058360
0.058084
0.054966
0.051074
0.050688
0.049221
0.050127
0.049844
0.051541
0.050557
0.049832
0.048450
0.045103
0.043319
0.041935
0.040835
0.039945
0.039979
0.036779
0.036228
0.037591
0.035283
0.036594
0.034160
0.031106
0.033374
0.031189
0.029101
0.028769
0.026496
0.029020
0.026482
0.027903
0.026533
0.026312
0.023594
0.023772
0.025058
0.023548
0.022600
0.024821
0.022743
0.021531
0.019400
0.020227
0.019976
0.018691
0.020528
0.019256
0.019468
0.018216
0.018233
0.017661
0.017067
0.017189
0.016490
0.016156
0.014508
0.014070
0.013398
0.013714
0.014650
0.014172
0.013774
0.013701
0.014288
0.012676
0.012340
0.013310
0.012188
0.012469
0.012354
0.013304
0.012443
0.013030
0.010939
0.010628
0.011365
0.010985
0.011251
0.011545
0.011607
0.010402
0.010921
0.010919
0.011338
0.010527
0.010178
0.009487
0.009110
0.009927
0.009999
0.008125
0.008569
0.009378
0.010363
0.008382
0.008639
0.008377
0.009087
0.009285
0.008106
0.007828
0.007350
0.008424
0.007907
0.008359
0.007906
0.008055
0.008037
0.007766
0.009217
0.008049
0.007695
0.007083
0.007005
0.007066
0.007622
0.007718
0.007567
0.006626
0.006858
0.006737
0.006984
0.006878
0.006483
0.006588
0.007596
0.006684
0.006091
0.006050
0.005813
0.005669
0.005507
0.006005
0.005813
0.005493
0.005541
0.005470
0.005659
0.005916
0.005295
