0.108483
0.081098
0.077602
0.073840
0.069928
0.068649
0.064459
0.063598
0.063690
0.060058
0.058097
0.060344
0.059417
0.058449
0.056540
0.057731
0.057022
0.056831
0.052634
0.052283
0.050446
0.049608
0.050451
0.052218
0.050179
0.048758
0.046656
0.047303
0.046240
0.045187
0.045834
0.046493
0.045429
0.045261
0.047294
0.043581
0.046026
0.043855
0.040812
0.044450
0.043740
0.040638
0.040760
0.041448
0.041243
0.040160
0.037483
0.039757
0.037745
0.036706
0.039950
0.033973
0.034402
0.036087
0.030359
0.033082
0.030669
0.030224
0.029762
0.030131
0.027521
0.026759
0.026784
0.024480
0.024878
0.023229
0.024991
0.023548
0.021965
0.023526
0.021720
0.021499
0.020024
0.020651
0.019655
0.018271
0.020019
0.019456
0.018973
0.017960
0.019547
0.018825
0.017302
0.019037
0.016389
0.017215
0.016729
0.016503
0.016999
0.017052
0.014316
0.017248
0.016058
0.015272
0.014517
0.014814
0.013341
0.013194
0.014708
0.012440
0.013476
0.014938
0.012861
0.011390
0.013546
0.013381
0.013085
0.012778
0.011036
0.013314
0.010745
0.011222
0.012060
0.010877
0.010840
0.011190
0.010304
0.010481
0.010461
0.011573
0.011463
0.010684
0.010340
0.009282
0.008873
0.009471
0.009511
0.008960
0.008848
0.009295
0.009005
0.009276
0.008736
0.008610
0.008220
0.008501
0.009505
0.008901
0.008118
0.009017
0.009306
0.008387
0.008166
0.008470
0.009418
0.007943
0.007868
0.009175
0.008503
0.007724
