0.215569
0.526946
0.502994
0.622754
0.634731
0.616766
0.700599
0.694611
0.790419
0.814371
0.826347
0.748503
0.826347
0.886228
0.892216
0.910180
0.868263
0.886228
0.934132
0.910180
0.952096
0.946108
0.970060
0.928144
0.964072
0.952096
0.976048
0.970060
0.976048
0.982036
0.982036
0.988024
0.988024
0.988024
0.988024
0.988024
0.994012
0.994012
0.994012
0.994012
0.994012
0.994012
0.994012
0.994012
1.000000
0.994012
1.000000
1.000000
1.000000
1.000000
1.000000
1.000000
1.000000
1.000000
1.000000
1.000000
1.000000
1.000000
1.000000
1.000000
1.000000
1.000000
1.000000
1.000000
1.000000
1.000000
1.000000
1.000000
1.000000
1.000000
1.000000
1.000000
1.000000
1.000000
1.000000
1.000000
1.000000
1.000000
1.000000
1.000000
1.000000
1.000000
1.000000
1.000000
1.000000
1.000000
1.000000
1.000000
1.000000
1.000000
1.000000
1.000000
1.000000
1.000000
1.000000
1.000000
1.000000
1.000000
1.000000
1.000000
1.000000
1.000000
1.000000
1.000000
1.000000
1.000000
1.000000
1.000000
1.000000
1.000000
1.000000
1.000000
1.000000
1.000000
1.000000
1.000000
1.000000
1.000000
1.000000
1.000000
1.000000
1.000000
1.000000
1.000000
1.000000
1.000000
1.000000
1.000000
1.000000
1.000000
1.000000
1.000000
1.000000
1.000000
1.000000
1.000000
1.000000
1.000000
1.000000
1.000000
1.000000
1.000000
1.000000
1.000000
1.000000
1.000000
1.000000
1.000000
1.000000
1.000000
