0.051602
0.039698
0.037310
0.031296
0.027708
0.026733
0.024791
0.024873
0.021109
0.022301
0.019530
0.018669
0.018798
0.017865
0.017802
0.017461
0.016677
0.016307
0.016299
0.016069
0.016017
0.015875
0.015755
0.015728
0.015702
0.015650
0.015623
0.015650
0.015623
0.015597
0.015623
0.015597
0.015597
0.015597
0.015597
0.015571
0.015571
0.015571
0.015571
0.015544
0.015544
0.015544
0.015544
0.015544
0.015544
0.015544
0.015544
0.015544
0.015544
0.015544
0.015544
0.015544
0.015544
0.015544
0.015544
0.015544
0.015544
0.015544
0.015544
0.015544
0.015544
0.015544
0.015544
0.015544
0.015544
0.015544
0.015544
0.015544
0.015544
0.015544
0.015544
0.015544
0.015544
0.015544
0.015544
0.015544
0.015544
0.015544
0.015544
0.015544
0.015544
0.015544
0.015544
0.015544
0.015544
0.015544
0.015544
0.015544
0.015544
0.015544
0.015544
0.015544
0.015544
0.015544
0.015544
0.015544
0.015544
0.015544
0.015544
0.015544
0.015544
0.015544
0.015544
0.015544
0.015544
0.015544
0.015544
0.015544
0.015544
0.015544
0.015544
0.015544
0.015544
0.015544
0.015544
0.015544
0.015544
0.015544
0.015544
0.015544
0.015544
0.015544
0.015544
0.015544
0.015544
0.015544
0.015544
0.015544
0.015544
0.015544
0.015544
0.015544
0.015544
0.015544
0.015544
0.015544
0.015544
0.015544
0.015544
0.015544
0.015544
0.015544
0.015544
0.015544
0.015544
0.015544
0.015544
0.015544
0.015544
0.015544
