0.053988
0.045871
0.040341
0.038031
0.032944
0.030695
0.028129
0.025032
0.024213
0.022176
0.023093
0.019429
0.019750
0.019073
0.018070
0.018572
0.018623
0.017916
0.017245
0.016790
0.016496
0.016461
0.016362
0.016952
0.015939
0.015912
0.015806
0.015806
0.015806
0.015806
0.015727
0.015638
0.015665
0.015638
0.015638
0.015638
0.015638
0.015638
0.015638
0.015638
0.015638
0.015638
0.015638
0.015638
0.015638
0.015638
0.015638
0.015638
0.015638
0.015638
0.015638
0.015638
0.015638
0.015638
0.015638
0.015638
0.015638
0.015638
0.015638
0.015638
0.015638
0.015638
0.015638
0.015638
0.015638
0.015638
0.015638
0.015638
0.015638
0.015638
0.015638
0.015638
0.015638
0.015638
0.015638
0.015638
0.015638
0.015638
0.015638
0.015638
0.015638
0.015638
0.015638
0.015638
0.015638
0.015638
0.015638
0.015638
0.015638
0.015638
0.015638
0.015638
0.015638
0.015638
0.015638
0.015638
0.015638
0.015638
0.015638
0.015638
0.015638
0.015638
0.015638
0.015638
0.015638
0.015638
0.015638
0.015638
0.015638
0.015638
0.015638
0.015638
0.015638
0.015638
0.015638
0.015638
0.015638
0.015638
0.015638
0.015638
0.015638
0.015638
0.015638
0.015638
0.015638
0.015638
0.015638
0.015638
0.015638
0.015638
0.015638
0.015638
0.015638
0.015638
0.015638
0.015638
0.015638
0.015638
0.015638
0.015638
0.015638
0.015638
0.015638
0.015638
0.015638
0.015638
0.015638
0.015638
0.015638
0.015638
