0.215000
0.400000
0.460000
0.515000
0.450000
0.575000
0.610000
0.705000
0.710000
0.755000
0.775000
0.745000
0.815000
0.785000
0.805000
0.870000
0.825000
0.850000
0.835000
0.870000
0.860000
0.860000
0.915000
0.890000
0.900000
0.875000
0.915000
0.940000
0.950000
0.915000
0.930000
0.935000
0.950000
0.955000
0.985000
0.985000
0.985000
0.970000
0.950000
0.960000
0.955000
0.980000
0.975000
0.985000
0.985000
1.000000
0.985000
0.990000
1.000000
0.985000
0.990000
1.000000
1.000000
1.000000
1.000000
0.995000
0.990000
1.000000
0.970000
0.925000
0.740000
0.840000
0.790000
0.860000
0.910000
0.925000
0.915000
0.960000
0.955000
0.970000
0.975000
0.945000
0.940000
0.950000
0.955000
0.930000
0.945000
0.950000
0.970000
0.950000
0.965000
0.975000
0.970000
0.985000
0.995000
0.980000
0.970000
0.965000
0.965000
0.965000
0.960000
0.965000
0.985000
0.985000
0.985000
0.980000
0.995000
1.000000
1.000000
0.995000
1.000000
1.000000
1.000000
1.000000
1.000000
1.000000
1.000000
1.000000
1.000000
1.000000
1.000000
1.000000
1.000000
1.000000
1.000000
1.000000
1.000000
1.000000
1.000000
1.000000
1.000000
1.000000
1.000000
1.000000
1.000000
0.995000
1.000000
1.000000
1.000000
1.000000
1.000000
1.000000
1.000000
1.000000
1.000000
1.000000
1.000000
1.000000
1.000000
1.000000
1.000000
1.000000
1.000000
1.000000
1.000000
1.000000
1.000000
1.000000
1.000000
1.000000
1.000000
1.000000
1.000000
1.000000
1.000000
1.000000
1.000000
1.000000
1.000000
1.000000
1.000000
1.000000
1.000000
1.000000
1.000000
1.000000
1.000000
1.000000
1.000000
1.000000
1.000000
1.000000
1.000000
1.000000
1.000000
1.000000
1.000000
1.000000
1.000000
1.000000
1.000000
1.000000
1.000000
1.000000
1.000000
1.000000
1.000000
1.000000
1.000000
1.000000
1.000000
1.000000
1.000000
1.000000
1.000000
1.000000
1.000000
1.000000
1.000000
1.000000
1.000000
1.000000
1.000000
1.000000
1.000000
0.980000
0.880000
0.845000
0.830000
0.925000
0.850000
0.860000
0.860000
0.870000
0.845000
0.845000
0.780000
0.920000
0.885000
0.875000
0.955000
0.855000
0.835000
0.845000
0.890000
0.935000
0.920000
0.970000
0.970000
0.985000
0.985000
0.980000
0.990000
1.000000
0.990000
0.995000
0.995000
1.000000
1.000000
1.000000
1.000000
1.000000
1.000000
1.000000
1.000000
1.000000
1.000000
1.000000
1.000000
1.000000
