0.160000
0.330000
0.460000
0.470000
0.575000
0.610000
0.615000
0.675000
0.645000
0.675000
0.670000
0.685000
0.670000
0.705000
0.675000
0.760000
0.735000
0.785000
0.785000
0.815000
0.830000
0.830000
0.825000
0.800000
0.825000
0.820000
0.815000
0.805000
0.830000
0.800000
0.860000
0.800000
0.880000
0.855000
0.860000
0.855000
0.870000
0.880000
0.895000
0.900000
0.890000
0.895000
0.915000
0.910000
0.960000
0.980000
0.970000
0.965000
0.945000
0.965000
0.960000
0.820000
0.875000
0.880000
0.940000
0.920000
0.945000
0.935000
0.950000
0.930000
0.890000
0.940000
0.965000
0.955000
0.960000
0.940000
0.960000
0.940000
0.980000
0.980000
0.990000
0.995000
0.995000
0.995000
0.995000
0.995000
0.995000
1.000000
0.995000
0.995000
1.000000
1.000000
0.995000
1.000000
1.000000
1.000000
1.000000
1.000000
1.000000
1.000000
1.000000
1.000000
1.000000
1.000000
1.000000
1.000000
1.000000
1.000000
1.000000
1.000000
1.000000
1.000000
1.000000
1.000000
1.000000
1.000000
1.000000
1.000000
1.000000
1.000000
1.000000
1.000000
1.000000
1.000000
1.000000
1.000000
1.000000
1.000000
1.000000
1.000000
1.000000
1.000000
1.000000
1.000000
1.000000
1.000000
1.000000
1.000000
1.000000
1.000000
1.000000
1.000000
1.000000
1.000000
1.000000
1.000000
1.000000
1.000000
1.000000
1.000000
1.000000
1.000000
1.000000
1.000000
1.000000
1.000000
1.000000
1.000000
1.000000
1.000000
1.000000
1.000000
1.000000
1.000000
1.000000
1.000000
1.000000
1.000000
1.000000
1.000000
1.000000
1.000000
1.000000
1.000000
1.000000
1.000000
1.000000
1.000000
1.000000
1.000000
1.000000
1.000000
1.000000
1.000000
1.000000
1.000000
1.000000
1.000000
1.000000
1.000000
1.000000
1.000000
1.000000
1.000000
1.000000
1.000000
1.000000
1.000000
1.000000
1.000000
1.000000
1.000000
1.000000
1.000000
1.000000
1.000000
1.000000
1.000000
1.000000
1.000000
1.000000
1.000000
1.000000
1.000000
1.000000
1.000000
1.000000
1.000000
1.000000
1.000000
1.000000
1.000000
1.000000
1.000000
1.000000
1.000000
1.000000
1.000000
1.000000
1.000000
1.000000
1.000000
1.000000
1.000000
1.000000
1.000000
1.000000
1.000000
1.000000
1.000000
1.000000
1.000000
1.000000
1.000000
1.000000
1.000000
1.000000
1.000000
1.000000
1.000000
1.000000
1.000000
1.000000
1.000000
1.000000
1.000000
1.000000
1.000000
1.000000
1.000000
