0.098511
0.061457
0.051558
0.045392
0.042670
0.039241
0.034400
0.031876
0.031361
0.030700
0.031695
0.026828
0.028376
0.024648
0.024166
0.024759
0.025711
0.021978
0.027030
0.028390
0.024146
0.021577
0.021471
0.020038
0.021840
0.018166
0.018908
0.017501
0.017654
0.014249
0.014827
0.013961
0.013517
0.015973
0.016427
0.012627
0.015486
0.012216
0.013613
0.012685
0.012993
0.014463
0.013533
0.017664
0.014404
0.015414
0.018201
0.017004
0.019943
0.016693
0.016431
0.016906
0.014052
0.012739
0.008858
0.007824
0.006497
0.007328
0.006573
0.007006
0.006874
0.006588
0.005448
0.003527
0.002589
0.003673
0.002224
0.003180
0.002168
0.002356
0.002061
0.002782
0.002285
0.002439
0.001660
0.002421
0.001868
0.003959
0.010965
0.003876
0.006637
0.012803
0.009886
0.016367
0.011966
0.013447
0.005909
0.006424
0.006032
0.003544
0.004271
0.005273
0.004408
0.003902
0.002641
0.002795
0.001961
0.002224
0.002204
0.001661
0.001964
0.001053
0.001168
0.001295
0.000655
0.000689
0.000628
0.000409
0.000525
0.000322
0.000474
0.000349
0.000460
0.000330
0.000401
0.000503
0.000241
0.000505
0.000470
0.000256
0.000250
0.000200
0.000225
0.000261
0.000209
0.000187
0.000229
0.000125
0.000167
0.000394
0.000173
0.000437
0.000363
0.000683
0.000255
0.000377
0.000259
0.000208
0.000363
0.000242
0.000264
0.000251
0.000279
0.000166
0.000248
0.000173
0.000135
0.000107
0.000087
0.000106
0.000105
0.000095
0.000079
0.000098
0.000113
0.000123
0.000164
0.000093
0.000072
0.000104
0.000076
0.000073
0.000059
0.000067
0.000082
0.000113
0.000117
0.000090
0.000084
0.000104
0.000105
0.000217
0.000577
0.000460
0.000364
0.003034
0.010333
0.012832
0.010114
0.015869
0.009111
0.005795
0.011916
0.011758
0.015680
0.012902
0.008818
0.005402
0.003425
0.003777
0.002306
0.001229
0.001838
0.001955
0.001790
0.001884
0.001107
0.001071
0.000938
0.000598
0.001211
0.002418
0.002846
0.001537
0.002021
0.002572
0.001471
0.001440
0.000559
0.000878
0.000575
0.000458
0.000332
0.001457
0.002903
0.003234
0.004114
0.002848
0.002570
0.000553
0.001277
0.000727
0.001202
0.001334
0.000751
0.000446
0.000432
0.000305
0.000241
0.000235
0.000206
0.000271
0.000189
0.000226
0.000171
0.000166
0.000111
0.000113
0.000120
0.000100
0.000109
0.000184
0.000102
0.000159
0.000108
0.000139
0.000073
0.000096
0.000094
0.000084
