0.089740
0.058603
0.050538
0.047852
0.045502
0.040977
0.035522
0.028798
0.028194
0.023794
0.023382
0.022707
0.022185
0.019450
0.017854
0.014413
0.016758
0.014321
0.016691
0.014149
0.013864
0.013390
0.011047
0.009705
0.010483
0.010615
0.009749
0.007390
0.006865
0.008329
0.007473
0.007302
0.005583
0.004661
0.003731
0.002936
0.002915
0.003965
0.004255
0.004663
0.004665
0.003211
0.004097
0.002536
0.002971
0.001676
0.001570
0.001578
0.001411
0.001316
0.000952
0.000969
0.000696
0.000691
0.000490
0.000617
0.000779
0.000894
0.003261
0.010887
0.034581
0.018871
0.016337
0.012860
0.009350
0.009194
0.008489
0.006163
0.007996
0.004065
0.004764
0.005023
0.005162
0.005771
0.004964
0.005642
0.006556
0.004185
0.005117
0.006003
0.004731
0.002687
0.002590
0.003042
0.001488
0.002481
0.002727
0.003356
0.003557
0.003824
0.003117
0.004395
0.001919
0.002070
0.002611
0.002262
0.001990
0.000964
0.000923
0.000554
0.000597
0.000507
0.000389
0.000400
0.000331
0.000288
0.000273
0.000258
0.000164
0.000233
0.000154
0.000207
0.000217
0.000254
0.000179
0.000175
0.000222
0.000225
0.000198
0.000278
0.000194
0.000197
0.000250
0.000122
0.000152
0.000329
0.000164
0.000332
0.000207
0.000118
0.000089
0.000110
0.000113
0.000149
0.000136
0.000093
0.000104
0.000090
0.000113
0.000086
0.000103
0.000062
0.000094
0.000098
0.000096
0.000089
0.000083
0.000079
0.000092
0.000088
0.000076
0.000054
0.000061
0.000084
0.000086
0.000091
0.000071
0.000088
0.000080
0.000111
0.000081
0.000063
0.000072
0.000053
0.000078
0.000061
0.000045
0.000098
0.000116
0.000046
0.000054
0.000062
0.000053
0.000047
0.000059
0.000094
0.000061
0.000055
0.000040
0.000060
0.000065
0.000052
0.000063
0.000048
0.000045
0.000072
0.000048
0.000043
0.000038
0.000046
0.000040
0.000058
0.000035
0.000038
0.000039
0.000029
0.000034
0.000035
0.000038
0.000030
0.000036
0.000045
0.000117
0.000106
0.000257
0.002369
0.022165
0.018060
0.013452
0.008382
0.014932
0.011230
0.012161
0.013686
0.021152
0.017177
0.017550
0.009459
0.008905
0.010465
0.005076
0.023060
0.018398
0.016150
0.010868
0.006743
0.006866
0.004415
0.003565
0.002839
0.002055
0.002111
0.001563
0.001413
0.001091
0.000848
0.000698
0.000442
0.000433
0.000653
0.000452
0.000389
0.000286
0.000383
0.000256
0.000259
0.000338
0.000257
0.000341
0.000270
