0.100475
0.060399
0.052078
0.051601
0.045986
0.040714
0.038982
0.038405
0.035970
0.037812
0.034499
0.032886
0.031647
0.038964
0.029883
0.034453
0.029782
0.027872
0.024619
0.023279
0.025920
0.022224
0.023207
0.021086
0.021517
0.019687
0.024692
0.023263
0.022420
0.020665
0.018984
0.019594
0.016845
0.016140
0.022135
0.023961
0.024178
0.024579
0.021693
0.019743
0.019235
0.018069
0.016456
0.016219
0.016270
0.016770
0.017119
0.016462
0.016061
0.013956
0.015380
0.014254
0.016322
0.014236
0.018970
0.024246
0.018230
0.017823
0.017591
0.016480
0.014948
0.015014
0.014067
0.013353
0.016041
0.014051
0.014905
0.015519
0.014264
0.012648
0.011235
0.012079
0.011862
0.011782
0.011817
0.011942
0.012127
0.012145
0.012291
0.012698
0.012083
0.012254
0.011407
0.012753
0.011542
0.012570
0.011545
0.012650
0.010806
0.010460
0.014641
0.011598
0.011293
0.013720
0.012518
0.012218
0.012281
0.011999
0.012327
0.012982
0.013011
0.027290
0.022752
0.021973
0.019341
0.020000
0.020450
0.019065
0.017779
0.017291
0.015731
0.017830
0.017752
0.017260
0.019865
0.017293
0.015486
0.016080
0.015870
0.013543
0.014333
0.013174
0.012763
0.013483
0.012813
0.011856
0.010720
0.011009
0.010717
0.011755
0.012194
0.010108
0.012223
0.010908
0.012699
0.009892
0.011643
0.010736
0.011562
0.010691
0.011496
0.009788
0.010534
0.011422
0.012173
0.010518
0.009736
0.011313
0.012212
0.009731
0.009692
0.011361
0.009665
0.011352
0.009711
0.010534
0.009693
0.010686
0.009558
0.009348
0.010022
0.008363
0.009692
0.009252
0.010014
0.010160
0.008481
0.007739
0.005645
0.005398
0.003339
0.004846
0.004528
0.009835
0.009911
0.004156
0.002795
0.002993
0.005078
0.007282
0.010649
0.010505
0.006049
0.007955
0.003372
0.003489
0.002734
0.003498
0.002651
0.001900
0.003202
0.005105
0.002354
0.001936
0.002260
0.001090
0.000863
0.001373
0.000837
0.000802
0.000385
0.000454
0.000477
0.000596
0.000572
0.000447
0.000285
0.000327
0.000301
0.000725
0.001095
0.001171
0.001491
0.000710
0.000790
0.001070
0.001209
0.001368
0.001976
0.001326
0.003006
0.009763
0.025467
0.010459
0.008082
0.014215
0.015587
0.018386
0.016916
0.007329
0.005685
0.003823
0.002873
0.002458
0.001003
0.001323
0.000996
0.000834
0.000592
0.000555
0.000581
0.000444
0.000445
0.000518
0.000388
0.000260
0.000250
0.000260
0.000271
0.000263
