0.095168
0.057315
0.050389
0.045496
0.040766
0.037814
0.038449
0.036795
0.034372
0.036256
0.034736
0.033413
0.032811
0.032348
0.030073
0.026434
0.025617
0.025341
0.020749
0.019412
0.020199
0.017914
0.017801
0.018402
0.018735
0.016588
0.017973
0.020183
0.017777
0.016180
0.016550
0.016498
0.013891
0.015836
0.015137
0.013492
0.011963
0.011802
0.011509
0.010678
0.010637
0.009535
0.008764
0.008640
0.008202
0.005922
0.005190
0.005039
0.006484
0.005263
0.008187
0.021356
0.014812
0.011237
0.008200
0.010380
0.006891
0.006279
0.006300
0.007910
0.010292
0.006696
0.006135
0.006696
0.005698
0.004793
0.004766
0.005147
0.003244
0.002449
0.002240
0.001508
0.001164
0.001130
0.000858
0.000959
0.000800
0.000873
0.000827
0.000683
0.000548
0.000349
0.000517
0.000520
0.000394
0.000386
0.000315
0.000205
0.000281
0.000228
0.000220
0.000177
0.000279
0.000205
0.000264
0.000286
0.000185
0.000273
0.000254
0.000208
0.000173
0.000177
0.000249
0.000170
0.000142
0.000130
0.000127
0.000180
0.000284
0.000312
0.000371
0.000153
0.000207
0.000209
0.000223
0.000111
0.000134
0.000107
0.000117
0.000125
0.000078
0.000091
0.000120
0.000102
0.000078
0.000071
0.000097
0.000087
0.000081
0.000071
0.000090
0.000097
0.000064
0.000057
0.000063
0.000074
0.000080
0.000092
0.000071
0.000084
0.000067
0.000057
0.000059
0.000053
0.000045
0.000107
0.000063
0.000076
0.000067
0.000062
0.000047
0.000062
0.000074
0.000045
0.000046
0.000046
0.000038
0.000046
0.000040
0.000041
0.000063
0.000076
0.000125
0.000136
0.000050
0.000057
0.000057
0.000061
0.000044
0.000030
0.000034
0.000035
0.000040
0.000032
0.000030
0.000030
0.000037
0.000033
0.000029
0.000031
0.000029
0.000034
0.000032
0.000040
0.000032
0.000031
0.000031
0.000028
0.000030
0.000025
0.000042
0.000031
0.000026
0.000027
0.000026
0.000027
0.000024
0.000025
0.000024
0.000031
0.000026
0.000055
0.000050
0.000028
0.000028
0.000022
0.000030
0.000032
0.000022
0.000023
0.000035
0.000022
0.000031
0.000028
0.000022
0.000019
0.000026
0.000016
0.000029
0.000016
0.000017
0.000017
0.000020
0.000016
0.000026
0.000024
0.000022
0.000021
0.000021
0.000024
0.000029
0.000024
0.000021
0.000029
0.000019
0.000018
0.000026
0.000046
0.000017
0.000027
0.000019
0.000026
0.000021
0.000017
0.000022
0.000021
0.000021
0.000018
0.000017
0.000018
