0.111206
0.061455
0.052813
0.045430
0.043048
0.040676
0.038817
0.035726
0.032606
0.032916
0.031998
0.034194
0.031727
0.034134
0.028423
0.027058
0.024619
0.021901
0.022978
0.023408
0.019444
0.016650
0.018240
0.017991
0.017369
0.019610
0.017354
0.017874
0.015150
0.016749
0.015346
0.014225
0.016112
0.011716
0.012923
0.010930
0.010787
0.009290
0.008525
0.010148
0.007092
0.008266
0.009809
0.009059
0.008954
0.008759
0.008937
0.009324
0.006663
0.005346
0.004610
0.004355
0.004268
0.003874
0.003626
0.004133
0.003776
0.003245
0.003675
0.003054
0.003324
0.003469
0.002204
0.001984
0.003035
0.005727
0.011197
0.010504
0.007006
0.009088
0.006901
0.004885
0.005130
0.007587
0.004567
0.008835
0.004595
0.005716
0.003559
0.004000
0.004116
0.003030
0.003634
0.003198
0.004601
0.004171
0.003947
0.002820
0.002140
0.002138
0.002399
0.001858
0.001410
0.001617
0.001168
0.001332
0.001247
0.001131
0.001016
0.001932
0.000954
0.000984
0.000985
0.000690
0.001202
0.001055
0.002595
0.007636
0.008966
0.007499
0.008723
0.006918
0.005900
0.006782
0.005392
0.003773
0.004953
0.002479
0.002110
0.001949
0.001397
0.001597
0.000997
0.001168
0.001258
0.000851
0.000977
0.000954
0.000756
0.000630
0.000406
0.000472
0.000482
0.000595
0.000767
0.000450
0.000394
0.000321
0.000262
0.000413
0.001261
0.000781
0.000663
0.000507
0.000388
0.000470
0.000484
0.000536
0.001566
0.001258
0.000732
0.000354
0.000466
0.000488
0.000281
0.000286
0.000268
0.000269
0.000302
0.000209
0.000226
0.000856
0.002775
0.001857
0.007029
0.013053
0.005588
0.006012
0.013466
0.013907
0.010611
0.007935
0.008187
0.003578
0.004496
0.003670
0.007391
0.003378
0.002555
0.003077
0.002343
0.002250
0.000857
0.001109
0.001382
0.001261
0.001102
0.001485
0.000999
0.001004
0.000717
0.000373
0.000452
0.000386
0.000333
0.000292
0.000308
0.000214
0.000225
0.000174
0.000211
0.000169
0.000176
0.000201
0.000209
0.000130
0.000139
0.000112
0.000108
0.000120
0.000253
0.000597
0.001685
0.000923
0.001673
0.002766
0.001078
0.000819
0.000627
0.000419
0.000313
0.000226
0.000228
0.000203
0.000109
0.000212
0.000163
0.000145
0.000101
0.000094
0.000099
0.000087
0.000080
0.000073
0.000132
0.000084
0.000113
0.000072
0.000124
0.000114
0.000087
0.000205
0.000065
0.000177
0.000191
0.000111
0.000628
0.000268
0.000811
0.000371
