0.068715
0.064917
0.066840
0.065842
0.062530
0.061090
0.062985
0.056488
0.060263
0.062018
0.055492
0.049296
0.050462
0.050236
0.050796
0.045675
0.043985
0.042795
0.046032
0.044015
0.037216
0.038553
0.041175
0.037283
0.032993
0.039985
0.036909
0.032434
0.033469
0.030701
0.028722
0.032431
0.028646
0.029012
0.024753
0.022793
0.025461
0.020127
0.021029
0.018614
0.026208
0.024213
0.019675
0.024322
0.022988
0.026142
0.022930
0.027525
0.024256
0.019877
0.016827
0.023260
0.018567
0.026310
0.013136
0.012490
0.016833
0.015912
0.012797
0.016822
0.011914
0.011461
0.019410
0.010450
0.014811
0.008435
0.010469
0.017328
0.026909
0.012100
0.014499
0.012772
0.009316
0.007145
0.006410
0.009488
0.008815
0.008926
0.004116
0.010360
0.006202
0.007251
0.008436
0.006057
0.002920
0.005391
0.003868
0.008044
0.006171
0.005078
0.006031
0.002939
0.007842
0.008333
0.009971
0.007404
0.007906
0.005337
0.007667
0.006484
0.018721
0.002497
0.005811
0.019672
0.006807
0.008549
0.011085
0.012109
0.007890
0.007587
0.008458
0.007796
0.002933
0.002289
0.007310
0.002371
0.003140
0.007643
0.002770
0.004048
0.003417
0.008692
0.009289
0.008955
0.001991
0.007831
0.012247
0.005859
0.002860
0.018788
0.015887
0.084037
0.020253
0.008550
0.024952
0.009920
0.010047
0.012465
0.012810
0.004942
0.014871
0.008918
0.009435
0.010420
0.008729
0.006839
0.017373
0.004407
0.007802
0.009812
