0.137500
0.275000
0.287500
0.235000
0.277500
0.242500
0.290000
0.322500
0.325000
0.292500
0.350000
0.322500
0.350000
0.342500
0.342500
0.357500
0.372500
0.387500
0.360000
0.385000
0.387500
0.415000
0.425000
0.352500
0.380000
0.395000
0.430000
0.472500
0.487500
0.467500
0.502500
0.517500
0.517500
0.490000
0.447500
0.462500
0.512500
0.522500
0.527500
0.535000
0.530000
0.517500
0.572500
0.535000
0.522500
0.567500
0.570000
0.607500
0.577500
0.540000
0.557500
0.560000
0.595000
0.555000
0.540000
0.612500
0.565000
0.600000
0.612500
0.630000
0.615000
0.607500
0.600000
0.615000
0.615000
0.640000
0.627500
0.640000
0.640000
0.630000
0.660000
0.627500
0.665000
0.642500
0.645000
0.640000
0.650000
0.687500
0.627500
0.662500
0.672500
0.662500
0.680000
0.682500
0.667500
0.705000
0.700000
0.635000
0.625000
0.670000
0.670000
0.662500
0.670000
0.625000
0.647500
0.650000
0.650000
0.620000
0.675000
0.645000
0.590000
0.595000
0.590000
0.672500
0.642500
0.652500
0.627500
0.665000
0.670000
0.670000
0.530000
0.415000
0.447500
0.520000
0.602500
0.587500
0.650000
0.627500
0.657500
0.595000
0.647500
0.655000
0.655000
0.617500
0.630000
0.655000
0.657500
0.685000
0.697500
0.687500
0.682500
0.652500
0.610000
0.655000
0.610000
0.547500
0.560000
0.605000
0.615000
0.520000
0.572500
0.580000
0.647500
0.625000
0.675000
0.670000
0.662500
0.672500
0.675000
0.687500
