0.145654
0.141964
0.130191
0.114348
0.113295
0.117009
0.100468
0.090525
0.087788
0.072597
0.067977
0.058685
0.052826
0.048319
0.048187
0.045968
0.047568
0.049417
0.046620
0.046287
0.045599
0.046744
0.042359
0.040649
0.039438
0.039785
0.040116
0.040488
0.038813
0.038230
0.038466
0.040123
0.041295
0.045901
0.043452
0.038862
0.038168
0.039573
0.033741
0.033382
0.033784
0.035943
0.033964
0.033146
0.033401
0.032664
0.031022
0.032731
0.037130
0.034764
0.032936
0.029245
0.028532
0.033743
0.033050
0.033848
0.028518
0.026942
0.027262
0.028465
0.026117
0.033651
0.029299
0.027131
0.025254
0.024481
0.024461
0.024989
0.024048
0.021648
0.022481
0.024733
0.024062
0.027801
0.029942
0.030337
0.029567
0.027503
0.026779
0.025547
0.025281
0.023671
0.024606
0.023751
0.023155
0.024519
0.023093
0.021594
0.022095
0.024002
0.023199
0.021815
0.021717
0.021533
0.021927
0.020912
0.020345
0.018994
0.019103
0.019383
0.018820
0.019586
0.019628
0.027500
0.038280
0.040138
0.033140
0.028016
0.026920
0.023308
0.022497
0.024838
0.024021
0.026491
0.056958
0.044432
0.035640
0.033330
0.032865
0.030245
0.028617
0.031647
0.032943
0.035505
0.033906
0.026244
0.025056
0.026632
0.027609
0.025459
0.024663
0.025536
0.026367
0.022205
0.022901
0.023699
0.023311
0.024505
0.025417
0.021733
0.025825
0.023608
0.020027
0.025348
0.021978
0.032933
0.527521
1.983702
1.373586
0.139199
