0.075338
0.072108
0.070397
0.068435
0.064879
0.065383
0.065430
0.063963
0.060725
0.058969
0.064410
0.059773
0.059847
0.058901
0.055359
0.054724
0.058375
0.053910
0.052956
0.048400
0.047542
0.051004
0.047069
0.050195
0.048197
0.047796
0.043766
0.045453
0.042133
0.046126
0.046529
0.043940
0.040197
0.041001
0.038813
0.036969
0.041835
0.039891
0.033350
0.038502
0.033892
0.035283
0.031719
0.031704
0.034552
0.030603
0.037267
0.024683
0.029853
0.025889
0.030339
0.030576
0.027805
0.033503
0.030498
0.027289
0.029045
0.033433
0.026349
0.023960
0.027625
0.026119
0.025209
0.025738
0.030673
0.029869
0.031783
0.023106
0.022903
0.020871
0.019706
0.023027
0.025091
0.018167
0.024200
0.021472
0.021510
0.026478
0.026943
0.020105
0.023468
0.021790
0.034026
0.030693
0.021304
0.015140
0.022227
0.025176
0.018277
0.019149
0.023973
0.017028
0.020765
0.018874
0.018613
0.015804
0.010846
0.014355
0.016039
0.015705
0.018872
0.013255
0.019343
0.013527
0.014201
0.014287
0.010563
0.016713
0.008160
0.015432
0.019774
0.013854
0.010389
0.011662
0.018253
0.016311
0.012493
0.014089
0.016744
0.008825
0.015532
0.019921
0.012099
0.014359
0.008031
0.007832
0.022341
0.013417
0.014317
0.014436
0.011699
0.009379
0.011972
0.011987
0.008339
0.008432
0.008425
0.010890
0.009983
0.009202
0.014069
0.007722
0.006406
0.008091
0.006161
0.006482
0.004882
0.010407
0.005210
0.016187
