0.096978
0.075440
0.071718
0.071165
0.072792
0.070786
0.072554
0.070408
0.071419
0.069696
0.066900
0.068903
0.071678
0.064001
0.065327
0.060489
0.065712
0.059000
0.066731
0.064201
0.060396
0.060599
0.058995
0.061044
0.058686
0.059458
0.057388
0.055182
0.057278
0.060550
0.053842
0.055982
0.055699
0.053263
0.061022
0.056799
0.060599
0.051653
0.047511
0.053430
0.045300
0.045467
0.048526
0.049460
0.045182
0.046249
0.047235
0.047165
0.039417
0.039511
0.036820
0.048875
0.037515
0.035408
0.038828
0.039149
0.048013
0.035579
0.041271
0.036582
0.040516
0.031203
0.028019
0.030638
0.034176
0.027005
0.028407
0.037771
0.026607
0.026299
0.024969
0.022217
0.019589
0.025072
0.020447
0.020396
0.032553
0.026406
0.023464
0.022459
0.020949
0.025491
0.029625
0.020556
0.021980
0.018977
0.023800
0.022773
0.022401
0.017040
0.016105
0.024000
0.017644
0.023324
0.019145
0.024420
0.026055
0.018907
0.018496
0.025849
0.017233
0.019493
0.023249
0.010600
0.024404
0.019283
0.013145
0.024112
0.021853
0.019325
0.018011
0.026232
0.016034
0.014871
0.012985
0.010943
0.009104
0.017570
0.009034
0.007498
0.006646
0.010415
0.009573
0.010150
0.006482
0.009082
0.013717
0.015812
0.009828
0.010837
0.011442
0.012304
0.008430
0.008047
0.006149
0.006778
0.007020
0.006085
0.007049
0.007077
0.009848
0.007187
0.008283
0.006612
0.006959
0.028130
0.046292
0.013969
0.020151
0.017647
