0.087184
0.071828
0.071670
0.071670
0.071670
0.071670
0.071670
0.071670
0.071670
0.071670
0.071670
0.071203
0.071014
0.070480
0.070254
0.068802
0.071791
0.070318
0.066670
0.067797
0.066643
0.068134
0.065743
0.065718
0.063372
0.062269
0.063388
0.061886
0.060523
0.060987
0.061655
0.061772
0.059727
0.060110
0.061906
0.056188
0.058493
0.058587
0.062093
0.060163
0.059308
0.057641
0.057935
0.054494
0.057847
0.057685
0.060612
0.057715
0.057760
0.055704
0.054662
0.056929
0.054990
0.055788
0.055405
0.053494
0.054782
0.054693
0.053210
0.052557
0.052692
0.054224
0.052895
0.051142
0.055977
0.057143
0.056444
0.055827
0.055913
0.054568
0.051543
0.051527
0.052957
0.053830
0.049845
0.050242
0.051041
0.049622
0.049441
0.052044
0.050833
0.050179
0.050522
0.048828
0.050447
0.051818
0.049522
0.049873
0.048082
0.048996
0.053092
0.049515
0.048867
0.048337
0.049118
0.049302
0.048192
0.049840
0.050959
0.052201
0.052056
0.050964
0.054646
0.048137
0.049547
0.049090
0.049855
0.052390
0.046859
0.054823
0.047180
0.050821
0.047862
0.050425
0.046635
0.049871
0.046073
0.046556
0.045872
0.047877
0.045625
0.043962
0.048080
0.045592
0.046498
0.043149
0.046506
0.047493
0.046368
0.046551
0.044740
0.050222
0.047552
0.047403
0.047637
0.044759
0.040478
0.044928
0.043604
0.041465
0.041866
0.041362
0.037109
0.037586
0.038722
0.041538
0.037801
0.034499
0.036759
0.040428
