0.228850
0.078714
0.072133
0.071670
0.071670
0.071670
0.071670
0.071670
0.071670
0.071670
0.068871
0.076198
0.070878
0.071670
0.071670
0.071670
0.071670
0.071670
0.071670
0.071670
0.071670
0.071670
0.071670
0.071670
0.071670
0.071670
0.071670
0.071670
0.071670
0.071670
0.071670
0.071670
0.071670
0.071670
0.071670
0.071670
0.071670
0.071670
0.071670
0.071670
0.071670
0.070371
0.069926
0.067336
0.065830
0.070366
0.070969
0.066544
0.063369
0.065258
0.066053
0.062465
0.064470
0.064073
0.068244
0.062539
0.061265
0.062336
0.061637
0.061174
0.060295
0.061030
0.057263
0.059559
0.056625
0.059077
0.059568
0.059051
0.058340
0.060506
0.055660
0.054619
0.055235
0.066343
0.055631
0.055604
0.055536
0.058550
0.062504
0.061917
0.061142
0.058451
0.058358
0.059688
0.057679
0.055898
0.055827
0.062524
0.059322
0.056190
0.060179
0.056335
0.057666
0.058068
0.058834
0.055181
0.057391
0.056851
0.055294
0.058660
0.055393
0.056823
0.054082
0.052397
0.053434
0.052010
0.054938
0.054279
0.053377
0.050838
0.052685
0.051881
0.050082
0.051916
0.051606
0.054289
0.052392
0.049062
0.049641
0.050054
0.051771
0.050503
0.048333
0.048759
0.051224
0.049701
0.050820
0.048344
0.046333
0.049480
0.048332
0.048592
0.050305
0.051097
0.049319
0.048043
0.047090
0.048903
0.049552
0.047729
0.048205
0.048968
0.046493
0.045508
0.050285
0.047370
0.047162
0.049591
0.047413
0.047805
