0.129390
0.084667
0.091102
0.085039
0.073044
0.070051
0.069551
0.065811
0.062419
0.062848
0.060819
0.061185
0.055639
0.057909
0.054235
0.053632
0.054682
0.050914
0.051249
0.051175
0.051363
0.049488
0.044654
0.046185
0.047346
0.040556
0.044335
0.042701
0.041012
0.040189
0.043632
0.040299
0.041095
0.043177
0.037788
0.034006
0.035713
0.033079
0.033782
0.035091
0.035513
0.035832
0.035577
0.037110
0.033871
0.034134
0.030797
0.030578
0.028809
0.029423
0.031448
0.029564
0.028240
0.029961
0.028600
0.026338
0.028411
0.026881
0.025844
0.025677
0.024443
0.024241
0.025273
0.027217
0.025147
0.022921
0.024324
0.024210
0.023553
0.022544
0.023776
0.023926
0.021765
0.021446
0.021765
0.022719
0.021420
0.021338
0.022659
0.023042
0.022262
0.023157
0.021119
0.022746
0.022315
0.021479
0.019656
0.018660
0.020177
0.018788
0.020097
0.018977
0.019146
0.020604
0.019089
0.018420
0.017327
0.016842
0.017445
0.017705
0.016226
0.016898
0.017330
0.017200
0.015438
0.015605
0.015156
0.015843
0.016271
0.016310
0.017532
0.014716
0.016652
0.014860
0.016617
0.014869
0.014800
0.015041
0.016008
0.015042
0.013664
0.012850
0.014064
0.013279
0.014374
0.013718
0.012699
0.013307
0.012918
0.013348
0.012476
0.013451
0.013934
0.014273
0.013244
0.014133
0.013335
0.012777
0.012298
0.013293
0.012471
0.010959
0.013341
0.012344
0.010835
0.010130
0.011195
0.010835
0.010141
0.010222
