0.161569
0.137147
0.131718
0.122102
0.116736
0.108147
0.098603
0.086638
0.079053
0.071975
0.069548
0.068428
0.066003
0.063036
0.062126
0.059329
0.059002
0.058482
0.055222
0.053562
0.053935
0.053860
0.052663
0.051976
0.050968
0.052500
0.049328
0.047663
0.048463
0.049918
0.046916
0.046915
0.044636
0.044936
0.043376
0.048379
0.044980
0.046562
0.044076
0.042528
0.041372
0.043786
0.043653
0.044301
0.042173
0.046157
0.041176
0.039236
0.042083
0.040080
0.041999
0.041975
0.039289
0.040979
0.038696
0.037447
0.036615
0.036735
0.037380
0.035682
0.039852
0.034783
0.033889
0.032856
0.031586
0.034531
0.035553
0.032781
0.033730
0.032255
0.031555
0.032172
0.030538
0.030930
0.029798
0.029133
0.029604
0.029942
0.029039
0.029348
0.028665
0.028607
0.026799
0.027057
0.026976
0.023328
0.026348
0.024090
0.024571
0.024912
0.023312
0.021925
0.022682
0.023456
0.022824
0.022498
0.021209
0.021353
0.020681
0.021621
0.023390
0.022238
0.023856
0.021573
0.019399
0.019080
0.020813
0.018744
0.021227
0.019339
0.020707
0.021143
0.019170
0.018667
0.018416
0.021876
0.020881
0.018623
0.017481
0.018288
0.019202
0.017401
0.017155
0.019076
0.017186
0.019371
0.017076
0.017965
0.016259
0.017513
0.017706
0.015670
0.015984
0.016663
0.015107
0.016444
0.016158
0.016004
0.014886
0.015318
0.016394
0.015242
0.014943
0.015889
0.015898
0.013993
0.013829
0.014328
0.013837
0.014128
