0.100512
0.071670
0.071670
0.071670
0.071670
0.071670
0.071670
0.071670
0.071670
0.071950
0.073613
0.067271
0.066366
0.059798
0.063244
0.061456
0.059739
0.065250
0.060268
0.059626
0.061172
0.062868
0.059504
0.056980
0.060909
0.059137
0.055502
0.058312
0.057025
0.057097
0.062447
0.059478
0.061270
0.060988
0.062283
0.060280
0.060119
0.060161
0.059318
0.061960
0.061149
0.061069
0.060240
0.059305
0.060744
0.059483
0.059677
0.061118
0.059279
0.060692
0.057225
0.059182
0.060409
0.058093
0.057715
0.059812
0.058646
0.059670
0.058227
0.059291
0.059816
0.060427
0.063002
0.059720
0.060972
0.060263
0.058695
0.059256
0.061957
0.058782
0.061061
0.061003
0.061167
0.061035
0.059304
0.061097
0.061345
0.063488
0.060260
0.059232
0.060177
0.060166
0.060156
0.060133
0.061154
0.061188
0.060992
0.060786
0.058871
0.062321
0.060760
0.059693
0.062522
0.059549
0.059560
0.059073
0.061102
0.059422
0.059672
0.058041
0.057462
0.058852
0.059302
0.055787
0.057464
0.057607
0.057590
0.055615
0.055389
0.053463
0.056087
0.056371
0.057463
0.056904
0.054068
0.054012
0.056152
0.056695
0.056189
0.054404
0.056220
0.051053
0.055774
0.058199
0.056093
0.056607
0.053167
0.054049
0.056254
0.054400
0.053100
0.050552
0.050497
0.056242
0.051158
0.054847
0.050118
0.049689
0.053033
0.055008
0.054911
0.054366
0.051479
0.053958
0.055792
0.052876
0.053647
0.054456
0.056031
0.050651
