0.073896
0.071828
0.071670
0.071670
0.071670
0.071670
0.071670
0.071670
0.071670
0.070008
0.068669
0.068653
0.071303
0.070468
0.069602
0.069296
0.069366
0.066597
0.060786
0.059985
0.061479
0.059615
0.057201
0.057836
0.059693
0.059550
0.057892
0.057041
0.057898
0.057798
0.056364
0.055764
0.056344
0.056930
0.058264
0.057536
0.057611
0.057460
0.056619
0.058916
0.057289
0.057990
0.055751
0.057924
0.057243
0.057289
0.056256
0.057748
0.057609
0.058395
0.056201
0.058505
0.054873
0.056096
0.057537
0.056870
0.055924
0.056636
0.057199
0.055775
0.058161
0.055789
0.057557
0.057529
0.059214
0.056288
0.056556
0.054289
0.055669
0.052777
0.058658
0.051056
0.053119
0.055214
0.049677
0.053838
0.050919
0.056655
0.054511
0.053768
0.049416
0.048455
0.051974
0.050745
0.054858
0.049251
0.047632
0.049321
0.048024
0.048459
0.046098
0.043305
0.047825
0.044620
0.044540
0.045811
0.045545
0.039554
0.046268
0.043732
0.046053
0.037830
0.038729
0.039621
0.043682
0.038624
0.041682
0.038184
0.044703
0.049052
0.039416
0.041625
0.038897
0.036098
0.050290
0.041683
0.043481
0.037338
0.031462
0.042138
0.033168
0.036730
0.028878
0.041310
0.037130
0.029820
0.035572
0.029895
0.024444
0.022751
0.024999
0.023746
0.022697
0.024286
0.019750
0.019404
0.029503
0.026038
0.029586
0.019328
0.023393
0.025873
0.025018
0.020880
0.020408
0.022369
0.019391
0.025074
0.025810
0.015247
