0.130416
0.100719
0.083697
0.076344
0.064564
0.069703
0.061377
0.055502
0.056509
0.059064
0.057084
0.051956
0.052932
0.049097
0.052194
0.049122
0.049308
0.048918
0.049425
0.042507
0.044936
0.040120
0.043332
0.042143
0.041430
0.035885
0.044108
0.039193
0.039398
0.039878
0.038108
0.038612
0.038193
0.036326
0.037326
0.034098
0.039408
0.037083
0.035576
0.031323
0.037344
0.035499
0.035761
0.031957
0.031432
0.033184
0.029602
0.030916
0.032239
0.031985
0.030057
0.030882
0.029349
0.029714
0.027077
0.028520
0.028479
0.027950
0.028997
0.023534
0.024555
0.023866
0.023941
0.023612
0.030336
0.024635
0.022322
0.023162
0.024453
0.021454
0.022707
0.021941
0.022436
0.023648
0.022762
0.021641
0.019074
0.016822
0.025293
0.023999
0.023243
0.018369
0.018205
0.019647
0.017088
0.015183
0.014400
0.016865
0.015092
0.014492
0.013654
0.013948
0.017332
0.012359
0.018819
0.018601
0.015476
0.015122
0.014500
0.015987
0.009553
0.015327
0.011555
0.012802
0.010579
0.013742
0.012223
0.014354
0.011585
0.013449
0.008492
0.018918
0.012595
0.013038
0.010390
0.012612
0.010827
0.013200
0.009264
0.009090
0.015206
0.006436
0.007407
0.006993
0.008274
0.007605
0.009662
0.011254
0.009676
0.009356
0.010460
0.009025
0.010097
0.008727
0.009573
0.008022
0.008855
0.009672
0.005865
0.005179
0.006791
0.008269
0.006478
0.010998
0.005415
0.004876
0.006131
0.002937
0.010287
0.007087
