0.309056
0.184138
0.178527
0.120065
0.102286
0.092547
0.068961
0.061680
0.055228
0.041808
0.042502
0.039507
0.034764
0.024767
0.021289
0.021000
0.021626
0.018116
0.015652
0.014429
0.012531
0.012505
0.009674
0.009332
0.007314
0.007946
0.005755
0.007158
0.005711
0.005818
0.004640
0.005068
0.004664
0.004183
0.003477
0.003705
0.003347
0.003001
0.002871
0.002707
0.002650
0.003049
0.003037
0.003225
0.002922
0.003077
0.002506
0.002290
0.002305
0.001919
0.001778
0.001877
0.001814
0.001758
0.001570
0.001445
0.001338
0.001340
0.001222
0.001328
0.001111
0.001385
0.001618
0.001844
0.001341
0.001649
0.001290
0.001071
0.001271
0.001312
0.001075
0.001340
0.001294
0.001178
0.001037
0.001046
0.001024
0.001038
0.000987
0.000894
0.000860
0.000830
0.001012
0.000951
0.000903
0.001098
0.000933
0.001032
0.000948
0.000831
0.001133
0.001015
0.001007
0.001010
0.000789
0.000816
0.000844
0.000882
0.000936
0.000823
0.000719
0.000768
0.000709
0.000690
0.000690
0.000732
0.000718
0.000652
0.000628
0.000687
0.000617
0.000742
0.000682
0.000608
0.000563
0.000519
0.000745
0.000738
0.000663
0.000748
0.000628
0.000714
0.000656
0.000630
0.000496
0.000534
0.000542
0.000562
0.000583
0.000598
0.000604
0.000510
0.000505
0.000500
0.000484
0.000556
0.000615
0.000581
0.000599
0.000479
0.000411
0.000418
0.000375
0.000437
0.000414
0.000394
0.000398
0.000351
0.000320
0.000294
