0.665921
0.403552
0.163984
0.139790
0.104147
0.072657
0.069687
0.070845
0.068396
0.066494
0.067689
0.065203
0.064298
0.063493
0.061312
0.062057
0.060015
0.061820
0.061954
0.060868
0.059812
0.059771
0.059395
0.059318
0.058494
0.057340
0.056013
0.059269
0.057508
0.058380
0.055284
0.055494
0.057311
0.058709
0.055964
0.055648
0.056343
0.054383
0.056365
0.057132
0.053309
0.056319
0.055410
0.054605
0.051661
0.053888
0.052002
0.052350
0.053990
0.049181
0.051862
0.048626
0.049544
0.048108
0.049728
0.048149
0.050540
0.048892
0.048874
0.047176
0.045250
0.047142
0.046474
0.046089
0.045104
0.046559
0.047646
0.045959
0.046645
0.044970
0.044464
0.047317
0.045574
0.044573
0.044080
0.043423
0.043713
0.044088
0.044091
0.041810
0.043416
0.040456
0.043277
0.040329
0.040615
0.038932
0.037260
0.040134
0.036698
0.035920
0.033213
0.034305
0.033371
0.034397
0.029999
0.031145
0.031472
0.030645
0.031685
0.029038
0.028905
0.029443
0.028597
0.031030
0.031163
0.030077
0.030571
0.025196
0.029214
0.032117
0.026533
0.027669
0.025338
0.027527
0.029738
0.027554
0.028163
0.028377
0.025988
0.024877
0.026819
0.026635
0.025889
0.027038
0.024900
0.024980
0.027393
0.026483
0.027344
0.026588
0.025107
0.025629
0.025741
0.024137
0.024258
0.023893
0.025697
0.021062
0.025797
0.022444
0.021969
0.025429
0.024203
0.025569
0.023529
0.023401
0.022136
0.022842
0.024388
0.021737
