0.150112
0.110537
0.085301
0.088770
0.073277
0.072565
0.070818
0.073417
0.070515
0.071943
0.070205
0.070209
0.071498
0.068530
0.068389
0.067589
0.067837
0.067498
0.065930
0.067220
0.067287
0.068805
0.068143
0.070371
0.066215
0.066646
0.067297
0.066880
0.064324
0.065100
0.063772
0.065702
0.065935
0.066254
0.066515
0.063826
0.066337
0.068053
0.065234
0.068797
0.067199
0.065287
0.063436
0.062739
0.062536
0.063107
0.060321
0.060898
0.060491
0.061870
0.062203
0.062183
0.057999
0.056416
0.056074
0.055520
0.057347
0.053294
0.054434
0.054541
0.054919
0.055465
0.052782
0.056432
0.052277
0.061100
0.052183
0.059118
0.056759
0.055554
0.055396
0.054356
0.051443
0.056125
0.053311
0.054480
0.058678
0.052150
0.050386
0.052539
0.052230
0.050859
0.054080
0.050243
0.053479
0.051097
0.052468
0.054241
0.052143
0.052535
0.053573
0.050442
0.059603
0.051512
0.056035
0.057135
0.054352
0.053876
0.053671
0.051083
0.051690
0.051506
0.051476
0.048487
0.044131
0.046415
0.046948
0.051091
0.046002
0.047518
0.048553
0.044174
0.047022
0.044342
0.045325
0.047690
0.048375
0.047541
0.042166
0.043056
0.041385
0.044377
0.047843
0.040937
0.046599
0.040510
0.039807
0.044895
0.041456
0.047836
0.047020
0.044897
0.039761
0.041259
0.038401
0.042038
0.044104
0.043864
0.040383
0.043410
0.041550
0.043529
0.039772
0.039852
0.038966
0.038750
0.045202
0.049571
0.037819
0.050606
