0.124137
0.111869
0.102879
0.087094
0.084910
0.078163
0.062151
0.062686
0.059465
0.058143
0.058594
0.055689
0.050028
0.059630
0.046321
0.048379
0.049130
0.039749
0.042110
0.042747
0.046169
0.039460
0.033717
0.038892
0.040585
0.035827
0.034549
0.033204
0.033852
0.027090
0.028232
0.024563
0.026038
0.026346
0.022872
0.020758
0.019866
0.018573
0.017165
0.018079
0.015071
0.014647
0.013267
0.013594
0.009710
0.010338
0.009744
0.008872
0.011645
0.005786
0.009772
0.005379
0.009074
0.005322
0.004505
0.005338
0.004820
0.004318
0.006551
0.003055
0.004787
0.003830
0.002815
0.003073
0.001683
0.002622
0.002787
0.001509
0.002082
0.001628
0.001681
0.000882
0.001494
0.001640
0.000936
0.001375
0.000802
0.001219
0.000894
0.001811
0.000726
0.000610
0.001046
0.000499
0.000405
0.000502
0.003281
0.000687
0.001302
0.001760
0.000785
0.001601
0.001295
0.001078
0.000735
0.000890
0.001216
0.000706
0.000734
0.000528
0.000539
0.001180
0.000342
0.008853
0.000524
0.002069
0.004323
0.003825
0.010901
0.027012
0.014590
0.012030
0.023261
0.002699
0.013856
0.009745
0.008353
0.005373
0.013343
0.006943
0.003314
0.012722
0.016690
0.009485
0.020378
0.005266
0.002861
0.001602
0.012740
0.001205
0.001008
0.002890
0.002871
0.002420
0.001411
0.001343
0.001714
0.001262
0.001735
0.002298
0.000453
0.001271
0.000905
0.001435
0.000552
0.000412
0.000271
0.000465
0.000633
0.000677
