0.145000
0.260000
0.300000
0.345000
0.385000
0.445000
0.495000
0.535000
0.595000
0.650000
0.660000
0.735000
0.780000
0.700000
0.730000
0.765000
0.780000
0.850000
0.800000
0.760000
0.735000
0.780000
0.800000
0.895000
0.860000
0.885000
0.895000
0.905000
0.940000
0.935000
0.975000
0.965000
0.955000
0.965000
0.975000
0.965000
0.985000
0.995000
0.980000
0.990000
0.985000
0.985000
0.995000
0.990000
0.995000
0.990000
0.995000
0.985000
0.990000
0.995000
0.995000
0.995000
0.995000
0.985000
0.985000
0.975000
0.975000
0.995000
0.995000
0.995000
0.995000
0.995000
0.995000
0.995000
0.995000
0.995000
0.995000
0.995000
1.000000
1.000000
1.000000
1.000000
1.000000
1.000000
1.000000
1.000000
0.995000
0.985000
1.000000
0.980000
0.985000
0.975000
1.000000
0.995000
0.975000
0.980000
0.980000
0.990000
0.975000
0.990000
0.990000
1.000000
0.985000
0.975000
0.985000
0.935000
0.950000
0.945000
0.880000
0.820000
0.870000
0.855000
0.735000
0.765000
0.745000
0.790000
0.770000
0.760000
0.815000
0.810000
0.905000
0.905000
0.875000
0.900000
0.940000
0.940000
0.965000
0.980000
0.960000
0.990000
0.980000
0.975000
0.990000
0.995000
1.000000
0.990000
1.000000
0.995000
1.000000
0.990000
0.995000
0.980000
0.965000
0.975000
0.980000
0.975000
0.975000
0.975000
1.000000
0.975000
0.985000
1.000000
1.000000
1.000000
1.000000
1.000000
1.000000
1.000000
1.000000
1.000000
