0.135000
0.205000
0.315000
0.340000
0.430000
0.475000
0.540000
0.655000
0.530000
0.635000
0.585000
0.665000
0.675000
0.660000
0.710000
0.785000
0.750000
0.840000
0.855000
0.865000
0.875000
0.925000
0.905000
0.940000
0.945000
0.875000
0.935000
0.935000
0.975000
0.935000
0.970000
0.965000
0.980000
0.965000
0.960000
0.965000
0.965000
0.975000
0.975000
0.990000
0.990000
0.995000
0.980000
1.000000
0.990000
0.995000
1.000000
1.000000
0.970000
0.975000
0.990000
0.985000
0.995000
1.000000
1.000000
0.995000
0.995000
1.000000
0.995000
1.000000
1.000000
1.000000
1.000000
1.000000
1.000000
1.000000
1.000000
1.000000
1.000000
1.000000
1.000000
1.000000
1.000000
1.000000
1.000000
1.000000
1.000000
1.000000
1.000000
1.000000
1.000000
1.000000
1.000000
1.000000
1.000000
1.000000
1.000000
1.000000
1.000000
1.000000
1.000000
1.000000
1.000000
1.000000
1.000000
1.000000
1.000000
1.000000
1.000000
1.000000
1.000000
1.000000
1.000000
1.000000
1.000000
1.000000
1.000000
1.000000
1.000000
1.000000
1.000000
1.000000
1.000000
1.000000
1.000000
1.000000
1.000000
1.000000
1.000000
1.000000
1.000000
1.000000
1.000000
1.000000
1.000000
1.000000
1.000000
1.000000
1.000000
1.000000
1.000000
1.000000
1.000000
1.000000
1.000000
1.000000
1.000000
1.000000
1.000000
1.000000
1.000000
0.995000
0.980000
0.995000
0.890000
0.855000
0.660000
0.685000
0.655000
0.755000
