0.165000
0.155000
0.215000
0.260000
0.280000
0.305000
0.320000
0.340000
0.360000
0.400000
0.415000
0.415000
0.415000
0.450000
0.430000
0.450000
0.460000
0.480000
0.475000
0.475000
0.515000
0.495000
0.510000
0.530000
0.550000
0.570000
0.545000
0.570000
0.565000
0.565000
0.570000
0.610000
0.610000
0.635000
0.580000
0.655000
0.665000
0.655000
0.690000
0.665000
0.680000
0.710000
0.700000
0.690000
0.695000
0.700000
0.700000
0.660000
0.685000
0.670000
0.705000
0.670000
0.785000
0.785000
0.715000
0.685000
0.770000
0.785000
0.795000
0.795000
0.840000
0.820000
0.845000
0.830000
0.865000
0.875000
0.860000
0.920000
0.900000
0.920000
0.850000
0.920000
0.910000
0.910000
0.900000
0.825000
0.860000
0.890000
0.955000
0.955000
0.975000
0.960000
0.905000
0.925000
0.935000
0.920000
0.945000
0.945000
0.980000
0.945000
0.975000
0.985000
0.985000
0.980000
0.990000
1.000000
0.995000
1.000000
1.000000
1.000000
1.000000
1.000000
1.000000
1.000000
1.000000
1.000000
1.000000
1.000000
1.000000
1.000000
1.000000
0.995000
1.000000
1.000000
1.000000
1.000000
1.000000
1.000000
0.995000
1.000000
1.000000
1.000000
1.000000
0.995000
1.000000
1.000000
0.995000
1.000000
1.000000
1.000000
1.000000
1.000000
1.000000
1.000000
1.000000
1.000000
1.000000
1.000000
1.000000
1.000000
1.000000
1.000000
1.000000
1.000000
1.000000
1.000000
1.000000
1.000000
1.000000
1.000000
