0.091118
0.070237
0.058457
0.052377
0.052786
0.046399
0.045680
0.040024
0.041679
0.034244
0.032727
0.030444
0.027453
0.028077
0.027105
0.023698
0.023206
0.021222
0.022887
0.025813
0.022428
0.022439
0.018188
0.017368
0.015151
0.017009
0.013756
0.013819
0.010928
0.010706
0.010567
0.008651
0.008106
0.008618
0.008103
0.006889
0.006080
0.005203
0.006412
0.004791
0.004802
0.003801
0.003742
0.003231
0.003166
0.003045
0.002658
0.002653
0.002772
0.002432
0.002955
0.002169
0.002208
0.002594
0.003457
0.003420
0.003576
0.002098
0.002453
0.002380
0.001712
0.001620
0.001457
0.001540
0.001473
0.001436
0.001334
0.002134
0.001176
0.001120
0.000879
0.000750
0.000674
0.000646
0.000592
0.000682
0.001389
0.001894
0.001855
0.002139
0.002641
0.002275
0.001695
0.002387
0.002669
0.002664
0.003335
0.002655
0.002195
0.001607
0.001505
0.001288
0.001932
0.003198
0.003470
0.007489
0.007258
0.009100
0.013072
0.020277
0.012006
0.015764
0.030526
0.030781
0.025334
0.021302
0.019972
0.028375
0.017983
0.020475
0.009691
0.009056
0.011639
0.010422
0.006244
0.008297
0.004357
0.003557
0.003767
0.003158
0.002436
0.003015
0.002026
0.001338
0.000907
0.001035
0.000995
0.000914
0.000538
0.001009
0.001289
0.002805
0.003093
0.003226
0.002926
0.002531
0.002689
0.002054
0.001312
0.001937
0.001400
0.000667
0.000671
0.000405
0.000394
0.000334
0.000283
0.000247
0.000692
0.000473
