0.343275
0.121480
0.087825
0.070727
0.071668
0.068290
0.065822
0.067133
0.068080
0.065397
0.067072
0.067061
0.066321
0.066716
0.065477
0.066466
0.066849
0.066342
0.066716
0.065333
0.065834
0.066217
0.066476
0.064390
0.065279
0.065268
0.066120
0.064384
0.064629
0.065855
0.064765
0.064760
0.063681
0.062439
0.063567
0.063936
0.064295
0.064047
0.063466
0.061028
0.059915
0.062512
0.064114
0.059230
0.058261
0.058911
0.056961
0.058154
0.057595
0.055295
0.056130
0.054862
0.053767
0.054628
0.054910
0.053281
0.054521
0.051219
0.051415
0.051685
0.049761
0.050432
0.050023
0.048703
0.045737
0.050887
0.047957
0.044218
0.046975
0.045909
0.044573
0.045711
0.042943
0.044636
0.040866
0.042476
0.041694
0.043340
0.040718
0.041413
0.043659
0.040813
0.041212
0.043576
0.042213
0.040676
0.040354
0.040894
0.041457
0.039731
0.041184
0.038829
0.040180
0.039594
0.038220
0.038096
0.038883
0.040674
0.037688
0.039967
0.037309
0.039765
0.039912
0.036612
0.033987
0.036495
0.037115
0.033543
0.034945
0.033855
0.036744
0.034569
0.033091
0.036364
0.033801
0.034804
0.034902
0.033259
0.032602
0.032126
0.033004
0.031718
0.032837
0.030728
0.033133
0.031699
0.033098
0.029796
0.031499
0.030720
0.030482
0.030442
0.034162
0.031663
0.030772
0.032631
0.028693
0.032706
0.033221
0.032169
0.032253
0.033889
0.031166
0.029577
0.034945
0.031489
0.031264
0.032300
0.029707
0.029890
