0.165247
0.078895
0.074588
0.073431
0.071416
0.072650
0.071324
0.070350
0.070569
0.067822
0.072478
0.070884
0.068932
0.067233
0.067841
0.065481
0.063834
0.064442
0.061906
0.060697
0.058821
0.061591
0.062656
0.062796
0.060289
0.059783
0.059757
0.056510
0.058611
0.058278
0.058458
0.057489
0.058504
0.057381
0.057664
0.056133
0.053096
0.053029
0.054916
0.055588
0.055911
0.058396
0.053315
0.053260
0.056013
0.054615
0.057277
0.050291
0.058057
0.054159
0.054373
0.049510
0.045731
0.045491
0.044891
0.039588
0.047185
0.041457
0.046463
0.042465
0.057442
0.045806
0.045429
0.043045
0.047035
0.043948
0.039828
0.039395
0.039266
0.039340
0.039567
0.040392
0.039015
0.036166
0.037457
0.035004
0.037320
0.037310
0.035335
0.035971
0.031394
0.033834
0.035972
0.035756
0.034541
0.036378
0.037283
0.032748
0.032094
0.031744
0.032531
0.033087
0.040227
0.033994
0.032961
0.031290
0.033626
0.029876
0.039810
0.034330
0.039377
0.048192
0.041755
0.040266
0.040625
0.048282
0.039256
0.040625
0.041786
0.056586
0.028905
0.028948
0.028763
0.029432
0.026353
0.027970
0.024096
0.021797
0.021245
0.023457
0.020569
0.026122
0.020342
0.021119
0.020741
0.020881
0.022750
0.018395
0.017875
0.016348
0.017115
0.017286
0.021939
0.018088
0.018196
0.024788
0.030312
0.026551
0.029604
0.031037
0.034527
0.031341
0.029643
0.026492
0.025292
0.024406
0.020457
0.017415
0.019801
0.017364
