0.079503
0.070772
0.071873
0.068534
0.065242
0.066069
0.062378
0.062873
0.060456
0.059550
0.061805
0.059706
0.056683
0.060851
0.059576
0.058478
0.060640
0.057226
0.053951
0.055812
0.055224
0.053660
0.052161
0.052540
0.051257
0.051244
0.051836
0.048051
0.048539
0.049605
0.052310
0.050296
0.051066
0.047404
0.048100
0.047473
0.046387
0.044249
0.045675
0.039929
0.046934
0.042819
0.041851
0.040075
0.039811
0.042405
0.039481
0.040337
0.038417
0.039297
0.035086
0.035888
0.036302
0.039660
0.035090
0.038045
0.035957
0.037403
0.031996
0.035398
0.029350
0.027314
0.030533
0.022142
0.028116
0.025783
0.022497
0.020089
0.025294
0.019467
0.020139
0.019342
0.020585
0.018675
0.024720
0.019810
0.014432
0.016181
0.012466
0.014160
0.018648
0.014355
0.016535
0.013216
0.010892
0.012472
0.013791
0.008973
0.010601
0.010693
0.011010
0.009480
0.010203
0.010899
0.008081
0.012957
0.009863
0.007944
0.012888
0.009287
0.007721
0.007830
0.008614
0.005980
0.006730
0.006780
0.004848
0.005689
0.004268
0.003940
0.005380
0.006320
0.003184
0.004004
0.003342
0.003426
0.003751
0.003732
0.004316
0.003734
0.002702
0.003479
0.003508
0.003519
0.004260
0.004266
0.002427
0.003358
0.003340
0.003339
0.003466
0.002520
0.004200
0.003323
0.003357
0.002509
0.002498
0.003311
0.002459
0.004186
0.003267
0.004152
0.002716
0.003666
0.003652
0.004362
0.002590
0.004248
0.002717
0.003341
