0.108763
0.071868
0.068872
0.069471
0.069211
0.068288
0.067061
0.063461
0.063394
0.061443
0.066855
0.061581
0.059381
0.058752
0.055125
0.057603
0.059203
0.057647
0.055305
0.056113
0.054058
0.055036
0.050918
0.054646
0.052516
0.051471
0.051727
0.049714
0.047310
0.047616
0.048150
0.046742
0.043840
0.044704
0.042089
0.039608
0.040034
0.035599
0.035967
0.037530
0.036015
0.036135
0.033628
0.031658
0.032338
0.033017
0.030983
0.036665
0.028782
0.030818
0.034552
0.029285
0.030741
0.029675
0.030081
0.027712
0.029897
0.025945
0.026963
0.023667
0.021834
0.018899
0.017339
0.018152
0.019750
0.012745
0.013521
0.012874
0.014309
0.011527
0.013796
0.010928
0.008239
0.009879
0.009863
0.007774
0.007438
0.005579
0.007283
0.006583
0.005780
0.005652
0.005688
0.005156
0.004459
0.005137
0.005405
0.004859
0.005643
0.005121
0.004731
0.003649
0.003972
0.003275
0.003206
0.003420
0.003069
0.001751
0.001715
0.002187
0.002213
0.001010
0.001101
0.001157
0.000957
0.001101
0.001448
0.000851
0.000576
0.000884
0.000761
0.000804
0.000833
0.001287
0.000607
0.001119
0.000440
0.000355
0.000360
0.000380
0.000416
0.000504
0.000269
0.000282
0.000230
0.000337
0.000438
0.000447
0.000379
0.000277
0.000258
0.000378
0.000225
0.000257
0.000190
0.000226
0.000323
0.000270
0.000310
0.000347
0.000257
0.000204
0.000312
0.000319
0.000255
0.000405
0.000490
0.000217
0.000230
0.000227
