0.095945
0.081387
0.072771
0.071797
0.070341
0.068365
0.069274
0.069138
0.068647
0.070416
0.069211
0.067225
0.067419
0.065931
0.067129
0.066090
0.064658
0.065420
0.061880
0.063358
0.062907
0.061497
0.062216
0.063775
0.060293
0.059402
0.057848
0.059452
0.059448
0.056255
0.057602
0.051772
0.052649
0.055656
0.053869
0.047792
0.046361
0.046051
0.049089
0.045029
0.045902
0.045298
0.043142
0.044021
0.040936
0.041174
0.038994
0.037227
0.035745
0.035009
0.031002
0.032588
0.030455
0.028103
0.032189
0.028347
0.028209
0.025943
0.024389
0.026675
0.019961
0.021911
0.019960
0.018620
0.017165
0.017509
0.015289
0.015890
0.013807
0.011648
0.010297
0.008815
0.011262
0.011041
0.009904
0.007987
0.008116
0.009402
0.007085
0.005678
0.004890
0.006244
0.005646
0.005992
0.004619
0.004510
0.004478
0.004193
0.002470
0.003396
0.003876
0.003073
0.002722
0.002345
0.002775
0.001973
0.002047
0.002141
0.001796
0.002358
0.001601
0.001634
0.001832
0.001123
0.001318
0.001251
0.001125
0.000895
0.001219
0.001100
0.000764
0.000923
0.001035
0.000785
0.000828
0.000520
0.000605
0.000528
0.000806
0.000828
0.000772
0.000634
0.000383
0.000531
0.000963
0.000684
0.000529
0.000490
0.000472
0.000290
0.000390
0.002627
0.000980
0.000503
0.000458
0.000514
0.000411
0.000840
0.001272
0.000652
0.000901
0.000425
0.001334
0.001080
0.000854
0.000913
0.000520
0.001474
0.009021
0.000556
