0.078395
0.072246
0.069377
0.069889
0.068628
0.065341
0.063858
0.065671
0.062988
0.065641
0.067319
0.063337
0.061221
0.060150
0.063080
0.060951
0.062463
0.058251
0.058201
0.056759
0.054721
0.056283
0.054858
0.056788
0.055274
0.054932
0.054953
0.053291
0.054577
0.053572
0.052636
0.053350
0.052172
0.053388
0.050861
0.052472
0.050943
0.048580
0.050989
0.049808
0.049034
0.048586
0.045688
0.045772
0.046200
0.048988
0.048086
0.045173
0.044293
0.045416
0.046147
0.045298
0.044163
0.043836
0.043074
0.044131
0.044164
0.042626
0.042377
0.041931
0.038167
0.037520
0.042131
0.037375
0.037594
0.039337
0.038585
0.036373
0.038993
0.036457
0.035739
0.035792
0.038656
0.033960
0.035754
0.030688
0.033654
0.032068
0.033254
0.032372
0.032640
0.028226
0.026393
0.025596
0.029116
0.027322
0.020960
0.018595
0.024103
0.019160
0.021735
0.015964
0.018284
0.016707
0.014465
0.014576
0.014799
0.012051
0.010664
0.013091
0.010143
0.011409
0.011598
0.009407
0.009133
0.007338
0.007973
0.008767
0.008878
0.007612
0.007788
0.005724
0.005458
0.006720
0.006520
0.005038
0.006601
0.006866
0.005438
0.006149
0.006672
0.006098
0.007019
0.014467
0.006860
0.005771
0.006324
0.007803
0.006585
0.005901
0.006932
0.007748
0.005594
0.008164
0.005866
0.005605
0.005723
0.003834
0.005881
0.006301
0.005055
0.004062
0.004079
0.004780
0.006058
0.003920
0.004738
0.004641
0.005544
0.004639
