0.079531
0.072147
0.071670
0.071670
0.071670
0.071670
0.071670
0.071670
0.071670
0.071670
0.071670
0.071670
0.071670
0.071203
0.071203
0.070839
0.071203
0.069904
0.070268
0.070376
0.069737
0.070503
0.070747
0.071909
0.070042
0.068400
0.067606
0.068232
0.065533
0.065271
0.064274
0.064093
0.060405
0.057679
0.058338
0.060332
0.058928
0.059794
0.052768
0.055687
0.047118
0.049703
0.049100
0.043100
0.048715
0.043574
0.038756
0.042552
0.038835
0.041820
0.040968
0.035589
0.037463
0.028020
0.039033
0.027484
0.029962
0.030068
0.027225
0.032129
0.028571
0.025386
0.024973
0.022297
0.022192
0.017501
0.027830
0.021572
0.021087
0.018972
0.023049
0.016320
0.028741
0.020757
0.016283
0.015423
0.014698
0.014870
0.012043
0.010703
0.011224
0.011423
0.009626
0.007818
0.007441
0.008364
0.006523
0.009237
0.009631
0.007739
0.007206
0.006478
0.008270
0.008113
0.005208
0.006588
0.005832
0.004758
0.006839
0.004614
0.004481
0.004402
0.004826
0.004790
0.005427
0.003597
0.004862
0.004727
0.004370
0.004550
0.004869
0.003268
0.002993
0.003459
0.003446
0.004917
0.003021
0.002687
0.003153
0.002480
0.002896
0.002451
0.002248
0.001971
0.002078
0.001994
0.001627
0.001718
0.002021
0.001774
0.002436
0.001501
0.001691
0.003099
0.002382
0.002476
0.001759
0.001582
0.001581
0.001858
0.001676
0.001630
0.002508
0.002073
0.002590
0.001985
0.001637
0.002729
0.003089
0.002866
