0.183577
0.154264
0.091228
0.097490
0.096609
0.083791
0.085821
0.070884
0.059962
0.070434
0.058816
0.054839
0.057300
0.053969
0.055684
0.055954
0.056872
0.061712
0.056557
0.053176
0.052402
0.055488
0.050807
0.052056
0.051623
0.058004
0.054675
0.052929
0.053214
0.052189
0.055488
0.053095
0.054386
0.051512
0.052311
0.048930
0.052955
0.050662
0.054041
0.049117
0.054816
0.052509
0.049002
0.044567
0.052750
0.050916
0.049709
0.045550
0.048566
0.044675
0.051788
0.049014
0.048855
0.049193
0.057120
0.049882
0.053230
0.051010
0.049487
0.047002
0.051148
0.050234
0.042516
0.046035
0.045684
0.043415
0.052246
0.043296
0.041566
0.043439
0.034064
0.041298
0.039749
0.044164
0.037704
0.044894
0.038629
0.044198
0.044198
0.036315
0.056507
0.041738
0.040426
0.050259
0.040311
0.045454
0.033632
0.038727
0.034659
0.033782
0.033926
0.030880
0.037261
0.030596
0.026262
0.024290
0.027135
0.028216
0.031184
0.027617
0.028116
0.032507
0.028487
0.027230
0.030006
0.026253
0.026880
0.025617
0.028698
0.032752
0.037638
0.028797
0.028469
0.022494
0.023413
0.042535
0.035644
0.030860
0.050994
0.039813
0.040720
0.040576
0.040611
0.031081
0.034420
0.040500
0.043874
0.029266
0.050840
0.034597
0.035812
0.039823
0.023775
0.030754
0.029618
0.032842
0.022530
0.025724
0.027670
0.024958
0.024041
0.026595
0.023258
0.027330
0.031335
0.017616
0.028971
0.020162
0.025798
0.024860
