0.094140
0.071203
0.071670
0.071670
0.071670
0.071670
0.071670
0.071670
0.071670
0.071670
0.071670
0.071670
0.071670
0.071670
0.071670
0.071670
0.071670
0.071670
0.071670
0.071670
0.065717
0.069615
0.061304
0.062840
0.065617
0.064875
0.061972
0.066750
0.063945
0.061814
0.060492
0.061723
0.059366
0.062158
0.061894
0.062145
0.063357
0.061095
0.068138
0.061295
0.063610
0.062188
0.061365
0.059698
0.061705
0.060046
0.060341
0.060591
0.058855
0.055094
0.055884
0.059540
0.054966
0.057321
0.057436
0.060983
0.053932
0.058120
0.058741
0.054852
0.057006
0.062091
0.057057
0.058194
0.057462
0.052920
0.055363
0.053014
0.056506
0.049001
0.053926
0.054871
0.054067
0.053197
0.051192
0.058759
0.054351
0.053781
0.052091
0.052087
0.054924
0.053772
0.049698
0.049896
0.048965
0.053090
0.050507
0.051597
0.051863
0.048098
0.050446
0.048906
0.052195
0.049533
0.047111
0.046677
0.055727
0.054866
0.055966
0.053649
0.057155
0.058485
0.054794
0.055185
0.057992
0.056621
0.056427
0.057972
0.059793
0.051106
0.054594
0.052607
0.056282
0.055766
0.056237
0.054176
0.055087
0.054088
0.053992
0.045087
0.052850
0.060008
0.057676
0.054038
0.057410
0.049622
0.050318
0.047019
0.051211
0.052210
0.052617
0.050024
0.053620
0.058734
0.051166
0.053970
0.055849
0.048465
0.052952
0.047346
0.052879
0.046845
0.043545
0.046101
0.042438
0.049146
0.030662
0.040606
0.044492
0.040265
