0.058263
0.052348
0.048806
0.043655
0.044636
0.041050
0.037910
0.038155
0.036428
0.034618
0.034137
0.033005
0.033851
0.031584
0.031582
0.031338
0.030863
0.031549
0.030610
0.029599
0.030333
0.031459
0.028953
0.030142
0.028394
0.030147
0.030705
0.031367
0.030764
0.030204
0.029033
0.030135
0.028309
0.031304
0.030456
0.029817
0.031732
0.030396
0.028876
0.030298
0.028634
0.028653
0.029684
0.030513
0.027989
0.030392
0.027776
0.027295
0.028391
0.030283
0.027147
0.027599
0.026938
0.028697
0.027674
0.026753
0.028644
0.027798
0.028359
0.026569
0.026884
0.027107
0.027173
0.027102
0.027476
0.027894
0.026663
0.026845
0.025659
0.027278
0.027255
0.027971
0.028130
0.026959
0.026514
0.025780
0.026678
0.027361
0.027248
0.027719
0.026778
0.026435
0.025836
0.025716
0.026034
0.026086
0.027094
0.026623
0.027561
0.025611
0.027542
0.027561
0.025261
0.027792
0.027078
0.026245
0.025791
0.026635
0.026928
0.026047
0.026024
0.025033
0.026578
0.026637
0.027509
0.026193
0.025620
0.026276
0.027156
0.025583
0.024797
0.025463
0.028215
0.026754
0.025017
0.025777
0.025774
0.027595
0.026522
0.025702
0.025880
0.027579
0.027262
0.024782
0.026689
0.025098
0.025604
0.026169
0.025711
0.024931
0.025401
0.026165
0.024546
0.025349
0.026922
0.026922
0.026136
0.026922
0.024497
0.024497
0.025214
0.024487
0.025274
0.028101
0.026103
0.025231
0.026804
0.027360
0.025274
0.025565
