0.057397
0.050538
0.048612
0.046009
0.041090
0.043811
0.042104
0.041834
0.040174
0.038119
0.037252
0.037668
0.035763
0.036714
0.033326
0.033537
0.034308
0.031494
0.031036
0.032302
0.032355
0.029957
0.032058
0.031835
0.030794
0.029833
0.030284
0.029091
0.027355
0.025146
0.023728
0.024354
0.023035
0.024092
0.023915
0.023099
0.022340
0.021430
0.023505
0.020938
0.022367
0.022229
0.020840
0.021545
0.021367
0.020719
0.020728
0.020199
0.021108
0.019918
0.020525
0.020747
0.020166
0.020549
0.020530
0.020470
0.020942
0.020554
0.019762
0.020013
0.020420
0.019513
0.019425
0.021576
0.019152
0.020468
0.019207
0.019549
0.019391
0.019019
0.019297
0.018981
0.018913
0.018939
0.019236
0.018744
0.020689
0.019234
0.018789
0.019722
0.018890
0.018813
0.018681
0.018892
0.018933
0.018663
0.019085
0.018920
0.018400
0.018663
0.018663
0.018321
0.019104
0.019928
0.019530
0.018401
0.018717
0.018375
0.018409
0.019569
0.019441
0.019415
0.018628
0.019372
0.018669
0.018610
0.019055
0.018541
0.018164
0.018337
0.018121
0.018565
0.018538
0.019680
0.018190
0.018200
0.019036
0.018062
0.018436
0.019283
0.018735
0.018641
0.018174
0.018241
0.018147
0.018147
0.018147
0.018463
0.018489
0.018273
0.018879
0.017989
0.017817
0.019425
0.018665
0.018221
0.017911
0.017791
0.017791
0.017791
0.017764
0.017738
0.017738
0.019242
0.017725
0.018721
0.019100
0.017755
0.017781
0.018722
