0.073836
0.077929
0.068448
0.069572
0.068581
0.070290
0.067048
0.059112
0.060411
0.063589
0.059651
0.057348
0.054086
0.053632
0.049319
0.049428
0.046904
0.043964
0.049258
0.046715
0.046334
0.040803
0.041255
0.039708
0.040844
0.041103
0.035738
0.043323
0.034385
0.039190
0.036252
0.038042
0.029294
0.036675
0.026363
0.036788
0.037233
0.033119
0.042901
0.038859
0.030552
0.034781
0.040427
0.038457
0.040519
0.041891
0.029494
0.027094
0.022400
0.022497
0.031199
0.020590
0.022524
0.021690
0.020369
0.020698
0.023711
0.019574
0.018909
0.023952
0.020892
0.019156
0.017651
0.016882
0.015385
0.015644
0.018838
0.018936
0.014465
0.013685
0.013500
0.017500
0.015409
0.015263
0.020907
0.013785
0.019336
0.013781
0.016379
0.013406
0.015711
0.018137
0.013884
0.012283
0.013781
0.011698
0.014977
0.012789
0.013425
0.011726
0.013896
0.014495
0.013139
0.021724
0.012388
0.015657
0.011679
0.009487
0.012127
0.011253
0.013906
0.010666
0.009996
0.010391
0.010690
0.010900
0.015345
0.013306
0.021953
0.017280
0.020307
0.018742
0.010444
0.010537
0.010325
0.015984
0.008874
0.009006
0.011333
0.011035
0.011716
0.009787
0.011565
0.009496
0.009953
0.007887
0.008976
0.009149
0.010157
0.007410
0.008967
0.009157
0.008873
0.007959
0.006441
0.006504
0.006241
0.007668
0.008020
0.009641
0.006514
0.008530
0.006235
0.006976
0.005452
0.007069
0.006831
0.004885
0.007554
0.007870
