0.423826
0.300364
0.161074
0.072495
0.075014
0.072126
0.072171
0.071832
0.071203
0.071123
0.073146
0.071158
0.070406
0.069392
0.067667
0.069587
0.067987
0.069100
0.070397
0.071982
0.066938
0.069579
0.070373
0.066428
0.069194
0.067520
0.066895
0.067107
0.066224
0.063908
0.068111
0.064150
0.064197
0.068476
0.064220
0.065648
0.067824
0.067678
0.067283
0.069425
0.068475
0.066090
0.067181
0.065704
0.067992
0.066750
0.065460
0.067796
0.062688
0.060321
0.062662
0.059497
0.060136
0.057821
0.060685
0.061756
0.057897
0.056975
0.058890
0.052705
0.059213
0.058094
0.061709
0.058025
0.062873
0.059029
0.060747
0.059333
0.056274
0.051084
0.053569
0.052109
0.050030
0.050023
0.049488
0.050813
0.048848
0.047535
0.051579
0.043406
0.047921
0.048459
0.047078
0.046260
0.044682
0.044008
0.047324
0.045497
0.043879
0.045161
0.043879
0.045553
0.043498
0.043677
0.046051
0.041693
0.043993
0.041421
0.042245
0.039862
0.037978
0.038807
0.040036
0.040827
0.039187
0.038675
0.036708
0.037470
0.035979
0.036883
0.037932
0.036982
0.035829
0.036466
0.036046
0.037059
0.034386
0.036109
0.032156
0.033498
0.033343
0.033607
0.032429
0.035481
0.032794
0.032316
0.034267
0.031368
0.034659
0.031242
0.031794
0.035107
0.031036
0.032182
0.031778
0.031263
0.029567
0.030388
0.033193
0.027056
0.029905
0.030838
0.032436
0.028442
0.028757
0.030066
0.027739
0.029583
0.028921
0.025507
