0.268470
0.122377
0.097926
0.073229
0.071026
0.070092
0.071446
0.069847
0.070929
0.071039
0.069072
0.070457
0.067984
0.064888
0.066566
0.066502
0.064703
0.066126
0.065396
0.064019
0.065060
0.064458
0.065219
0.064014
0.063642
0.062684
0.062585
0.066350
0.061198
0.066439
0.064655
0.066541
0.065252
0.062559
0.062402
0.057791
0.061935
0.059593
0.058458
0.059397
0.061591
0.059570
0.059216
0.057410
0.060964
0.064923
0.059469
0.056781
0.059506
0.056971
0.059459
0.058014
0.056336
0.056897
0.055326
0.053684
0.053111
0.056279
0.056131
0.055971
0.055719
0.055959
0.053648
0.056679
0.052718
0.058232
0.054566
0.057433
0.053265
0.053223
0.053714
0.055474
0.054909
0.051345
0.058866
0.051891
0.053624
0.050163
0.051056
0.050990
0.049545
0.051285
0.048045
0.053416
0.051273
0.052840
0.048790
0.049904
0.048420
0.046840
0.047171
0.047503
0.045406
0.045432
0.044329
0.045938
0.046541
0.048333
0.046190
0.042866
0.043272
0.043946
0.041461
0.045785
0.039667
0.041243
0.048815
0.044468
0.045833
0.048162
0.045691
0.044200
0.042888
0.041851
0.040140
0.039046
0.038780
0.039588
0.039893
0.042086
0.040840
0.041137
0.043336
0.046190
0.042807
0.040096
0.037478
0.034522
0.038246
0.035843
0.039490
0.033366
0.036589
0.034294
0.035746
0.032459
0.032830
0.037106
0.033855
0.035416
0.031969
0.034875
0.033803
0.033846
0.033187
0.033875
0.031674
0.032066
0.033222
0.033388
