0.200718
0.165872
0.158950
0.152034
0.144726
0.143599
0.133539
0.123828
0.125177
0.126940
0.120840
0.116487
0.123805
0.123715
0.117071
0.124693
0.131082
0.114400
0.103022
0.111933
0.104638
0.084242
0.083480
0.076516
0.083480
0.081840
0.083609
0.077719
0.077963
0.073471
0.068152
0.069155
0.066272
0.059964
0.064295
0.058007
0.050749
0.044815
0.058031
0.055620
0.044154
0.059963
0.045493
0.035321
0.032934
0.033487
0.041030
0.040007
0.039854
0.029567
0.031429
0.030482
0.032194
0.028379
0.034817
0.048135
0.030604
0.028403
0.069354
0.050402
0.041306
0.029857
0.020559
0.022291
0.024207
0.023087
0.018601
0.014576
0.012871
0.010397
0.018471
0.013146
0.011274
0.011092
0.011173
0.010472
0.020418
0.051216
0.065790
0.082475
0.067764
0.050525
0.034246
0.030291
0.029153
0.025340
0.015130
0.014137
0.023013
0.054742
0.035317
0.024455
0.019383
0.015669
0.010145
0.011032
0.025075
0.055595
0.042749
0.044313
0.027708
0.019754
0.015073
0.013706
0.019621
0.012120
0.012378
0.013516
0.010098
0.006152
0.005133
0.011713
0.016616
0.013164
0.007261
0.004539
0.005814
0.005571
0.004587
0.003631
0.003040
0.003304
0.004285
0.003136
0.003067
0.004199
0.003177
0.002749
0.002876
0.001786
0.001948
0.001676
0.001546
0.001501
0.001547
0.001656
0.001273
0.001422
0.001859
0.002900
0.002251
0.006066
0.012459
0.012945
0.011979
0.028022
0.019741
0.024592
0.034445
0.026401
