0.381554
0.214767
0.220614
0.179047
0.193500
0.122296
0.103635
0.143153
0.119701
0.129712
0.111836
0.112572
0.111613
0.119234
0.110834
0.103719
0.098052
0.136812
0.119725
0.110719
0.105766
0.132662
0.107453
0.125718
0.136199
0.122683
0.115629
0.102789
0.123245
0.104571
0.111617
0.106994
0.134802
0.113377
0.102445
0.096984
0.115720
0.096960
0.114729
0.103127
0.100245
0.090595
0.103684
0.100982
0.113974
0.114240
0.097526
0.112331
0.086950
0.118811
0.094835
0.102793
0.096540
0.099324
0.123720
0.119483
0.107286
0.092584
0.121101
0.096869
0.123092
0.113750
0.091312
0.081251
0.132399
0.110771
0.094429
0.094914
0.133819
0.118787
0.097332
0.097780
0.091713
0.102687
0.088112
0.093088
0.078408
0.095587
0.091705
0.103723
0.121830
0.084465
0.100922
0.089893
0.108506
0.090655
0.086895
0.159689
0.111205
0.139587
0.078740
0.084136
0.106732
0.112506
0.083459
0.094540
0.085642
0.102483
0.133494
0.096057
0.086131
0.094447
0.097121
0.090933
0.089097
0.092389
0.116883
0.109664
0.098204
0.102255
0.108967
0.114144
0.089550
0.088978
0.094582
0.092051
0.096577
0.092500
0.092882
0.112856
0.120811
0.090198
0.085776
0.118359
0.116912
0.100696
0.114624
0.127480
0.155625
0.115449
0.098639
0.126554
0.127578
0.130273
0.105465
0.126751
0.116563
0.103963
0.143884
0.200729
0.096955
0.118841
0.096248
0.124606
0.106714
0.114928
0.116033
0.152927
0.124068
0.083661
