0.436745
0.324682
0.267377
0.104679
0.084137
0.079970
0.074470
0.072143
0.071828
0.071828
0.071950
0.071950
0.071203
0.070996
0.071203
0.070847
0.068084
0.072572
0.073713
0.067816
0.070816
0.070659
0.069858
0.070222
0.069858
0.070452
0.070698
0.069906
0.067644
0.069713
0.068713
0.069255
0.064267
0.066864
0.067334
0.067398
0.066190
0.066451
0.064207
0.064383
0.064400
0.063394
0.063460
0.065054
0.063963
0.064271
0.065181
0.064538
0.062459
0.063366
0.059253
0.060199
0.059343
0.061394
0.060172
0.060250
0.060895
0.058849
0.060011
0.058050
0.058313
0.057625
0.057535
0.056409
0.059351
0.058246
0.057936
0.057380
0.060832
0.058609
0.059240
0.058560
0.061512
0.058451
0.056720
0.060362
0.060397
0.059733
0.058695
0.056820
0.055364
0.057950
0.057075
0.058080
0.054650
0.054963
0.054076
0.056785
0.055642
0.055296
0.055125
0.054858
0.054383
0.052482
0.053008
0.054989
0.055182
0.052136
0.048865
0.049971
0.050567
0.051941
0.052093
0.052130
0.051375
0.050442
0.050042
0.051750
0.051278
0.048405
0.054282
0.052321
0.051878
0.051655
0.048579
0.052136
0.049158
0.047947
0.048465
0.049949
0.050991
0.049922
0.046353
0.049554
0.050969
0.047153
0.050010
0.045681
0.050878
0.048129
0.045054
0.048201
0.046786
0.046680
0.047508
0.047551
0.047337
0.049227
0.050798
0.047571
0.048818
0.052461
0.052611
0.052039
0.054982
0.050186
0.051455
0.050835
0.048627
0.047704
