0.095633
0.073550
0.068876
0.067813
0.067768
0.069100
0.066448
0.065734
0.065212
0.064117
0.065509
0.063978
0.062712
0.062434
0.059714
0.060531
0.063437
0.060794
0.059865
0.059987
0.056591
0.054881
0.058060
0.057828
0.057705
0.055290
0.053482
0.053660
0.053526
0.050190
0.048801
0.045461
0.045840
0.047499
0.046795
0.042548
0.046435
0.045274
0.045257
0.044918
0.043613
0.041953
0.046985
0.041139
0.044345
0.040096
0.039378
0.041452
0.040721
0.036125
0.035757
0.034226
0.039385
0.037205
0.038260
0.033925
0.034452
0.034845
0.039343
0.037150
0.032209
0.038179
0.036387
0.036815
0.031018
0.033973
0.029701
0.026017
0.036525
0.032520
0.032771
0.034096
0.031523
0.032108
0.028447
0.027167
0.029543
0.032699
0.026803
0.030200
0.032679
0.023538
0.021688
0.027500
0.022064
0.019735
0.021525
0.024757
0.020236
0.016609
0.018876
0.020752
0.018002
0.020043
0.022933
0.020037
0.027206
0.028425
0.024145
0.032277
0.020643
0.019496
0.025075
0.022699
0.019178
0.014459
0.024787
0.020031
0.025053
0.023673
0.021745
0.021621
0.021563
0.034119
0.020097
0.020433
0.019162
0.018059
0.013154
0.014244
0.019383
0.017776
0.020737
0.012011
0.012214
0.016774
0.011030
0.012907
0.013740
0.008691
0.012837
0.017096
0.009942
0.006361
0.008543
0.009117
0.011212
0.009463
0.005906
0.004631
0.005092
0.007597
0.004528
0.005443
0.005039
0.010570
0.004741
0.003659
0.010661
0.013710
