0.118745
0.085183
0.079294
0.077528
0.075582
0.073198
0.071581
0.070010
0.070229
0.066193
0.064457
0.067953
0.066091
0.066169
0.063402
0.060667
0.061973
0.065180
0.063734
0.064053
0.062458
0.062618
0.063007
0.061293
0.063229
0.063356
0.061453
0.062436
0.062091
0.061761
0.061492
0.060841
0.063101
0.062010
0.060030
0.062163
0.058671
0.062190
0.057876
0.058031
0.057922
0.057790
0.055921
0.060216
0.058632
0.058164
0.055961
0.055549
0.056154
0.058689
0.056573
0.057790
0.057983
0.057515
0.054129
0.053408
0.060846
0.056312
0.055745
0.057034
0.053287
0.059089
0.052848
0.058249
0.051241
0.057747
0.051741
0.053773
0.054830
0.052057
0.049821
0.055030
0.049317
0.053543
0.052401
0.056401
0.052111
0.057114
0.052615
0.053908
0.053607
0.053263
0.055544
0.053037
0.054972
0.050998
0.052459
0.047892
0.045547
0.047398
0.045348
0.048826
0.048039
0.044238
0.041127
0.044340
0.045718
0.047249
0.053828
0.046148
0.050225
0.050171
0.049130
0.043701
0.039433
0.043568
0.043642
0.043916
0.044566
0.045472
0.040296
0.040716
0.045399
0.040038
0.039463
0.043719
0.042698
0.040938
0.041000
0.040193
0.036882
0.037014
0.042098
0.041333
0.036837
0.037086
0.033807
0.039075
0.038177
0.037470
0.039939
0.039825
0.035965
0.035948
0.033408
0.032494
0.036584
0.039394
0.039964
0.031681
0.046039
0.038858
0.039590
0.034395
0.032968
0.029558
0.027258
0.026809
0.029073
0.027173
