0.073887
0.071015
0.073294
0.068312
0.069283
0.069042
0.067643
0.063706
0.069457
0.066647
0.066876
0.068488
0.066526
0.065375
0.064847
0.066727
0.066768
0.068080
0.067697
0.066464
0.066365
0.065502
0.065687
0.062975
0.063795
0.062968
0.061344
0.063579
0.060894
0.061594
0.065140
0.064473
0.060489
0.055860
0.061738
0.062988
0.058048
0.061655
0.055108
0.052960
0.055380
0.059197
0.054154
0.057176
0.056738
0.059614
0.058438
0.054731
0.055554
0.056419
0.053460
0.054053
0.055849
0.051137
0.049979
0.051340
0.052332
0.051954
0.050962
0.047636
0.049560
0.049227
0.051865
0.052406
0.049319
0.053216
0.047006
0.053161
0.052394
0.047836
0.047899
0.048845
0.040993
0.042576
0.045229
0.043063
0.040417
0.041993
0.043630
0.039819
0.038934
0.043075
0.042107
0.045251
0.041130
0.041959
0.038186
0.037522
0.038604
0.036069
0.036538
0.035161
0.038268
0.043784
0.035417
0.038236
0.035124
0.036957
0.038859
0.036823
0.034963
0.047066
0.032196
0.033306
0.035810
0.031479
0.030592
0.040566
0.030031
0.029020
0.027529
0.030650
0.025986
0.029331
0.030137
0.030815
0.025726
0.026224
0.023588
0.019764
0.018796
0.022331
0.018864
0.019679
0.018872
0.020889
0.022359
0.018611
0.024642
0.019727
0.021634
0.018915
0.013919
0.014249
0.016265
0.015529
0.014661
0.016141
0.012624
0.012026
0.018534
0.011500
0.012637
0.012377
0.016127
0.014416
0.011995
0.016610
0.008830
0.011345
