0.089403
0.081469
0.076857
0.072427
0.069169
0.068592
0.065716
0.065572
0.065730
0.061887
0.058732
0.057985
0.059085
0.059089
0.054710
0.052425
0.051757
0.049667
0.048759
0.049818
0.044536
0.044643
0.045068
0.041148
0.042778
0.042458
0.042931
0.040155
0.039053
0.037951
0.037015
0.035590
0.034469
0.035536
0.035535
0.033773
0.032891
0.032177
0.030729
0.029209
0.026696
0.026868
0.024134
0.023990
0.025516
0.024112
0.022572
0.022680
0.022202
0.020457
0.019402
0.016756
0.015764
0.016647
0.017556
0.016426
0.017141
0.016753
0.016247
0.015727
0.012660
0.013480
0.012971
0.013291
0.011569
0.011589
0.010408
0.010479
0.011884
0.010026
0.010775
0.009588
0.009190
0.008964
0.009045
0.008324
0.007750
0.007914
0.008160
0.006975
0.006557
0.007037
0.006766
0.006745
0.006504
0.006209
0.005964
0.006107
0.006011
0.006214
0.006126
0.006195
0.005413
0.005322
0.005447
0.005834
0.005494
0.005217
0.005177
0.004867
0.005187
0.005018
0.004918
0.004973
0.005087
0.004981
0.004914
0.005077
0.004971
0.004848
0.004962
0.005116
0.005257
0.004807
0.004805
0.004522
0.004489
0.004621
0.004232
0.004598
0.004829
0.004539
0.004209
0.004232
0.004261
0.004368
0.004344
0.004085
0.004125
0.004010
0.004004
0.004248
0.003799
0.003717
0.003824
0.003911
0.003816
0.004047
0.003949
0.004065
0.004323
0.003694
0.003671
0.003911
0.003797
0.003498
0.003821
0.003931
0.003850
0.003714
