0.109346
0.078939
0.073262
0.070513
0.071690
0.067779
0.066916
0.067717
0.064164
0.063443
0.059557
0.063185
0.059745
0.060547
0.058157
0.057732
0.060578
0.057621
0.054323
0.053416
0.052929
0.054593
0.052759
0.050371
0.053498
0.055041
0.051447
0.051596
0.049322
0.050536
0.049484
0.048214
0.049001
0.046627
0.044299
0.046152
0.047301
0.043704
0.044374
0.041014
0.042335
0.041882
0.042076
0.040303
0.040212
0.035964
0.036178
0.038699
0.037231
0.032896
0.033629
0.036688
0.033256
0.031838
0.031940
0.029877
0.030434
0.031211
0.028578
0.029583
0.028001
0.028131
0.026875
0.025886
0.026589
0.029570
0.027596
0.025743
0.024455
0.026270
0.027243
0.026055
0.026153
0.023404
0.025164
0.024088
0.020209
0.021413
0.021407
0.021967
0.021257
0.019746
0.020496
0.022183
0.020756
0.020636
0.020316
0.020775
0.021482
0.021099
0.019992
0.019665
0.021440
0.021687
0.020533
0.022484
0.020733
0.019626
0.019986
0.018624
0.019011
0.019872
0.018916
0.018636
0.019678
0.018637
0.017315
0.017642
0.020134
0.015959
0.016618
0.018642
0.018083
0.018614
0.017573
0.018327
0.019074
0.017278
0.017879
0.018626
0.019157
0.015350
0.015009
0.016683
0.016163
0.016837
0.014522
0.016384
0.014843
0.016526
0.016221
0.014909
0.014898
0.014683
0.014108
0.013535
0.015253
0.013500
0.017684
0.013533
0.015851
0.015899
0.015961
0.013957
0.015615
0.016147
0.013214
0.013835
0.015652
0.014286
