0.117101
0.091913
0.080613
0.071027
0.069007
0.067073
0.064297
0.060405
0.056212
0.053060
0.052398
0.049470
0.045248
0.047677
0.044997
0.043955
0.044907
0.040920
0.042165
0.040091
0.038470
0.037241
0.037052
0.036088
0.038020
0.034901
0.038660
0.034063
0.032506
0.033699
0.035075
0.035655
0.034819
0.033503
0.029766
0.032218
0.029130
0.030598
0.031472
0.032750
0.030805
0.028421
0.027750
0.027253
0.029217
0.030585
0.026220
0.026040
0.026925
0.027312
0.026883
0.028204
0.027221
0.027801
0.028969
0.029132
0.026938
0.026975
0.025830
0.024735
0.024951
0.024665
0.024817
0.025111
0.025453
0.024773
0.025021
0.024773
0.025489
0.023774
0.025348
0.022747
0.022759
0.023393
0.024044
0.023513
0.022294
0.022990
0.021216
0.023586
0.021933
0.024498
0.022060
0.021973
0.022302
0.021384
0.022317
0.020802
0.022080
0.020417
0.020402
0.020958
0.021290
0.022372
0.020161
0.020641
0.020342
0.021103
0.020242
0.021047
0.022168
0.020088
0.020777
0.019259
0.019236
0.019896
0.018084
0.019429
0.018087
0.017335
0.018472
0.018100
0.018364
0.017195
0.018182
0.018826
0.018778
0.018062
0.018002
0.017035
0.017538
0.018052
0.018409
0.018515
0.016183
0.017088
0.017733
0.018430
0.017514
0.017634
0.019218
0.017980
0.018119
0.017275
0.016886
0.018100
0.017621
0.015589
0.018614
0.017486
0.015594
0.017695
0.016859
0.017434
0.018164
0.017057
0.017530
0.016132
0.016081
0.014296
