0.159628
0.101543
0.076875
0.075766
0.074539
0.072797
0.072201
0.071009
0.071281
0.070533
0.071836
0.071040
0.070298
0.071484
0.072096
0.071279
0.072688
0.070058
0.068869
0.066951
0.066764
0.066489
0.068056
0.064253
0.065755
0.063151
0.064503
0.067291
0.064544
0.064301
0.066814
0.066042
0.065930
0.066618
0.061955
0.062212
0.061135
0.065586
0.061721
0.064352
0.062923
0.063461
0.060816
0.064180
0.062618
0.062259
0.060739
0.057323
0.058711
0.060685
0.062629
0.060881
0.059450
0.061204
0.056610
0.057311
0.060419
0.058110
0.057154
0.057732
0.058990
0.055626
0.054009
0.053831
0.056722
0.053195
0.060504
0.054968
0.054176
0.058739
0.053907
0.055941
0.052807
0.054587
0.054696
0.056366
0.058358
0.056334
0.054365
0.058909
0.053111
0.054808
0.056856
0.055317
0.057678
0.049718
0.051574
0.049521
0.049145
0.050299
0.048545
0.048993
0.049288
0.052479
0.048296
0.050312
0.047553
0.046719
0.046905
0.050247
0.047165
0.050973
0.048211
0.049415
0.045611
0.050164
0.048265
0.056457
0.052320
0.051164
0.056909
0.055633
0.051406
0.046990
0.046664
0.045950
0.043182
0.042082
0.040365
0.038617
0.039079
0.044159
0.041101
0.043030
0.042792
0.044826
0.042536
0.043937
0.040380
0.040971
0.034883
0.033020
0.032705
0.030794
0.026835
0.032086
0.030427
0.031311
0.027895
0.024252
0.033012
0.046932
0.034230
0.025483
0.034556
0.028767
0.038081
0.033097
0.034095
0.023200
