0.213146
0.105854
0.069782
0.068216
0.069667
0.069464
0.068541
0.067775
0.067681
0.067487
0.066311
0.066351
0.068226
0.066176
0.066968
0.067514
0.067374
0.066980
0.065142
0.067674
0.066306
0.066044
0.064905
0.067158
0.063853
0.062208
0.060699
0.066712
0.067171
0.066300
0.063543
0.062061
0.062792
0.064025
0.064365
0.064378
0.062221
0.063723
0.061236
0.063603
0.062190
0.063179
0.060002
0.058093
0.063750
0.060077
0.056197
0.054547
0.059538
0.054281
0.059175
0.056056
0.056090
0.054382
0.058117
0.054177
0.057526
0.056292
0.055114
0.058204
0.052231
0.056075
0.054863
0.051597
0.053160
0.054900
0.052583
0.049946
0.048167
0.047398
0.051010
0.049460
0.051636
0.048073
0.047526
0.047361
0.049277
0.047088
0.046573
0.044340
0.045059
0.043912
0.044155
0.045725
0.047132
0.040039
0.040096
0.040459
0.039278
0.035056
0.040823
0.039338
0.034957
0.037560
0.036358
0.036909
0.032957
0.032699
0.032436
0.034280
0.034864
0.031902
0.032872
0.031065
0.033496
0.031865
0.030845
0.032805
0.032609
0.027662
0.027595
0.028377
0.032878
0.031031
0.030448
0.035682
0.028419
0.028452
0.027979
0.034063
0.029264
0.030921
0.030299
0.030870
0.028259
0.032365
0.025871
0.025942
0.027573
0.021612
0.024904
0.022651
0.022488
0.023657
0.022319
0.025999
0.021659
0.025137
0.025891
0.026306
0.019213
0.024057
0.020031
0.022856
0.018239
0.028383
0.018640
0.017652
0.017012
0.016320
