0.349084
0.239711
0.158029
0.122758
0.086304
0.075399
0.073315
0.073297
0.070854
0.070982
0.070893
0.070582
0.071824
0.071158
0.071203
0.071203
0.071203
0.071203
0.069540
0.070288
0.070227
0.071290
0.069387
0.070839
0.071483
0.071203
0.069904
0.068801
0.067846
0.069126
0.069436
0.068697
0.068502
0.068255
0.067455
0.067931
0.069640
0.066988
0.067986
0.066669
0.065044
0.064595
0.066335
0.066703
0.067367
0.066437
0.062983
0.067262
0.067326
0.066948
0.065177
0.066571
0.065207
0.065461
0.065084
0.062863
0.063586
0.062235
0.060984
0.060074
0.063855
0.062190
0.062407
0.060019
0.059722
0.061562
0.059490
0.061766
0.060783
0.061796
0.064323
0.055701
0.059264
0.057360
0.054542
0.056269
0.055655
0.057290
0.055578
0.054147
0.052010
0.054282
0.053881
0.062804
0.054430
0.054912
0.054147
0.052360
0.054930
0.051515
0.049975
0.050749
0.052548
0.052434
0.053460
0.048529
0.053061
0.049985
0.054472
0.054522
0.052398
0.049974
0.053105
0.048297
0.046844
0.048024
0.048366
0.047654
0.046671
0.047828
0.047344
0.045973
0.046021
0.047692
0.047905
0.046711
0.044897
0.043679
0.044507
0.040958
0.041190
0.042379
0.043246
0.040548
0.042508
0.038117
0.042816
0.039487
0.042905
0.037770
0.038382
0.041231
0.037288
0.037552
0.037588
0.042447
0.035743
0.039861
0.038121
0.033021
0.038552
0.033574
0.030127
0.032421
0.032976
0.032462
0.030377
0.033544
0.031694
0.034569
