0.095011
0.071837
0.071670
0.071670
0.071670
0.071670
0.071670
0.067483
0.075850
0.071788
0.071670
0.071670
0.071670
0.071203
0.069726
0.072580
0.068595
0.070153
0.070369
0.069610
0.067316
0.066731
0.063744
0.064900
0.069508
0.063731
0.064705
0.063145
0.065188
0.062365
0.061366
0.060634
0.059442
0.061854
0.059965
0.057733
0.057127
0.054839
0.052502
0.052017
0.052157
0.050219
0.050688
0.048657
0.053936
0.044572
0.047639
0.043931
0.047146
0.045966
0.037988
0.037410
0.034968
0.037754
0.037724
0.038976
0.035429
0.040056
0.030119
0.040291
0.029644
0.037140
0.033637
0.040304
0.028836
0.033110
0.028998
0.033965
0.034179
0.029957
0.027655
0.024582
0.032128
0.024301
0.026293
0.023600
0.026035
0.020952
0.029527
0.024895
0.029534
0.018806
0.019386
0.020436
0.021487
0.023329
0.015211
0.017084
0.024929
0.015412
0.016036
0.015850
0.016456
0.012708
0.010535
0.014490
0.010531
0.012583
0.014801
0.020143
0.010986
0.014242
0.013100
0.009892
0.011076
0.009193
0.009252
0.009085
0.008803
0.007661
0.006176
0.006195
0.008866
0.007514
0.008457
0.005218
0.006279
0.005542
0.006935
0.007966
0.005384
0.005945
0.005579
0.006279
0.005149
0.004406
0.004179
0.002965
0.007045
0.005756
0.007148
0.005392
0.004597
0.005194
0.006560
0.004217
0.004148
0.004290
0.003098
0.004788
0.016245
0.003727
0.005521
0.007125
0.004853
0.004427
0.003641
0.003207
0.003349
0.006274
