0.155141
0.080399
0.073147
0.072235
0.071468
0.070061
0.070529
0.070165
0.069860
0.068302
0.070103
0.068117
0.067857
0.065834
0.063835
0.064417
0.065497
0.064967
0.063333
0.064370
0.061556
0.066254
0.062928
0.062856
0.061170
0.062952
0.061671
0.062146
0.060169
0.060702
0.059080
0.060810
0.057491
0.056967
0.058172
0.057257
0.055020
0.057020
0.055529
0.056021
0.055302
0.055852
0.056012
0.055767
0.052976
0.055398
0.053669
0.051560
0.051786
0.053770
0.051028
0.053315
0.049069
0.051945
0.045327
0.045039
0.060702
0.044275
0.048524
0.044740
0.041123
0.039015
0.043825
0.043417
0.038587
0.044763
0.037805
0.036870
0.033639
0.034156
0.029059
0.037219
0.031915
0.028928
0.031141
0.030329
0.028307
0.029507
0.028386
0.032170
0.026205
0.034951
0.028803
0.025233
0.026336
0.027249
0.030400
0.026188
0.023408
0.025302
0.024843
0.024610
0.025037
0.024363
0.025425
0.027700
0.024186
0.025174
0.020685
0.024109
0.023992
0.025188
0.035676
0.025609
0.027282
0.021950
0.024272
0.021842
0.020664
0.021807
0.019157
0.016961
0.019305
0.020128
0.019762
0.021383
0.017134
0.020151
0.013941
0.017842
0.014460
0.013786
0.016044
0.014660
0.016473
0.016213
0.017496
0.014649
0.018688
0.016447
0.021253
0.014104
0.013853
0.013442
0.014190
0.013064
0.013461
0.015448
0.009534
0.017285
0.010191
0.016641
0.011370
0.012602
0.011806
0.009527
0.010109
0.009340
0.008580
0.007679
