0.153990
0.086742
0.075724
0.070186
0.063022
0.064094
0.062248
0.062634
0.059185
0.056028
0.058088
0.056881
0.056409
0.053736
0.053610
0.052420
0.053027
0.055268
0.054771
0.053130
0.057039
0.056635
0.054564
0.052893
0.050386
0.049122
0.051765
0.053995
0.051323
0.049504
0.049203
0.051068
0.050061
0.047194
0.049054
0.048957
0.046155
0.043629
0.045355
0.044808
0.047534
0.051679
0.043692
0.047290
0.045485
0.049449
0.047379
0.049998
0.047827
0.049227
0.040407
0.045289
0.043248
0.041630
0.042374
0.041396
0.040236
0.042997
0.037883
0.039997
0.038899
0.036738
0.033262
0.036377
0.030200
0.032969
0.029359
0.028124
0.028755
0.029059
0.030674
0.022585
0.030360
0.026369
0.030613
0.030789
0.025125
0.032293
0.025496
0.028795
0.022361
0.034026
0.024599
0.025341
0.025022
0.019315
0.022622
0.023546
0.024034
0.017679
0.024072
0.015786
0.016287
0.019823
0.015542
0.015873
0.013833
0.018131
0.015193
0.016500
0.012388
0.015109
0.013799
0.013497
0.014605
0.015974
0.012186
0.019653
0.013407
0.013321
0.008551
0.017087
0.007219
0.010196
0.013849
0.010634
0.009670
0.010042
0.013435
0.007743
0.010519
0.011081
0.008313
0.012514
0.006992
0.013146
0.009866
0.010094
0.011406
0.009305
0.013512
0.014969
0.010890
0.009563
0.027275
0.009662
0.006319
0.006889
0.005705
0.005248
0.008205
0.005004
0.005444
0.005264
0.005171
0.005816
0.003871
0.006775
0.006586
0.004400
