0.104309
0.080594
0.078745
0.072643
0.072844
0.065513
0.065186
0.062576
0.058020
0.058413
0.055575
0.055080
0.053076
0.049025
0.046652
0.048031
0.045324
0.047942
0.045577
0.043539
0.039705
0.041086
0.039718
0.039643
0.040145
0.037978
0.037864
0.037751
0.035368
0.034177
0.032573
0.030404
0.030098
0.028735
0.028722
0.027614
0.027007
0.027178
0.027053
0.025611
0.022234
0.023664
0.022568
0.021098
0.020400
0.019601
0.019261
0.018002
0.018203
0.018559
0.016915
0.016432
0.014846
0.014765
0.013644
0.013644
0.013223
0.011947
0.010820
0.009422
0.009481
0.009313
0.008424
0.009551
0.008266
0.008263
0.007869
0.008683
0.008269
0.006829
0.007024
0.007312
0.007616
0.006660
0.006579
0.006856
0.006580
0.006316
0.006183
0.006130
0.006048
0.005707
0.006313
0.005617
0.005855
0.005464
0.005863
0.004911
0.005395
0.005373
0.005415
0.005146
0.004964
0.004676
0.004408
0.004786
0.004734
0.004389
0.004186
0.004380
0.003992
0.004016
0.003785
0.003833
0.003981
0.004046
0.004043
0.003774
0.003656
0.003797
0.003642
0.003848
0.003843
0.003621
0.003625
0.003584
0.003430
0.003462
0.003639
0.003533
0.003663
0.003491
0.003477
0.003222
0.003535
0.003325
0.003337
0.003244
0.003256
0.003146
0.003135
0.003098
0.003064
0.003154
0.003049
0.003055
0.003241
0.003143
0.003012
0.003037
0.003175
0.003078
0.003117
0.003098
0.003042
0.002934
0.002963
0.003050
0.002913
0.002832
