0.077763
0.075452
0.070412
0.069557
0.070043
0.069635
0.069478
0.067857
0.067531
0.065936
0.062336
0.066941
0.063065
0.063962
0.062109
0.061393
0.058193
0.059487
0.060196
0.052760
0.048929
0.048423
0.047067
0.049299
0.044506
0.040495
0.039965
0.041299
0.039719
0.040382
0.038994
0.038438
0.040449
0.038480
0.035069
0.034802
0.038719
0.036323
0.032766
0.033207
0.031336
0.031504
0.030647
0.031426
0.028814
0.030435
0.028773
0.028159
0.027412
0.027750
0.027156
0.024887
0.024309
0.026540
0.025166
0.021799
0.023280
0.026104
0.022468
0.024661
0.022751
0.020663
0.021906
0.020907
0.020065
0.020638
0.019673
0.020323
0.020308
0.020141
0.018310
0.021185
0.017531
0.019950
0.017944
0.018240
0.016968
0.016661
0.017264
0.016626
0.017746
0.016174
0.017285
0.016454
0.016587
0.017947
0.016594
0.016292
0.015759
0.016267
0.017341
0.015595
0.016263
0.014383
0.014460
0.014482
0.014580
0.014641
0.014352
0.014739
0.014642
0.016452
0.015901
0.015643
0.015952
0.014610
0.015494
0.015885
0.016715
0.013745
0.013615
0.013099
0.014101
0.012718
0.013109
0.014798
0.012675
0.012225
0.013130
0.012118
0.013028
0.012081
0.012349
0.013065
0.012111
0.012304
0.012423
0.012677
0.011890
0.013166
0.012212
0.012280
0.014205
0.012313
0.011810
0.012386
0.011246
0.010118
0.010875
0.010484
0.010901
0.009693
0.008469
0.009100
0.009254
0.008131
0.008066
0.009460
0.008776
0.008708
