0.085631
0.073891
0.072693
0.070626
0.061760
0.065100
0.061264
0.063633
0.057853
0.057335
0.056658
0.058812
0.055319
0.055133
0.052068
0.050975
0.050479
0.049754
0.050030
0.051101
0.046571
0.051444
0.046885
0.041304
0.045656
0.046538
0.041790
0.045357
0.041506
0.040390
0.039403
0.038921
0.042506
0.042635
0.040116
0.038245
0.042028
0.041319
0.041838
0.038674
0.035773
0.040917
0.038093
0.037551
0.035520
0.034314
0.036519
0.033877
0.029429
0.034378
0.033921
0.032959
0.031123
0.034026
0.031161
0.029863
0.030991
0.028803
0.029520
0.032708
0.028363
0.029918
0.028664
0.028465
0.027295
0.028072
0.029847
0.028953
0.030060
0.030310
0.030826
0.030300
0.029632
0.031722
0.033904
0.034515
0.034049
0.033888
0.029602
0.027897
0.031654
0.029079
0.025371
0.027687
0.024789
0.026998
0.024217
0.026686
0.027448
0.024894
0.022473
0.024516
0.023756
0.025431
0.023679
0.023124
0.026598
0.024128
0.022076
0.026364
0.026036
0.024447
0.022799
0.018363
0.019703
0.022758
0.019790
0.019664
0.019985
0.020073
0.019731
0.021803
0.022094
0.021300
0.019626
0.019983
0.021968
0.022501
0.019131
0.017098
0.017522
0.019574
0.016556
0.015941
0.017883
0.015944
0.017918
0.014429
0.015885
0.013352
0.012562
0.012377
0.011652
0.015133
0.012350
0.013227
0.014049
0.013229
0.013883
0.011995
0.011772
0.011222
0.012064
0.012814
0.012775
0.011607
0.013973
0.012398
0.012705
0.012112
