0.092957
0.073690
0.071828
0.071670
0.071670
0.071670
0.070839
0.074173
0.064905
0.064736
0.062956
0.061968
0.063788
0.063826
0.061954
0.065667
0.060555
0.059428
0.061346
0.061604
0.060524
0.060288
0.061615
0.058841
0.061569
0.059710
0.062128
0.058499
0.061683
0.061809
0.062742
0.060280
0.060934
0.058205
0.058927
0.062926
0.059322
0.058201
0.056175
0.057579
0.059862
0.059048
0.059367
0.058292
0.057796
0.059379
0.058399
0.059381
0.059124
0.060512
0.056354
0.056519
0.056483
0.057093
0.056978
0.057495
0.058590
0.058926
0.056355
0.057608
0.058659
0.059748
0.068756
0.061860
0.060734
0.062253
0.062857
0.062420
0.063052
0.060723
0.061554
0.061990
0.059342
0.061280
0.060430
0.060222
0.063669
0.060719
0.059471
0.062231
0.059984
0.058652
0.058627
0.060159
0.061010
0.060993
0.060163
0.061041
0.061037
0.058498
0.059929
0.060106
0.060536
0.058254
0.057791
0.060214
0.058957
0.060785
0.062116
0.061122
0.060781
0.062067
0.060509
0.060592
0.061065
0.055983
0.056647
0.059471
0.055840
0.055238
0.059698
0.062304
0.061853
0.060490
0.056267
0.058703
0.053149
0.050200
0.055013
0.049872
0.043970
0.049231
0.049785
0.044239
0.045337
0.046589
0.047105
0.044081
0.045031
0.048783
0.047788
0.046482
0.046111
0.046602
0.040863
0.042311
0.039262
0.043792
0.041530
0.042420
0.042801
0.041088
0.042008
0.043587
0.045764
0.046025
0.043010
0.040969
0.041557
0.042859
