0.117159
0.073057
0.071670
0.071670
0.071670
0.071670
0.071670
0.068946
0.063157
0.060765
0.058431
0.058779
0.061442
0.057146
0.058750
0.059871
0.055759
0.058847
0.056664
0.073084
0.057690
0.058901
0.057921
0.056747
0.059471
0.059429
0.056040
0.058608
0.060677
0.058426
0.058780
0.058658
0.058343
0.058425
0.060814
0.059401
0.058121
0.059233
0.059144
0.061371
0.059483
0.058357
0.056910
0.059598
0.061104
0.060247
0.058757
0.059261
0.058684
0.057105
0.054949
0.059722
0.056941
0.055745
0.059064
0.057058
0.057845
0.059527
0.058132
0.056026
0.058371
0.056826
0.056244
0.059386
0.057920
0.056804
0.055935
0.054623
0.057089
0.054537
0.060575
0.056159
0.059596
0.055258
0.054328
0.055463
0.055708
0.056780
0.056465
0.055213
0.055094
0.056537
0.054132
0.053557
0.056483
0.057169
0.054426
0.052461
0.052099
0.054561
0.053914
0.055864
0.054840
0.054738
0.052509
0.052418
0.052593
0.055981
0.052935
0.048655
0.053087
0.056216
0.057367
0.052974
0.053716
0.053829
0.050961
0.050503
0.053885
0.051770
0.053248
0.050528
0.056005
0.053565
0.053739
0.046110
0.048834
0.053301
0.050542
0.048874
0.048179
0.047064
0.047373
0.048618
0.047682
0.051614
0.046225
0.046026
0.051998
0.046812
0.049056
0.045080
0.049804
0.050441
0.049504
0.044565
0.047781
0.050063
0.055066
0.052151
0.050774
0.047500
0.047530
0.050507
0.052708
0.050910
0.048760
0.047301
0.049955
0.043899
