0.095707
0.069298
0.061383
0.059939
0.063618
0.062471
0.063783
0.060807
0.057868
0.058359
0.059590
0.056987
0.064696
0.058603
0.055618
0.056095
0.054416
0.057489
0.055733
0.052767
0.053019
0.051421
0.053775
0.054655
0.046923
0.049839
0.048082
0.049772
0.048937
0.044449
0.046691
0.047500
0.049765
0.045629
0.045174
0.042658
0.045787
0.042213
0.041626
0.046204
0.038979
0.043549
0.042977
0.045074
0.044640
0.042240
0.045285
0.048566
0.044011
0.045044
0.045718
0.047078
0.038900
0.043739
0.040807
0.042872
0.041909
0.043579
0.041788
0.047289
0.043951
0.041524
0.040839
0.047990
0.045219
0.043181
0.043934
0.042771
0.046529
0.042122
0.038215
0.044197
0.048742
0.045896
0.048818
0.042814
0.043451
0.042080
0.051395
0.047379
0.041893
0.040182
0.043639
0.037628
0.045766
0.036046
0.042183
0.037913
0.032883
0.037526
0.040325
0.040567
0.042479
0.039258
0.039461
0.039204
0.041671
0.041602
0.047258
0.039381
0.037295
0.041666
0.039955
0.042210
0.038946
0.040670
0.039270
0.036718
0.034864
0.039521
0.034326
0.035480
0.035278
0.039323
0.042356
0.036333
0.037828
0.032028
0.030798
0.030787
0.034312
0.033937
0.034498
0.032812
0.033836
0.034309
0.030194
0.038738
0.033673
0.042861
0.034656
0.037916
0.037732
0.033279
0.033897
0.030499
0.040273
0.033897
0.053369
0.034708
0.042802
0.039949
0.045547
0.036320
0.037277
0.027120
0.037390
0.035053
0.038557
0.032149
