0.156245
0.124447
0.090171
0.082639
0.071197
0.076728
0.064505
0.060759
0.053099
0.057320
0.057667
0.053453
0.054723
0.051760
0.050330
0.056256
0.054552
0.052873
0.056620
0.056279
0.046908
0.047793
0.046901
0.052850
0.050420
0.052774
0.051476
0.050335
0.049403
0.054130
0.052739
0.047608
0.057696
0.050613
0.049373
0.048586
0.050747
0.049479
0.043857
0.048931
0.050970
0.046386
0.050336
0.046020
0.053516
0.049958
0.050116
0.047694
0.050705
0.046816
0.051923
0.047705
0.046895
0.042135
0.050579
0.049102
0.043693
0.050037
0.050822
0.041360
0.048243
0.046433
0.043567
0.045285
0.046570
0.049660
0.044968
0.045468
0.042060
0.044655
0.047312
0.044264
0.046225
0.043433
0.047570
0.040761
0.044303
0.044575
0.044600
0.046215
0.048063
0.040743
0.039569
0.044923
0.049169
0.040025
0.040698
0.042338
0.041730
0.043427
0.038557
0.039587
0.039268
0.044841
0.042516
0.042045
0.041320
0.051300
0.045784
0.044459
0.039086
0.047486
0.038968
0.048444
0.040097
0.043653
0.043981
0.036920
0.042161
0.042880
0.040943
0.030131
0.036525
0.033561
0.030856
0.030187
0.032010
0.033571
0.033623
0.026993
0.024536
0.031901
0.031289
0.032102
0.027417
0.026709
0.034437
0.026543
0.033075
0.033968
0.027895
0.032198
0.034657
0.030495
0.032379
0.027936
0.029533
0.023848
0.035867
0.030916
0.036353
0.027528
0.030027
0.026812
0.028661
0.023918
0.027155
0.023627
0.022121
0.021110
