0.380759
0.246932
0.283301
0.162139
0.148244
0.109145
0.164084
0.148783
0.112679
0.138004
0.093162
0.108762
0.176204
0.127922
0.085233
0.086759
0.090284
0.103036
0.094418
0.094044
0.123556
0.098570
0.130093
0.096030
0.100210
0.102215
0.110237
0.098654
0.109218
0.096332
0.102652
0.103406
0.092995
0.102046
0.097264
0.093346
0.105168
0.125816
0.097302
0.118340
0.173155
0.150334
0.130874
0.093402
0.098831
0.096603
0.113258
0.102086
0.098133
0.090080
0.140619
0.133318
0.137750
0.090318
0.082394
0.109289
0.099395
0.124730
0.096581
0.148825
0.105895
0.104292
0.159507
0.114224
0.109835
0.137151
0.097968
0.110549
0.112775
0.130941
0.127227
0.091101
0.108924
0.095847
0.084524
0.091335
0.101971
0.131267
0.101577
0.099721
0.104424
0.109358
0.110635
0.096749
0.149067
0.110196
0.138967
0.124412
0.078809
0.153586
0.156890
0.112909
0.126740
0.103428
0.135435
0.148493
0.104923
0.160735
0.100948
0.116932
0.130777
0.137495
0.091391
0.089614
0.114823
0.143604
0.092112
0.114138
0.102382
0.099656
0.097395
0.099202
0.089691
0.105998
0.096509
0.109530
0.121100
0.115318
0.184356
0.119124
0.116987
0.133248
0.158385
0.180358
0.143721
0.141112
0.087443
0.139792
0.166534
0.103119
0.126532
0.112827
0.108262
0.107372
0.097375
0.114547
0.122638
0.082849
0.112481
0.184489
0.144437
0.162255
0.145032
0.126257
0.192068
0.102696
0.114263
0.116253
0.122471
0.154090
