0.089790
0.066273
0.059868
0.053379
0.053887
0.050744
0.047382
0.043935
0.038744
0.039886
0.036761
0.035304
0.029556
0.030283
0.028004
0.025184
0.023646
0.023103
0.017661
0.016095
0.014746
0.014963
0.010938
0.011631
0.012901
0.010082
0.009349
0.008010
0.009430
0.007514
0.007462
0.006804
0.005144
0.005401
0.004599
0.003973
0.003861
0.002688
0.003080
0.003280
0.003342
0.002890
0.002102
0.002419
0.002375
0.002134
0.002873
0.002053
0.002105
0.002612
0.002235
0.002870
0.001612
0.001475
0.001303
0.001459
0.001048
0.000922
0.000916
0.001227
0.000953
0.000788
0.001153
0.001466
0.001340
0.001567
0.001513
0.002178
0.002157
0.004737
0.005437
0.003664
0.004703
0.007407
0.006915
0.008794
0.007704
0.011581
0.007984
0.009903
0.008780
0.013667
0.010433
0.004317
0.005534
0.006052
0.004200
0.003341
0.002467
0.002122
0.001770
0.001670
0.001590
0.001609
0.001600
0.001257
0.000905
0.000935
0.000835
0.000595
0.000614
0.000562
0.000416
0.000407
0.000375
0.000446
0.000310
0.000673
0.000755
0.000588
0.000532
0.000364
0.000301
0.000220
0.000288
0.000259
0.000231
0.000221
0.000217
0.000231
0.000188
0.000157
0.000193
0.000208
0.000226
0.000339
0.000322
0.000189
0.000215
0.000279
0.000330
0.000265
0.000157
0.000285
0.000142
0.000218
0.000161
0.000157
0.000121
0.000136
0.000133
0.000098
0.000098
0.000101
0.000094
0.000093
0.000113
0.000190
0.000098
0.000150
