0.086620
0.067518
0.056757
0.050374
0.042281
0.038744
0.038976
0.032860
0.033951
0.028465
0.029081
0.024196
0.021628
0.017735
0.016759
0.016960
0.015473
0.017669
0.016100
0.014095
0.013420
0.009729
0.010148
0.009199
0.009270
0.010037
0.008798
0.007426
0.007260
0.008747
0.007065
0.006255
0.005787
0.005434
0.004572
0.003849
0.004400
0.004435
0.003786
0.003858
0.003794
0.003565
0.002904
0.004012
0.002623
0.002087
0.002227
0.002169
0.001659
0.002161
0.001579
0.001252
0.001668
0.001422
0.001207
0.001031
0.001810
0.001913
0.002786
0.002111
0.001758
0.002337
0.002115
0.001865
0.001491
0.001739
0.001396
0.001242
0.001252
0.001080
0.001059
0.001001
0.001158
0.000975
0.001303
0.000991
0.000910
0.000772
0.000578
0.000556
0.000395
0.000515
0.000434
0.000446
0.000437
0.000484
0.000441
0.000337
0.000334
0.000371
0.000431
0.000421
0.000217
0.000451
0.000220
0.000393
0.000162
0.000255
0.000440
0.000405
0.001868
0.003303
0.002980
0.001931
0.003554
0.004733
0.001962
0.004089
0.004317
0.008409
0.011277
0.010974
0.012596
0.005151
0.007478
0.005072
0.006284
0.008202
0.011688
0.006461
0.008748
0.009756
0.004113
0.005061
0.005186
0.002132
0.002066
0.001424
0.000897
0.001280
0.001852
0.001722
0.001444
0.000685
0.002175
0.001421
0.001574
0.004194
0.006962
0.004033
0.002158
0.001712
0.001364
0.001356
0.000914
0.000604
0.000759
0.001388
0.002878
0.004709
