0.074189
0.077006
0.070562
0.069729
0.063105
0.065208
0.063593
0.063686
0.060892
0.064182
0.059449
0.057092
0.059604
0.059073
0.054697
0.053374
0.054270
0.050519
0.051223
0.045702
0.049929
0.046049
0.050766
0.043745
0.042902
0.044571
0.037307
0.040601
0.038345
0.039185
0.039098
0.036555
0.036788
0.037327
0.037225
0.037786
0.034125
0.033278
0.031482
0.031392
0.032407
0.035943
0.031381
0.038101
0.033408
0.035207
0.027632
0.038078
0.031531
0.043125
0.033051
0.035156
0.040085
0.037879
0.027960
0.033038
0.029454
0.036993
0.028117
0.041306
0.031427
0.030060
0.033288
0.030734
0.025185
0.027504
0.027978
0.024388
0.023878
0.026745
0.025937
0.026483
0.023373
0.023461
0.024253
0.020646
0.019440
0.021123
0.022996
0.020898
0.022006
0.019559
0.021212
0.023225
0.023104
0.021413
0.020494
0.021938
0.017243
0.016019
0.021439
0.017097
0.020639
0.018039
0.017371
0.019755
0.015551
0.015087
0.020569
0.016990
0.019508
0.015022
0.015378
0.021369
0.019366
0.017091
0.021124
0.018713
0.016592
0.017614
0.016615
0.016634
0.017061
0.013976
0.015712
0.015749
0.015710
0.012675
0.014894
0.016818
0.014086
0.014694
0.015641
0.014066
0.013010
0.015789
0.015060
0.015447
0.014247
0.014877
0.017220
0.016997
0.018266
0.014157
0.012854
0.011108
0.012271
0.014258
0.013534
0.013858
0.013253
0.018012
0.013327
0.014128
0.013430
0.015504
0.012716
0.027944
0.017999
0.017282
