0.109820
0.071670
0.071670
0.071950
0.071123
0.070450
0.067066
0.067283
0.067813
0.064905
0.065709
0.066469
0.061585
0.065084
0.062486
0.058574
0.058114
0.057841
0.057494
0.054390
0.054854
0.053969
0.050923
0.050597
0.053171
0.050663
0.051745
0.050848
0.048986
0.048096
0.048463
0.044906
0.045627
0.044522
0.042641
0.044130
0.044319
0.041094
0.039271
0.040425
0.040896
0.040619
0.039972
0.039794
0.045784
0.040952
0.036591
0.035811
0.037967
0.032945
0.039524
0.039523
0.038433
0.038189
0.037469
0.038188
0.034054
0.040017
0.033914
0.030369
0.029960
0.029589
0.032786
0.027281
0.024451
0.028265
0.028950
0.028587
0.031722
0.029128
0.029929
0.026861
0.032916
0.039051
0.028156
0.027450
0.032622
0.023912
0.036663
0.026914
0.025663
0.025441
0.025300
0.032332
0.024603
0.024466
0.022995
0.025797
0.023833
0.021465
0.022375
0.021059
0.021926
0.019513
0.020919
0.020465
0.020589
0.018615
0.022650
0.019651
0.021756
0.019581
0.022114
0.021835
0.017719
0.021033
0.024346
0.020893
0.020288
0.024026
0.020052
0.018253
0.018645
0.020396
0.018459
0.015663
0.017125
0.019559
0.016607
0.016867
0.017892
0.014987
0.018394
0.016310
0.015137
0.018101
0.014964
0.016912
0.017491
0.015188
0.016190
0.013982
0.014775
0.013206
0.018617
0.014489
0.013129
0.015321
0.012838
0.013661
0.014932
0.015210
0.016136
0.013053
0.013239
0.014853
0.012511
0.012705
0.011924
0.012393
