0.248199
0.172423
0.138539
0.092761
0.085375
0.090660
0.080114
0.070742
0.074857
0.070928
0.071875
0.068886
0.070139
0.065150
0.072287
0.070099
0.070748
0.066713
0.065031
0.060786
0.062099
0.062233
0.062375
0.063528
0.057440
0.058648
0.054707
0.058332
0.055756
0.054652
0.052563
0.047953
0.048746
0.046357
0.046177
0.045496
0.037890
0.039924
0.038836
0.039551
0.032507
0.039800
0.030721
0.036373
0.032794
0.028213
0.032091
0.028673
0.021480
0.028777
0.026637
0.022420
0.017278
0.017221
0.018200
0.018245
0.018937
0.016465
0.015810
0.019570
0.020515
0.014006
0.014698
0.015934
0.014856
0.012064
0.015184
0.014655
0.010864
0.013827
0.013064
0.012214
0.010300
0.008375
0.009475
0.005751
0.007941
0.011757
0.005667
0.008854
0.009277
0.006313
0.005447
0.005256
0.004992
0.003552
0.007066
0.004435
0.004206
0.009251
0.005523
0.006845
0.003066
0.006280
0.006151
0.005352
0.005384
0.004309
0.004166
0.003614
0.006761
0.007027
0.007395
0.006891
0.006808
0.002260
0.008161
0.003166
0.009558
0.006639
0.013950
0.004224
0.007839
0.005481
0.002604
0.008358
0.005069
0.004756
0.004494
0.003956
0.004981
0.005317
0.002622
0.005605
0.006031
0.005888
0.002097
0.001760
0.007287
0.011080
0.004459
0.004260
0.004643
0.003434
0.005319
0.006533
0.001599
0.016636
0.003676
0.002866
0.000637
0.015177
0.002019
0.006704
0.009433
0.001446
0.003565
0.001399
0.003390
0.005354
