0.172107
0.086231
0.059617
0.059467
0.061905
0.061352
0.060998
0.058338
0.059644
0.056772
0.053532
0.056267
0.058013
0.056071
0.055191
0.053471
0.053037
0.053662
0.050086
0.051293
0.051111
0.049608
0.054819
0.050719
0.051074
0.052464
0.054372
0.053155
0.053321
0.052565
0.052686
0.051416
0.051074
0.050917
0.051524
0.049085
0.050172
0.053135
0.049882
0.051013
0.050236
0.051211
0.048847
0.049860
0.049603
0.050399
0.049835
0.048421
0.051711
0.052492
0.049571
0.048931
0.048674
0.049760
0.045771
0.042708
0.056195
0.047260
0.046015
0.050514
0.048557
0.048974
0.044891
0.044535
0.046834
0.046269
0.047801
0.048889
0.048353
0.045752
0.047736
0.050857
0.044433
0.048561
0.043930
0.044280
0.049078
0.047437
0.046127
0.045772
0.040681
0.047440
0.048079
0.043965
0.040639
0.043710
0.039501
0.038796
0.040370
0.045952
0.041268
0.034377
0.033299
0.037386
0.034607
0.038097
0.036271
0.029061
0.030381
0.030364
0.032041
0.034318
0.036416
0.032594
0.028802
0.028737
0.030917
0.031298
0.031765
0.030727
0.024851
0.031971
0.027836
0.026623
0.030803
0.025395
0.025271
0.024220
0.025555
0.021371
0.031534
0.025024
0.040333
0.021780
0.039548
0.028503
0.024835
0.031088
0.029099
0.023628
0.023745
0.029848
0.022168
0.020421
0.018773
0.021925
0.022523
0.021724
0.020476
0.026081
0.030491
0.021305
0.036177
0.027300
0.025490
0.022645
0.025310
0.020749
0.020072
0.019313
