0.126205
0.081308
0.063395
0.062098
0.059849
0.059687
0.059011
0.058323
0.058581
0.059753
0.059044
0.058817
0.057280
0.056137
0.055714
0.056221
0.058193
0.057774
0.056213
0.056161
0.055164
0.052465
0.053111
0.052809
0.051514
0.054953
0.052588
0.055692
0.052405
0.051504
0.052435
0.051480
0.051147
0.050665
0.050923
0.053521
0.049506
0.051681
0.050152
0.048383
0.050586
0.049573
0.050984
0.050891
0.047719
0.049323
0.047147
0.052630
0.049025
0.050339
0.050700
0.048930
0.048716
0.051273
0.051108
0.048946
0.050095
0.048688
0.050557
0.050805
0.047956
0.052088
0.049693
0.050559
0.050969
0.049796
0.049316
0.046638
0.049573
0.051341
0.049212
0.045147
0.045928
0.046534
0.047760
0.047077
0.045711
0.049207
0.048043
0.046960
0.048731
0.046610
0.043722
0.048059
0.049421
0.046623
0.044889
0.047751
0.045453
0.043637
0.046791
0.045948
0.045748
0.042931
0.043843
0.043067
0.045513
0.043409
0.044297
0.044934
0.046169
0.041716
0.046391
0.040937
0.041085
0.038303
0.037668
0.030970
0.037176
0.040333
0.036349
0.036441
0.032604
0.039050
0.038536
0.040506
0.045870
0.053888
0.048297
0.036756
0.038035
0.029611
0.034863
0.026864
0.032769
0.025821
0.032319
0.028371
0.030396
0.029334
0.020938
0.023644
0.020893
0.027224
0.025032
0.029972
0.022329
0.026926
0.024869
0.033290
0.025883
0.026437
0.027926
0.031058
0.029682
0.036329
0.027847
0.029055
0.029165
0.029070
