0.162741
0.120255
0.085034
0.079650
0.071046
0.069443
0.054345
0.057874
0.051868
0.055547
0.055141
0.052945
0.050368
0.050274
0.052148
0.052360
0.052946
0.054028
0.054134
0.045309
0.048986
0.049109
0.046130
0.046314
0.044578
0.046781
0.048456
0.046881
0.049518
0.048970
0.042787
0.041694
0.044465
0.043116
0.041176
0.035371
0.033886
0.038674
0.039154
0.036037
0.039471
0.034682
0.034314
0.032955
0.036503
0.042420
0.040485
0.031316
0.034808
0.031688
0.036855
0.028149
0.033283
0.035241
0.030819
0.027621
0.027564
0.025828
0.027977
0.022594
0.027894
0.025904
0.024646
0.025665
0.029141
0.022198
0.025019
0.023512
0.020145
0.018477
0.020841
0.022982
0.020376
0.023031
0.024257
0.028947
0.023627
0.026254
0.023225
0.023893
0.024645
0.023654
0.017611
0.023519
0.020477
0.020631
0.018286
0.015650
0.021920
0.021322
0.015356
0.017356
0.014374
0.021262
0.016090
0.015782
0.018088
0.015364
0.013298
0.010517
0.009949
0.014576
0.013873
0.014596
0.013765
0.013028
0.031805
0.032884
0.025574
0.018834
0.029104
0.023269
0.015971
0.015248
0.015283
0.016559
0.012849
0.018274
0.009529
0.015983
0.012021
0.012792
0.015615
0.018131
0.013724
0.019912
0.014379
0.017940
0.020586
0.023342
0.015894
0.023377
0.012651
0.013909
0.017748
0.013941
0.014189
0.011152
0.011683
0.007400
0.007294
0.012839
0.011003
0.009368
0.017080
0.009610
0.020368
0.007692
0.037312
0.016790
