0.619488
0.365466
0.143971
0.077725
0.073983
0.072608
0.072825
0.071828
0.071670
0.071203
0.070839
0.069514
0.071153
0.070061
0.070406
0.068955
0.068659
0.070174
0.068921
0.067389
0.067919
0.067504
0.067389
0.066075
0.065696
0.064333
0.064784
0.067371
0.065469
0.064712
0.065619
0.065176
0.065966
0.064099
0.064736
0.062657
0.063917
0.062188
0.067600
0.064949
0.062465
0.059782
0.059873
0.064086
0.063976
0.057681
0.062476
0.060641
0.059246
0.062453
0.063403
0.063678
0.064455
0.072098
0.063371
0.062425
0.063470
0.062603
0.064434
0.067222
0.066330
0.066772
0.064690
0.063113
0.061864
0.057345
0.059507
0.057280
0.057933
0.056119
0.055741
0.058319
0.056535
0.058053
0.055934
0.055111
0.057420
0.054113
0.062403
0.054338
0.056297
0.056178
0.056845
0.055071
0.055245
0.056134
0.056544
0.056790
0.053993
0.052226
0.053362
0.052588
0.054103
0.053254
0.052608
0.051141
0.052623
0.050289
0.054168
0.050610
0.050261
0.047897
0.050195
0.050618
0.051333
0.049087
0.051679
0.050412
0.046385
0.052065
0.048348
0.047697
0.047852
0.046367
0.046998
0.050534
0.044833
0.047816
0.046248
0.049999
0.045778
0.045610
0.045526
0.047224
0.046278
0.043254
0.045243
0.043916
0.045478
0.046479
0.041176
0.040021
0.043336
0.039631
0.043451
0.043695
0.039119
0.040533
0.038007
0.037405
0.035762
0.035334
0.034875
0.041151
0.037221
0.036931
0.038128
0.034827
0.034454
0.031238
