0.601667
0.328476
0.349581
0.276183
0.177335
0.082695
0.072523
0.071163
0.069860
0.071276
0.070012
0.072269
0.071443
0.072845
0.069594
0.070839
0.071203
0.070371
0.070563
0.071718
0.069943
0.070829
0.068245
0.070648
0.068978
0.067835
0.067572
0.068247
0.068793
0.068735
0.068127
0.067720
0.068449
0.072671
0.067095
0.068876
0.068639
0.069732
0.070360
0.069563
0.068050
0.068856
0.068787
0.069579
0.070985
0.069544
0.069579
0.068515
0.069928
0.068640
0.069141
0.068164
0.068782
0.066471
0.065934
0.065651
0.066032
0.064877
0.067011
0.066431
0.063507
0.064090
0.063701
0.064999
0.063954
0.065007
0.064979
0.065368
0.066774
0.064138
0.063090
0.065550
0.063381
0.064341
0.062402
0.063257
0.062207
0.061612
0.063502
0.061323
0.058765
0.066150
0.064519
0.062352
0.061990
0.061445
0.060638
0.060162
0.058990
0.059307
0.060839
0.059294
0.057029
0.059970
0.059824
0.058923
0.058646
0.058451
0.058400
0.058726
0.056352
0.058625
0.055869
0.061756
0.054162
0.060639
0.059353
0.058064
0.053533
0.052314
0.048577
0.054225
0.053506
0.054511
0.049549
0.050038
0.052815
0.049123
0.042957
0.048816
0.040970
0.042332
0.041432
0.041769
0.046755
0.041885
0.042507
0.040414
0.039047
0.043972
0.036429
0.036397
0.037498
0.040422
0.039292
0.035558
0.037185
0.035473
0.035238
0.037999
0.035932
0.035583
0.034869
0.034423
0.035287
0.033103
0.034294
0.034646
0.031638
0.033056
