0.067412
0.058196
0.053352
0.051888
0.046868
0.045232
0.043923
0.043267
0.040428
0.036748
0.041895
0.036394
0.038331
0.031284
0.031644
0.043677
0.038552
0.036111
0.047813
0.038646
0.033674
0.031497
0.030001
0.034475
0.046790
0.029519
0.043156
0.046351
0.035476
0.026936
0.028554
0.023145
0.018728
0.022276
0.025871
0.019247
0.032353
0.021623
0.056552
0.087703
0.080787
0.042615
0.031240
0.041618
0.028755
0.022581
0.017577
0.013496
0.014679
0.019709
0.021954
0.021360
0.020747
0.019638
0.013684
0.014387
0.018820
0.013547
0.014963
0.014520
0.017202
0.027643
0.030260
0.016197
0.022311
0.030145
0.020649
0.024611
0.025676
0.026735
0.022940
0.031618
0.022162
0.016938
0.021766
0.030560
0.027435
0.018066
0.079758
0.095961
0.063319
0.051129
0.054720
0.064530
0.039255
0.073400
0.054135
0.043596
0.033749
0.037366
0.033270
0.029083
0.026428
0.025946
0.019722
0.029266
0.034150
0.022102
0.021286
0.035395
0.053993
0.101606
0.052260
0.154374
0.194407
0.170169
0.121817
0.098363
0.094104
0.092728
0.074775
0.074244
0.059670
0.055919
0.072665
0.055536
0.051352
0.042047
0.041001
0.043477
0.041032
0.047278
0.039140
0.038585
0.036765
0.035883
0.042449
0.036271
0.042438
0.035221
0.052299
0.030279
0.042596
0.042655
0.042976
0.038754
0.033183
0.035344
0.031496
0.028341
0.037046
0.033075
0.031666
0.037609
0.031792
0.044607
0.052804
0.040562
0.042791
0.036949
