0.058164
0.054664
0.047323
0.043684
0.044297
0.039107
0.034864
0.031102
0.028019
0.020177
0.021237
0.025329
0.030638
0.026081
0.021518
0.025304
0.022980
0.018124
0.018052
0.020108
0.043510
0.060683
0.101393
0.071494
0.078151
0.066584
0.035715
0.032339
0.032502
0.028890
0.024890
0.029260
0.030639
0.027179
0.028082
0.022618
0.019014
0.019587
0.021196
0.024811
0.025258
0.028538
0.025637
0.022222
0.026991
0.019553
0.020637
0.017613
0.018352
0.018327
0.017165
0.016024
0.017701
0.015521
0.015279
0.017825
0.036368
0.027268
0.029885
0.024916
0.025099
0.024887
0.024194
0.025020
0.025298
0.020271
0.020009
0.023168
0.034971
0.029842
0.026898
0.024606
0.025065
0.024270
0.020260
0.020527
0.021506
0.018332
0.016238
0.017217
0.017201
0.021286
0.027153
0.037638
0.037849
0.039360
0.038243
0.035163
0.032421
0.033249
0.028940
0.031629
0.033214
0.027387
0.030845
0.028790
0.027942
0.022782
0.020297
0.020691
0.026089
0.026033
0.029160
0.029599
0.025846
0.023101
0.020758
0.021157
0.019916
0.020744
0.019445
0.020073
0.027274
0.028749
0.023066
0.021572
0.019729
0.019624
0.019585
0.018280
0.019032
0.016088
0.016092
0.021492
0.017705
0.017865
0.015861
0.017632
0.017384
0.019688
0.014758
0.015365
0.014377
0.015573
0.014405
0.013140
0.019263
0.020215
0.018938
0.019940
0.018918
0.018972
0.015500
0.014338
0.015585
0.015898
0.014144
0.025464
0.017976
0.018967
