0.074975
0.049582
0.049370
0.050832
0.042522
0.045283
0.048799
0.042214
0.039535
0.036367
0.032163
0.033511
0.030088
0.025104
0.030196
0.028010
0.026314
0.027691
0.024523
0.019107
0.018663
0.024099
0.017060
0.019176
0.021688
0.019765
0.014261
0.014135
0.010772
0.010643
0.010489
0.009156
0.009084
0.014471
0.014710
0.012847
0.013161
0.012866
0.013480
0.009293
0.010605
0.008876
0.011133
0.021066
0.017274
0.015486
0.013391
0.022085
0.023238
0.017024
0.019158
0.015802
0.015252
0.015940
0.010777
0.019951
0.013179
0.010012
0.011251
0.008786
0.010307
0.009565
0.011544
0.009646
0.012552
0.017038
0.010772
0.007030
0.010536
0.082089
0.065388
0.045516
0.024961
0.014608
0.011455
0.011698
0.012656
0.008273
0.009447
0.007037
0.007421
0.006150
0.007597
0.007246
0.008198
0.007141
0.007525
0.007808
0.007280
0.012055
0.021856
0.012190
0.006913
0.010691
0.017481
0.011686
0.010935
0.013843
0.010355
0.007235
0.026020
0.021576
0.012005
0.015471
0.010967
0.008892
0.009379
0.007698
0.006421
0.007334
0.006997
0.006671
0.005932
0.007376
0.008088
0.006636
0.005749
0.005169
0.007161
0.007860
0.006096
0.005948
0.006529
0.007159
0.009481
0.005880
0.005016
0.004798
0.006275
0.006538
0.008394
0.009202
0.009027
0.007517
0.005964
0.006077
0.006754
0.006910
0.016127
0.012923
0.117785
0.084420
0.042554
0.028025
0.027845
0.023696
0.020840
0.020499
0.026746
0.026207
