0.159769
0.115056
0.074996
0.073052
0.072108
0.071670
0.071670
0.071670
0.071670
0.071670
0.071670
0.071670
0.071670
0.071670
0.071670
0.071670
0.071670
0.071670
0.071670
0.071670
0.071670
0.071670
0.071670
0.071670
0.070839
0.071360
0.071119
0.070529
0.070893
0.070651
0.071246
0.069317
0.068174
0.068593
0.068862
0.069655
0.067575
0.067885
0.066717
0.065606
0.064540
0.062718
0.062351
0.064071
0.063851
0.061864
0.059374
0.059497
0.057971
0.055711
0.056573
0.055032
0.057336
0.057074
0.057013
0.052239
0.054931
0.051895
0.053946
0.052541
0.053203
0.049046
0.050505
0.049367
0.049702
0.047924
0.050747
0.048699
0.046944
0.046204
0.045924
0.043207
0.043256
0.045926
0.044417
0.045019
0.041377
0.044209
0.042710
0.039640
0.044177
0.043799
0.044418
0.047241
0.044488
0.037517
0.041676
0.039352
0.038292
0.037394
0.038917
0.037452
0.039003
0.037101
0.040274
0.036159
0.037681
0.035472
0.034823
0.036727
0.033674
0.032324
0.030286
0.028184
0.026908
0.030365
0.027268
0.028172
0.026831
0.024172
0.022454
0.021539
0.021560
0.021435
0.022459
0.022869
0.018381
0.020466
0.020501
0.019406
0.018495
0.017296
0.017471
0.017979
0.017668
0.015675
0.016433
0.015889
0.017856
0.015823
0.016921
0.015697
0.013866
0.014287
0.012377
0.012742
0.014130
0.012960
0.013705
0.013016
0.012280
0.011925
0.012344
0.013224
0.011911
0.011272
0.012503
0.012920
0.010705
0.011000
