0.150000
0.245000
0.240000
0.250000
0.260000
0.265000
0.295000
0.290000
0.290000
0.330000
0.360000
0.345000
0.370000
0.320000
0.340000
0.390000
0.360000
0.430000
0.475000
0.410000
0.475000
0.505000
0.475000
0.485000
0.500000
0.490000
0.425000
0.430000
0.395000
0.425000
0.425000
0.425000
0.420000
0.450000
0.450000
0.455000
0.420000
0.445000
0.440000
0.455000
0.445000
0.460000
0.455000
0.460000
0.460000
0.460000
0.455000
0.465000
0.465000
0.460000
0.465000
0.465000
0.460000
0.465000
0.460000
0.470000
0.470000
0.465000
0.470000
0.465000
0.465000
0.470000
0.470000
0.470000
0.470000
0.470000
0.505000
0.545000
0.545000
0.570000
0.575000
0.530000
0.540000
0.530000
0.575000
0.600000
0.595000
0.590000
0.615000
0.600000
0.615000
0.600000
0.615000
0.620000
0.610000
0.620000
0.630000
0.635000
0.640000
0.620000
0.640000
0.650000
0.625000
0.615000
0.635000
0.640000
0.640000
0.630000
0.615000
0.615000
0.610000
0.635000
0.630000
0.635000
0.655000
0.660000
0.650000
0.655000
0.645000
0.665000
0.655000
0.665000
0.665000
0.665000
0.660000
0.665000
0.665000
0.665000
0.665000
0.665000
0.665000
0.665000
0.665000
0.665000
0.665000
0.665000
0.665000
0.665000
0.665000
0.665000
0.665000
0.665000
0.665000
0.665000
0.665000
0.665000
0.665000
0.665000
0.665000
0.665000
0.665000
0.665000
0.665000
0.665000
0.665000
0.665000
0.665000
0.665000
0.665000
0.665000
