0.140689
0.085476
0.073490
0.071360
0.071828
0.071828
0.071670
0.071670
0.071670
0.071670
0.071670
0.071670
0.071670
0.070839
0.072208
0.071377
0.066036
0.067433
0.067088
0.065395
0.066525
0.064931
0.064014
0.064149
0.063997
0.063015
0.061413
0.061666
0.061345
0.058923
0.060223
0.059205
0.059481
0.057459
0.055304
0.055536
0.057174
0.055910
0.056215
0.054612
0.054139
0.052702
0.054722
0.050630
0.051108
0.054543
0.049597
0.052004
0.048415
0.050025
0.050521
0.049744
0.048824
0.050844
0.049258
0.046703
0.050186
0.046732
0.046787
0.047131
0.045680
0.047088
0.044395
0.046195
0.042704
0.042264
0.046374
0.043765
0.043191
0.040166
0.038267
0.037827
0.038335
0.040016
0.037439
0.038579
0.036468
0.034910
0.033182
0.032465
0.029000
0.028288
0.028602
0.031370
0.027803
0.027886
0.025521
0.026594
0.022399
0.027543
0.023079
0.018999
0.021175
0.024376
0.018808
0.021537
0.015968
0.016258
0.015334
0.014214
0.014332
0.014714
0.012884
0.010738
0.009654
0.010504
0.010330
0.011621
0.008926
0.007762
0.008576
0.007451
0.007655
0.006526
0.007673
0.006101
0.006890
0.005367
0.005344
0.004654
0.006084
0.005487
0.004878
0.004502
0.004614
0.004779
0.004287
0.004731
0.004549
0.004710
0.003620
0.004900
0.004977
0.003543
0.005002
0.003219
0.003316
0.003061
0.003873
0.002691
0.002832
0.003624
0.002286
0.011659
0.003690
0.009317
0.003947
0.011851
0.003713
0.005305
