0.082225
0.071828
0.071670
0.071670
0.076113
0.070066
0.070839
0.071203
0.071203
0.069387
0.070576
0.069522
0.068518
0.068053
0.068403
0.069264
0.068073
0.070316
0.063492
0.062676
0.064000
0.061749
0.059018
0.059781
0.056417
0.058092
0.058521
0.057113
0.054203
0.056562
0.050449
0.049852
0.049496
0.047388
0.048103
0.051709
0.049655
0.050544
0.048437
0.046708
0.045836
0.045587
0.041936
0.043027
0.043774
0.038430
0.037765
0.038946
0.033623
0.033204
0.034744
0.031651
0.032974
0.029595
0.030690
0.027089
0.033430
0.027525
0.026115
0.026254
0.024696
0.027310
0.025348
0.021677
0.023514
0.024651
0.024699
0.026120
0.019419
0.025680
0.021992
0.021700
0.025452
0.024558
0.021856
0.021980
0.025199
0.023835
0.022518
0.023530
0.023991
0.020720
0.020807
0.020631
0.020521
0.018290
0.014850
0.020017
0.018287
0.011994
0.018100
0.014667
0.012267
0.015846
0.015037
0.015130
0.017366
0.011767
0.015287
0.012165
0.009379
0.009397
0.014052
0.008702
0.011816
0.012135
0.017231
0.012009
0.012235
0.018039
0.010700
0.009729
0.017166
0.020097
0.018896
0.022301
0.010004
0.012826
0.015931
0.018145
0.009699
0.015010
0.014833
0.022859
0.014242
0.017386
0.015925
0.010145
0.015813
0.028945
0.012654
0.022954
0.012183
0.009151
0.009812
0.018902
0.010325
0.010388
0.011454
0.008404
0.009592
0.009289
0.010130
0.009176
0.006806
0.007178
0.005817
0.006674
0.006631
0.008048
