0.175000
0.215000
0.190000
0.195000
0.245000
0.245000
0.255000
0.275000
0.335000
0.285000
0.335000
0.320000
0.350000
0.295000
0.365000
0.360000
0.345000
0.340000
0.390000
0.385000
0.405000
0.370000
0.430000
0.390000
0.440000
0.420000
0.425000
0.425000
0.390000
0.455000
0.455000
0.455000
0.435000
0.440000
0.440000
0.455000
0.465000
0.460000
0.470000
0.485000
0.470000
0.480000
0.485000
0.485000
0.500000
0.485000
0.490000
0.480000
0.475000
0.490000
0.490000
0.505000
0.500000
0.505000
0.510000
0.515000
0.515000
0.520000
0.505000
0.520000
0.520000
0.515000
0.515000
0.520000
0.515000
0.520000
0.515000
0.520000
0.520000
0.520000
0.520000
0.515000
0.515000
0.520000
0.510000
0.520000
0.520000
0.520000
0.520000
0.520000
0.520000
0.520000
0.520000
0.520000
0.520000
0.520000
0.520000
0.525000
0.525000
0.545000
0.595000
0.645000
0.585000
0.580000
0.540000
0.435000
0.425000
0.470000
0.465000
0.400000
0.465000
0.485000
0.475000
0.485000
0.505000
0.510000
0.505000
0.500000
0.485000
0.495000
0.500000
0.515000
0.515000
0.505000
0.515000
0.515000
0.515000
0.510000
0.510000
0.510000
0.495000
0.445000
0.490000
0.510000
0.500000
0.515000
0.515000
0.510000
0.515000
0.515000
0.515000
0.515000
0.510000
0.515000
0.515000
0.510000
0.515000
0.515000
0.510000
0.515000
0.515000
0.515000
0.515000
0.515000
0.515000
0.515000
0.515000
0.515000
0.515000
0.515000
