0.384690
0.202368
0.068633
0.049443
0.050651
0.039929
0.044717
0.040310
0.038300
0.035628
0.033952
0.033121
0.030741
0.029244
0.032219
0.026904
0.031340
0.028879
0.031184
0.034264
0.036346
0.040325
0.039405
0.037774
0.038680
0.037012
0.036364
0.036692
0.035041
0.034383
0.033595
0.032767
0.036441
0.037473
0.034458
0.034669
0.032691
0.031068
0.032365
0.030951
0.033441
0.030059
0.029339
0.031514
0.030202
0.028829
0.030837
0.027063
0.028357
0.030459
0.029622
0.028565
0.029878
0.028962
0.028512
0.026654
0.027033
0.027102
0.024861
0.027897
0.025813
0.025387
0.026135
0.026395
0.025261
0.023565
0.024142
0.027258
0.026348
0.024420
0.025481
0.023463
0.022699
0.024959
0.023446
0.022058
0.024160
0.022814
0.024303
0.022462
0.022883
0.023963
0.025252
0.025051
0.023296
0.023366
0.021692
0.021895
0.022263
0.022054
0.021288
0.022456
0.023225
0.023106
0.022377
0.021480
0.020923
0.022813
0.020536
0.021287
0.021937
0.023655
0.022557
0.023145
0.022406
0.022728
0.022165
0.022033
0.020156
0.020703
0.022908
0.020153
0.022204
0.021899
0.021112
0.022996
0.021840
0.022788
0.019549
0.020144
0.021907
0.020195
0.018748
0.020790
0.021261
0.020043
0.022596
0.020856
0.020855
0.019273
0.020816
0.020735
0.019997
0.022484
0.020997
0.018850
0.020214
0.019750
0.021123
0.021021
0.021200
0.020911
0.021660
0.020074
0.019803
0.019041
0.022387
0.020862
0.018390
0.020123
