0.110944
0.080224
0.076071
0.069044
0.069181
0.064563
0.058650
0.059143
0.059410
0.058177
0.055588
0.054112
0.051153
0.052385
0.048299
0.050386
0.048519
0.047631
0.049472
0.046420
0.045084
0.044839
0.044838
0.045518
0.043010
0.042459
0.039828
0.041356
0.037667
0.036846
0.037819
0.035035
0.036081
0.036376
0.037597
0.033705
0.035552
0.032787
0.035985
0.035123
0.033630
0.031491
0.032137
0.031511
0.032995
0.030700
0.028566
0.026515
0.030273
0.027244
0.025721
0.026468
0.024706
0.022265
0.023163
0.021162
0.023108
0.021424
0.021662
0.021755
0.020514
0.019451
0.022700
0.020249
0.021510
0.019721
0.017085
0.017645
0.017015
0.015818
0.015767
0.015186
0.016922
0.014431
0.015727
0.016229
0.015848
0.014207
0.014188
0.013525
0.013327
0.013641
0.013274
0.014474
0.011697
0.012439
0.012046
0.011348
0.012849
0.011110
0.008862
0.009157
0.008379
0.008325
0.008480
0.009789
0.007450
0.008586
0.007134
0.007104
0.006529
0.006508
0.005826
0.005788
0.006175
0.005988
0.005319
0.005665
0.005282
0.005317
0.005416
0.004546
0.004741
0.005166
0.004925
0.004707
0.005018
0.004305
0.003956
0.004123
0.003967
0.003896
0.003311
0.003077
0.003412
0.003455
0.003183
0.003041
0.002808
0.002830
0.002773
0.002801
0.002939
0.002802
0.002687
0.002932
0.002978
0.002802
0.002757
0.002779
0.002813
0.003057
0.002629
0.002637
0.002470
0.002515
0.002342
0.002431
0.002453
0.002416
