0.077142
0.071911
0.068853
0.068206
0.066873
0.061510
0.059231
0.060419
0.056539
0.054016
0.050464
0.052571
0.046756
0.045401
0.043035
0.040798
0.040020
0.040482
0.038672
0.037854
0.031941
0.031402
0.029339
0.028176
0.025224
0.022667
0.019170
0.021377
0.021887
0.017225
0.015617
0.017320
0.016618
0.013443
0.014499
0.014534
0.015414
0.013472
0.012034
0.012442
0.012098
0.010387
0.011474
0.009537
0.010664
0.010336
0.012081
0.010428
0.009353
0.012636
0.010698
0.016110
0.008187
0.014202
0.009575
0.013151
0.012082
0.012338
0.010407
0.009378
0.009913
0.008367
0.007050
0.009335
0.006384
0.008617
0.006755
0.009209
0.006242
0.006019
0.006785
0.008038
0.006670
0.007487
0.006881
0.007741
0.015919
0.018107
0.013753
0.009419
0.013519
0.008679
0.011444
0.009764
0.008280
0.010263
0.006359
0.007225
0.006853
0.008546
0.004661
0.005048
0.005842
0.005571
0.006413
0.005959
0.008518
0.003404
0.009243
0.010216
0.005573
0.006569
0.004877
0.006459
0.003267
0.004521
0.005802
0.009386
0.010801
0.004144
0.005582
0.007255
0.004994
0.007829
0.003985
0.005687
0.004481
0.007049
0.006890
0.004552
0.006465
0.004684
0.010711
0.003328
0.016267
0.007895
0.003152
0.005286
0.007597
0.024779
0.020923
0.011259
0.011335
0.041622
0.014930
0.019785
0.040148
0.021872
0.031982
0.027628
0.028032
0.022196
0.021067
0.012023
0.014568
0.017803
0.011399
0.012916
0.006891
0.008244
