0.071036
0.053478
0.056415
0.053153
0.052741
0.046182
0.050249
0.043269
0.046799
0.038709
0.037740
0.039238
0.035258
0.036294
0.036197
0.035425
0.034028
0.032325
0.031561
0.030826
0.031143
0.033110
0.029414
0.031315
0.028350
0.028470
0.021439
0.019065
0.015930
0.012778
0.013436
0.012972
0.017183
0.015959
0.014647
0.012706
0.015222
0.014537
0.014390
0.016413
0.036187
0.025586
0.017652
0.016427
0.013221
0.012344
0.012115
0.011604
0.011704
0.011288
0.011463
0.011786
0.011052
0.009703
0.010879
0.009559
0.010862
0.009600
0.012077
0.009304
0.001407
0.000728
0.000439
0.010384
0.007253
0.005938
0.000929
0.000526
0.001114
0.000558
0.000487
0.000075
0.001158
0.002722
0.002121
0.019492
0.025041
0.016022
0.019449
0.011449
0.009912
0.001686
0.003350
0.001612
0.001041
0.000488
0.000175
0.000105
0.000063
0.000108
0.000085
0.000034
0.000064
0.000027
0.000024
0.000015
0.000018
0.000018
0.000018
0.000022
0.000018
0.000018
0.000021
0.000013
0.000022
0.000016
0.000011
0.000014
0.000035
0.000028
0.000030
0.000020
0.000011
0.000019
0.000014
0.000011
0.000010
0.000009
0.000013
0.000010
0.000012
0.000015
0.000014
0.000011
0.000010
0.000011
0.000006
0.000011
0.000007
0.000006
0.000008
0.000007
0.000008
0.000005
0.000006
0.000006
0.000005
0.000005
0.000006
0.000008
0.000017
0.000008
0.000008
0.000006
0.000006
0.000006
0.000004
0.000006
0.000006
0.000005
