0.145492
0.102001
0.090581
0.103551
0.095760
0.078884
0.076725
0.077600
0.081323
0.071381
0.065297
0.064331
0.065432
0.064105
0.068953
0.065033
0.064009
0.062861
0.067154
0.055154
0.054554
0.051825
0.049812
0.048357
0.049076
0.046686
0.046733
0.043674
0.039091
0.042729
0.035185
0.035493
0.040724
0.036623
0.033382
0.031754
0.030521
0.030596
0.026745
0.028401
0.022351
0.027822
0.022520
0.017292
0.019853
0.020372
0.014745
0.017390
0.013503
0.019153
0.017253
0.011828
0.013753
0.009078
0.015647
0.010263
0.009120
0.010045
0.008506
0.014200
0.006997
0.012852
0.005637
0.013957
0.007471
0.008583
0.007163
0.006418
0.005954
0.003760
0.007133
0.007143
0.007637
0.014203
0.023005
0.016001
0.031768
0.019339
0.018082
0.026838
0.017599
0.028850
0.026031
0.012979
0.021901
0.017367
0.013180
0.011415
0.015872
0.010341
0.010102
0.011742
0.005991
0.005935
0.005658
0.008632
0.015368
0.005328
0.007544
0.007409
0.010401
0.005062
0.011018
0.007323
0.009233
0.004152
0.007564
0.007083
0.016367
0.005004
0.003442
0.003458
0.002853
0.003488
0.002567
0.004784
0.001845
0.002667
0.001019
0.001512
0.001091
0.001283
0.002538
0.001088
0.001068
0.001256
0.001402
0.000893
0.001104
0.000508
0.001595
0.000490
0.001142
0.001004
0.001045
0.000539
0.000485
0.000687
0.000368
0.000927
0.000678
0.000477
0.000366
0.000853
0.000650
0.000456
0.000421
0.000330
0.000273
0.000322
