0.081438
0.071606
0.067310
0.064539
0.066097
0.063429
0.061547
0.060103
0.058428
0.057663
0.058607
0.057582
0.058961
0.053757
0.053833
0.054428
0.054550
0.050837
0.052278
0.051283
0.048889
0.050054
0.042933
0.040680
0.038405
0.039925
0.044224
0.042365
0.036437
0.038165
0.036523
0.036674
0.035790
0.033188
0.032557
0.033412
0.029177
0.029588
0.027236
0.028941
0.025223
0.026406
0.024337
0.021304
0.024404
0.021823
0.021950
0.022328
0.020863
0.018926
0.015276
0.016399
0.016746
0.016087
0.015508
0.019520
0.015700
0.013807
0.014452
0.015609
0.015269
0.019079
0.013435
0.013046
0.012664
0.011440
0.011718
0.010720
0.008877
0.007995
0.011637
0.008876
0.008275
0.011764
0.007041
0.008795
0.008276
0.006601
0.008974
0.008337
0.006914
0.008277
0.007293
0.006227
0.007059
0.006309
0.006380
0.005752
0.005480
0.005605
0.004829
0.005411
0.005234
0.004611
0.004454
0.004291
0.004120
0.003801
0.004201
0.004130
0.004718
0.004489
0.004457
0.006380
0.003548
0.003578
0.003390
0.003321
0.003603
0.002920
0.003009
0.003377
0.002361
0.002628
0.002240
0.004224
0.004639
0.004169
0.004955
0.005027
0.002143
0.002869
0.004696
0.003942
0.003921
0.004177
0.002983
0.003751
0.002396
0.002234
0.002309
0.002433
0.001647
0.001909
0.001966
0.002256
0.002574
0.001820
0.002350
0.001856
0.001957
0.001314
0.002155
0.001505
0.004574
0.001347
0.001246
0.003868
0.001501
0.001591
