0.072844
0.066020
0.066904
0.065719
0.064131
0.062847
0.060917
0.059345
0.059258
0.058981
0.056980
0.055208
0.051428
0.052333
0.054036
0.053288
0.051830
0.048307
0.048189
0.047095
0.042752
0.047532
0.042046
0.041100
0.038359
0.035946
0.036038
0.034267
0.035612
0.031716
0.030643
0.028282
0.028697
0.026502
0.027743
0.023713
0.025189
0.023409
0.022991
0.022812
0.021372
0.021221
0.019254
0.021709
0.021190
0.020687
0.015835
0.016765
0.013719
0.013905
0.011376
0.011490
0.007981
0.009405
0.006562
0.006719
0.006253
0.005997
0.007340
0.006200
0.005789
0.005347
0.006169
0.004173
0.004512
0.004588
0.005449
0.003280
0.004458
0.003134
0.004035
0.002747
0.002635
0.003038
0.003421
0.003389
0.003941
0.002907
0.003384
0.003125
0.002766
0.002378
0.002725
0.002645
0.003547
0.002784
0.003167
0.002812
0.002318
0.001979
0.002049
0.002305
0.001969
0.001882
0.001807
0.001755
0.001615
0.001604
0.001648
0.001544
0.001370
0.001472
0.001342
0.001366
0.001236
0.001353
0.001356
0.001207
0.001166
0.001166
0.001062
0.001006
0.000915
0.000922
0.000900
0.000997
0.000855
0.001015
0.000981
0.000896
0.000846
0.000997
0.000941
0.000933
0.001001
0.001007
0.000942
0.000936
0.000918
0.000947
0.000880
0.000893
0.000951
0.000807
0.000925
0.001009
0.000969
0.000982
0.000870
0.000895
0.000916
0.000836
0.000796
0.000901
0.000825
0.000807
0.000812
0.000787
0.000684
0.000719
