0.222074
0.176217
0.078333
0.076468
0.073976
0.071723
0.076870
0.069553
0.071997
0.068261
0.068894
0.074704
0.069861
0.068310
0.063832
0.065303
0.062995
0.065149
0.062156
0.056422
0.062108
0.057088
0.056844
0.054983
0.057285
0.055268
0.055488
0.056461
0.053583
0.051681
0.050206
0.053551
0.051686
0.051061
0.052331
0.048154
0.046690
0.044855
0.046331
0.049489
0.047193
0.046378
0.041565
0.044427
0.044290
0.044795
0.047738
0.046928
0.043485
0.042630
0.040682
0.045073
0.040933
0.043028
0.040310
0.041990
0.038150
0.039938
0.040248
0.036676
0.038885
0.038265
0.034906
0.033488
0.034828
0.033992
0.034002
0.035933
0.035699
0.035358
0.034752
0.031919
0.035832
0.035325
0.031035
0.029332
0.030429
0.032139
0.027528
0.027197
0.028169
0.027790
0.029687
0.028927
0.026672
0.026357
0.026920
0.024525
0.023251
0.024284
0.023802
0.025203
0.025320
0.025569
0.023772
0.024161
0.022523
0.024969
0.020180
0.021853
0.020777
0.023032
0.021419
0.022554
0.023195
0.020743
0.017828
0.020809
0.022480
0.024251
0.021441
0.018640
0.019330
0.017224
0.017647
0.014625
0.016130
0.015513
0.017288
0.016287
0.015138
0.016299
0.016730
0.013767
0.014775
0.013984
0.016300
0.013593
0.020381
0.018687
0.012834
0.016023
0.010616
0.010882
0.010505
0.010142
0.010218
0.005605
0.009861
0.008534
0.007249
0.006284
0.006127
0.006883
0.004453
0.009667
0.007929
0.006445
0.004959
0.005443
