0.181647
0.146641
0.082333
0.073287
0.072230
0.071828
0.071670
0.071670
0.071670
0.071670
0.071670
0.071670
0.071670
0.071670
0.071670
0.071670
0.071670
0.071670
0.071670
0.071670
0.071670
0.071670
0.071670
0.071670
0.071670
0.070839
0.071154
0.070411
0.070691
0.070641
0.069469
0.068934
0.068633
0.069706
0.070261
0.068746
0.068051
0.067080
0.067174
0.067550
0.067076
0.066937
0.065945
0.067760
0.065620
0.066289
0.065089
0.063046
0.065290
0.064026
0.064038
0.063819
0.064054
0.063234
0.063236
0.063583
0.062954
0.063153
0.063006
0.063076
0.061882
0.062117
0.061962
0.063448
0.059951
0.060383
0.061713
0.058618
0.059535
0.059125
0.061031
0.060204
0.062130
0.060614
0.060229
0.060437
0.060852
0.060264
0.056621
0.058223
0.059839
0.059476
0.054473
0.054002
0.055722
0.060064
0.054884
0.058662
0.053862
0.054891
0.052240
0.052999
0.049169
0.058460
0.054600
0.053905
0.056308
0.053735
0.053041
0.050212
0.050553
0.051146
0.056165
0.066731
0.054071
0.056788
0.054593
0.052576
0.053598
0.055374
0.054757
0.051795
0.052146
0.050289
0.051221
0.052958
0.049171
0.051455
0.050391
0.047906
0.046438
0.044027
0.047179
0.048028
0.047848
0.045409
0.043642
0.044248
0.041817
0.041302
0.042213
0.038490
0.036808
0.037391
0.037346
0.037517
0.035475
0.037008
0.032844
0.035934
0.034884
0.032953
0.034811
0.031712
0.029681
0.030164
0.033143
0.031616
0.033955
0.032641
