0.137127
0.084316
0.075148
0.071320
0.072300
0.072265
0.071486
0.071342
0.071360
0.070996
0.071360
0.071360
0.071203
0.071203
0.070839
0.070651
0.071158
0.069698
0.070268
0.070529
0.069904
0.069362
0.069386
0.069538
0.069938
0.069319
0.069540
0.070406
0.068699
0.066702
0.067120
0.066025
0.068943
0.066957
0.067204
0.066685
0.066106
0.065625
0.064964
0.064900
0.063641
0.065151
0.062748
0.063311
0.060645
0.061643
0.069193
0.060452
0.062638
0.066010
0.065375
0.063615
0.061319
0.064075
0.057881
0.059931
0.055853
0.056616
0.055285
0.052669
0.052700
0.053924
0.050305
0.050477
0.051491
0.052329
0.051884
0.052179
0.051370
0.052763
0.047838
0.048222
0.045624
0.044618
0.049188
0.048134
0.042956
0.047671
0.045692
0.044165
0.042908
0.042851
0.041444
0.041479
0.042246
0.045218
0.042692
0.044315
0.044410
0.043804
0.042067
0.044758
0.043739
0.041241
0.042199
0.040588
0.038750
0.042510
0.040752
0.037949
0.036614
0.040997
0.038734
0.041743
0.036692
0.036918
0.038990
0.038895
0.036506
0.039096
0.037737
0.036309
0.035616
0.034206
0.035949
0.035875
0.036895
0.037800
0.036605
0.035976
0.035098
0.035204
0.034072
0.035111
0.034328
0.035978
0.033859
0.031652
0.033811
0.033779
0.033390
0.029526
0.032766
0.029942
0.033824
0.032510
0.029894
0.030713
0.029635
0.027470
0.031036
0.028739
0.032787
0.028136
0.028546
0.027989
0.024984
0.024663
0.022489
0.026624
