0.160923
0.122091
0.124000
0.124182
0.108258
0.114086
0.108958
0.099434
0.105082
0.099797
0.096332
0.088721
0.090593
0.092446
0.094638
0.089395
0.092462
0.087793
0.087241
0.081218
0.076519
0.080292
0.077683
0.076175
0.079810
0.079942
0.071183
0.074288
0.072783
0.073320
0.073234
0.072032
0.068039
0.070139
0.066381
0.068235
0.056753
0.065659
0.060593
0.071038
0.059909
0.054501
0.057522
0.053872
0.056289
0.055161
0.058433
0.055951
0.057407
0.054981
0.053734
0.055242
0.056326
0.054093
0.051873
0.055555
0.052608
0.047950
0.050831
0.050557
0.046025
0.055728
0.063875
0.048689
0.049560
0.053916
0.045122
0.044110
0.052612
0.042833
0.045755
0.047498
0.049823
0.046943
0.046531
0.042594
0.042942
0.045979
0.047041
0.041600
0.045348
0.042622
0.055367
0.053213
0.065288
0.057339
0.051106
0.044714
0.043472
0.045692
0.045017
0.051475
0.045151
0.044454
0.040208
0.045502
0.038324
0.044358
0.042892
0.043468
0.043737
0.044446
0.043088
0.046422
0.043402
0.042378
0.038450
0.039133
0.035684
0.038502
0.037883
0.037619
0.035547
0.044308
0.036260
0.034496
0.031190
0.037121
0.038632
0.050433
0.067788
0.072252
0.053772
0.043761
0.047598
0.045031
0.044248
0.043945
0.036620
0.038358
0.034282
0.031190
0.033952
0.031420
0.029909
0.031010
0.024978
0.025266
0.033618
0.036941
0.028022
0.027820
0.029124
0.025276
0.028366
0.024957
0.021742
0.022492
0.025171
0.023075
0.021976
0.025136
0.025176
0.028814
0.026402
0.028267
0.029058
0.042702
0.026936
0.026293
0.027306
0.023996
0.027283
0.025484
0.023626
0.029041
0.025862
0.078462
0.122063
0.104362
0.111611
0.070481
0.064434
0.070989
0.062183
0.054290
0.050563
0.043705
0.047155
0.048228
0.040059
0.041835
0.036558
0.039400
0.040612
0.035865
0.042046
0.038146
0.039166
0.037061
0.038037
0.036387
0.033059
0.032220
0.030789
0.031781
0.031410
0.030052
0.028305
0.025567
0.027672
0.025321
0.026443
0.027917
0.024877
0.027735
0.025914
0.024992
0.026450
0.025528
0.021672
0.022495
0.025344
0.023202
0.021859
0.021434
0.023160
0.021640
0.022867
0.025631
0.022110
0.023566
0.026967
0.022050
0.020854
0.019860
0.020753
0.021367
0.020242
0.023411
0.023395
0.018817
0.019018
0.021703
0.016992
0.018128
0.017021
0.014188
0.014256
0.014929
0.016670
0.013676
0.014220
0.014346
0.015232
0.014593
0.016300
0.015920
0.016671
0.017083
