0.243391
0.227870
0.194306
0.164966
0.159679
0.143693
0.133323
0.128923
0.123061
0.122705
0.122864
0.119604
0.118538
0.106285
0.095209
0.098629
0.096725
0.089978
0.092059
0.095876
0.083609
0.083099
0.087528
0.090053
0.083172
0.085075
0.080972
0.090450
0.091404
0.078350
0.091575
0.087603
0.075905
0.081897
0.069343
0.075925
0.078541
0.076036
0.068476
0.070845
0.071835
0.068675
0.064867
0.066806
0.078263
0.076251
0.075903
0.070327
0.065295
0.062035
0.065696
0.067303
0.068350
0.066623
0.062946
0.065492
0.065431
0.056121
0.060850
0.054858
0.054221
0.054400
0.062098
0.058583
0.050496
0.058553
0.051920
0.050705
0.059593
0.053757
0.049674
0.049725
0.056944
0.054856
0.055060
0.051756
0.055054
0.045153
0.045069
0.047692
0.045885
0.047141
0.044617
0.049173
0.045660
0.049396
0.054223
0.043879
0.044129
0.045456
0.046520
0.052337
0.039500
0.042405
0.045580
0.052119
0.040650
0.047393
0.045538
0.041295
0.044001
0.051413
0.035415
0.039510
0.038841
0.043689
0.046765
0.042217
0.040099
0.038182
0.042301
0.040575
0.038869
0.035505
0.034400
0.039260
0.036134
0.036387
0.032941
0.035339
0.033757
0.033346
0.035870
0.033304
0.038250
0.048101
0.030392
0.035834
0.036202
0.039112
0.040170
0.036760
0.038341
0.033902
0.028702
0.029998
0.031445
0.029328
0.027669
0.034944
0.026300
0.024308
0.031017
0.025643
0.029908
0.026777
0.026684
0.022356
0.029154
0.026867
0.025035
0.033870
0.024354
0.025772
0.030819
0.023281
0.030222
0.025497
0.024680
0.024548
0.027746
0.026602
0.023861
0.021615
0.024290
0.024668
0.022809
0.029919
0.027291
0.026131
0.029134
0.023328
0.021873
0.020643
0.021771
0.023307
0.021314
0.019931
0.023060
0.021501
0.021584
0.023657
0.021980
0.024193
0.020906
0.019708
0.019510
0.021113
0.019333
0.020272
0.021089
0.023328
0.022242
0.021224
0.019584
0.020668
0.018752
0.020135
0.022346
0.017921
0.015843
0.016395
0.017419
0.014989
0.016369
0.017804
0.017123
0.026685
0.024601
0.022623
0.018669
0.022009
0.021796
0.017634
0.014782
0.015772
0.015890
0.017831
0.017055
0.018500
0.018997
0.020565
0.022764
0.021827
0.021682
0.019157
0.020653
0.024074
0.022241
0.022142
0.017746
0.017348
0.018521
0.016866
0.015404
0.015886
0.018073
0.021639
0.020207
0.025716
0.015910
0.019122
0.015600
0.018504
0.018322
0.014504
0.013916
0.015251
0.013943
0.011639
