0.137925
0.089969
0.079512
0.065212
0.064711
0.062710
0.061203
0.062073
0.060045
0.059459
0.059518
0.060258
0.059530
0.060226
0.058824
0.059265
0.058697
0.056534
0.055958
0.056816
0.057856
0.055525
0.054198
0.056533
0.055397
0.056622
0.056827
0.056545
0.055495
0.055044
0.054654
0.052967
0.054950
0.052802
0.053244
0.052350
0.053056
0.052925
0.053251
0.054471
0.050454
0.053347
0.051370
0.051563
0.048660
0.050785
0.052428
0.048799
0.049646
0.048137
0.047424
0.047660
0.049035
0.046334
0.046400
0.045559
0.043036
0.046433
0.044471
0.045224
0.043742
0.044061
0.044441
0.042139
0.042676
0.042906
0.042291
0.040709
0.043484
0.043884
0.038910
0.042477
0.042151
0.040517
0.038573
0.040879
0.040667
0.038171
0.035169
0.038324
0.036185
0.037988
0.036203
0.037978
0.037470
0.037235
0.035263
0.034948
0.033543
0.033911
0.033562
0.029888
0.033032
0.034063
0.033227
0.031756
0.034685
0.032494
0.032151
0.028542
0.030489
0.030027
0.030754
0.029476
0.029691
0.031284
0.027745
0.032226
0.029586
0.028655
0.028645
0.026621
0.028635
0.027607
0.028624
0.028403
0.028339
0.027763
0.027316
0.026224
0.026951
0.026240
0.023972
0.026626
0.025782
0.025427
0.027720
0.025569
0.026908
0.024684
0.024245
0.022154
0.025527
0.025616
0.022935
0.022630
0.022498
0.019699
0.022271
0.022386
0.020958
0.021869
0.024588
0.019790
0.022427
0.024137
0.022849
0.021707
0.019346
0.019531
0.021230
0.019298
0.021383
0.017438
0.019623
0.021994
0.019979
0.020169
0.020918
0.020954
0.020583
0.018878
0.019533
0.018332
0.019304
0.017101
0.016183
0.018326
0.018880
0.020659
0.018360
0.019184
0.016930
0.018100
0.017345
0.016372
0.016454
0.016963
0.016219
0.016621
0.015624
0.016680
0.016302
0.015336
0.016743
0.014474
0.014317
0.016354
0.016119
0.015753
0.016380
0.015442
0.016195
0.014475
0.013756
0.014964
0.012616
0.013571
0.014058
0.014107
0.012763
0.015866
0.012907
0.014567
0.013854
0.012523
0.013695
0.014578
0.012591
0.012430
0.011439
0.013827
0.011942
0.011024
0.010487
0.009284
0.011575
0.012547
0.010824
0.011314
0.011203
0.011028
0.011496
0.011100
0.009620
0.009021
0.009967
0.010054
0.009632
0.008980
0.009901
0.010342
0.009117
0.009645
0.008203
0.009329
0.008931
0.010207
0.008895
0.008458
0.008902
0.008247
0.008370
0.009020
0.008078
0.008756
0.007339
0.008242
0.008065
0.008027
