0.073108
0.071828
0.070288
0.072372
0.070547
0.075541
0.071304
0.064756
0.064198
0.065155
0.063343
0.062530
0.061496
0.060948
0.060098
0.061509
0.060469
0.061988
0.053287
0.051767
0.051621
0.045705
0.044879
0.049386
0.046744
0.043968
0.043385
0.041763
0.044494
0.043143
0.041060
0.039225
0.035851
0.034638
0.040086
0.037406
0.039423
0.037871
0.029638
0.035119
0.033315
0.030320
0.032610
0.027305
0.024358
0.044901
0.021847
0.023679
0.023407
0.029602
0.020792
0.023518
0.019613
0.018877
0.019217
0.016430
0.017152
0.017850
0.014251
0.013015
0.012994
0.008711
0.011606
0.013047
0.010098
0.009723
0.010551
0.009679
0.010065
0.011759
0.008617
0.009374
0.007786
0.007149
0.011285
0.007344
0.008325
0.007783
0.007451
0.005361
0.004423
0.006387
0.004869
0.005482
0.007682
0.006975
0.008228
0.006340
0.008956
0.005387
0.011037
0.015843
0.007800
0.018469
0.022499
0.011103
0.021790
0.011605
0.004053
0.014566
0.011033
0.012978
0.012536
0.011729
0.008725
0.007161
0.013156
0.006892
0.015025
0.007341
0.006027
0.009010
0.011439
0.008109
0.007697
0.008602
0.007472
0.006685
0.004822
0.008436
0.007601
0.005134
0.010169
0.006868
0.004173
0.003291
0.008733
0.007280
0.004786
0.008036
0.007297
0.004910
0.002703
0.003132
0.006533
0.005685
0.005558
0.005691
0.005596
0.006953
0.012049
0.007295
0.005432
0.003646
0.005313
0.005483
0.000974
0.001369
0.004232
0.001269
