0.127583
0.075684
0.070388
0.071765
0.070606
0.070011
0.066916
0.066919
0.067478
0.064303
0.063773
0.060768
0.069510
0.063021
0.063818
0.063975
0.060330
0.060637
0.060366
0.064471
0.061242
0.060949
0.063011
0.062468
0.060467
0.062453
0.064552
0.063128
0.060698
0.060796
0.064883
0.066872
0.061573
0.057908
0.059743
0.063100
0.060950
0.062431
0.060783
0.061644
0.061362
0.063966
0.060939
0.059247
0.066503
0.062845
0.060478
0.064323
0.064802
0.064120
0.061224
0.060476
0.061279
0.057439
0.058888
0.058109
0.059734
0.059415
0.057175
0.060233
0.058701
0.062442
0.059482
0.063144
0.061062
0.055930
0.058622
0.058333
0.059385
0.060923
0.055823
0.065784
0.049464
0.055542
0.054158
0.055034
0.052083
0.050288
0.054303
0.051746
0.053271
0.054340
0.044733
0.048586
0.048272
0.048983
0.047576
0.046475
0.048107
0.049171
0.051050
0.050746
0.045237
0.044946
0.049657
0.047887
0.055655
0.049866
0.055933
0.055352
0.051361
0.050296
0.046350
0.046331
0.051316
0.045264
0.043934
0.045316
0.032637
0.044454
0.038931
0.042254
0.043014
0.038278
0.045852
0.041352
0.044802
0.039040
0.037905
0.040773
0.044289
0.041668
0.044574
0.042052
0.048252
0.036746
0.047285
0.056725
0.036322
0.049166
0.056097
0.041156
0.037593
0.045543
0.038185
0.039116
0.040057
0.044800
0.044947
0.030588
0.033646
0.033566
0.034486
0.033097
0.032706
0.030902
0.032599
0.038191
0.033613
0.039088
