0.084143
0.071372
0.070989
0.068089
0.065799
0.066163
0.064127
0.061275
0.062356
0.059199
0.058016
0.061951
0.056451
0.052733
0.053479
0.052287
0.048956
0.048848
0.045849
0.045902
0.045328
0.046233
0.044396
0.045693
0.043511
0.038359
0.039189
0.039001
0.036737
0.039532
0.039312
0.036038
0.035695
0.036223
0.036757
0.032531
0.030813
0.032892
0.031108
0.032244
0.031339
0.032187
0.033095
0.033047
0.032460
0.035010
0.030760
0.027719
0.032400
0.026707
0.030193
0.030651
0.030025
0.030424
0.030090
0.030822
0.028874
0.030155
0.030936
0.029842
0.026391
0.028454
0.027346
0.028491
0.028535
0.030253
0.023393
0.027098
0.023339
0.028706
0.027178
0.029503
0.026546
0.023928
0.023614
0.026897
0.025085
0.026049
0.026226
0.024197
0.027050
0.023478
0.023999
0.023973
0.025352
0.023231
0.023142
0.023022
0.022817
0.023835
0.024380
0.023400
0.022014
0.023615
0.019778
0.024399
0.019333
0.018313
0.016991
0.018675
0.017309
0.014629
0.017056
0.015643
0.014961
0.015460
0.017129
0.015568
0.021444
0.016384
0.031275
0.016550
0.019416
0.017284
0.018775
0.095260
0.036791
0.070012
0.034871
0.034970
0.039052
0.034924
0.032334
0.031485
0.030985
0.031316
0.032802
0.022605
0.023235
0.021040
0.014827
0.021916
0.019218
0.018575
0.017993
0.016436
0.018503
0.017713
0.011083
0.013282
0.012388
0.010165
0.007463
0.009645
0.005864
0.010273
0.007414
0.006072
0.006511
0.002729
