0.205413
0.158771
0.165636
0.127846
0.117133
0.101543
0.078730
0.079929
0.069830
0.070574
0.058776
0.048313
0.052983
0.046447
0.038682
0.035599
0.042831
0.033709
0.030958
0.037806
0.032016
0.030487
0.027765
0.026872
0.025936
0.029085
0.023610
0.021539
0.021162
0.019959
0.013891
0.016582
0.014181
0.011075
0.008187
0.011761
0.008073
0.008215
0.005390
0.007172
0.006349
0.003243
0.005496
0.004573
0.006987
0.005439
0.007917
0.004889
0.004589
0.004570
0.003150
0.002603
0.004610
0.003719
0.002619
0.002847
0.002377
0.002865
0.005636
0.001568
0.004264
0.012135
0.001991
0.002352
0.003191
0.001654
0.004236
0.002770
0.002695
0.002567
0.002468
0.001256
0.001553
0.002203
0.001475
0.001907
0.001175
0.001570
0.001038
0.001650
0.000967
0.001794
0.000903
0.000802
0.000757
0.000641
0.000635
0.000666
0.000278
0.000494
0.000602
0.000491
0.000320
0.000313
0.000536
0.000705
0.000342
0.000269
0.000342
0.000312
0.000435
0.000266
0.000320
0.000257
0.000327
0.000174
0.000368
0.000398
0.000305
0.000279
0.000325
0.000223
0.000225
0.000235
0.000193
0.000189
0.000145
0.000314
0.000209
0.000275
0.000194
0.000297
0.000300
0.000260
0.000102
0.000964
0.000392
0.001426
0.000960
0.003981
0.003754
0.000842
0.000755
0.000886
0.001410
0.000723
0.000472
0.001868
0.000585
0.003554
0.043346
0.026389
0.005638
0.040160
0.006810
0.020902
0.034058
0.009698
0.011055
0.005225
