0.180667
0.187912
0.152911
0.130543
0.115950
0.115074
0.099373
0.099208
0.093434
0.084553
0.082927
0.079779
0.082792
0.074993
0.071576
0.071756
0.075386
0.075209
0.071841
0.073643
0.074370
0.073636
0.080298
0.070879
0.067423
0.067842
0.064035
0.067162
0.072140
0.069060
0.069689
0.066789
0.064559
0.062983
0.065520
0.060026
0.058391
0.058753
0.060850
0.071911
0.071231
0.068442
0.072104
0.063022
0.062797
0.066502
0.061795
0.065013
0.063778
0.068474
0.062915
0.055133
0.053348
0.052691
0.054872
0.051867
0.049519
0.055331
0.049711
0.051016
0.054750
0.048374
0.054533
0.050827
0.046430
0.047969
0.046513
0.052008
0.043284
0.047787
0.046765
0.045543
0.047295
0.053632
0.052445
0.053578
0.052800
0.046454
0.041930
0.046605
0.048425
0.048299
0.047391
0.045071
0.044652
0.044973
0.043614
0.052499
0.062026
0.054358
0.052385
0.049872
0.044706
0.043378
0.043440
0.055192
0.067216
0.056807
0.051494
0.062710
0.050937
0.050727
0.045031
0.045772
0.045152
0.042564
0.044947
0.044351
0.042345
0.046454
0.039688
0.045498
0.041687
0.045708
0.039031
0.042225
0.049479
0.047242
0.043565
0.046059
0.043779
0.042474
0.041843
0.043890
0.042991
0.044630
0.042890
0.041588
0.057715
0.064939
0.062001
0.059258
0.053806
0.055077
0.049212
0.047922
0.042740
0.045583
0.051033
0.045965
0.045022
0.043684
0.049284
0.042894
0.038602
0.040449
0.040060
0.037787
0.039658
0.037286
