0.124503
0.122791
0.084652
0.070579
0.068833
0.066501
0.065797
0.065433
0.065369
0.064533
0.063932
0.063812
0.063931
0.064541
0.063670
0.063161
0.063112
0.063473
0.061850
0.063600
0.063980
0.062788
0.062547
0.061905
0.062054
0.062366
0.061689
0.061813
0.061140
0.061804
0.060337
0.061702
0.061853
0.059542
0.061213
0.059530
0.059781
0.059999
0.059235
0.060983
0.061470
0.060733
0.060363
0.059942
0.061089
0.059777
0.058867
0.058508
0.059219
0.058522
0.059301
0.058523
0.058484
0.058874
0.060882
0.059081
0.056527
0.056679
0.058123
0.055172
0.057800
0.057473
0.056858
0.057490
0.056442
0.055396
0.055043
0.055856
0.055776
0.055626
0.054060
0.053662
0.053969
0.052969
0.054432
0.052637
0.053184
0.053614
0.052411
0.052840
0.051791
0.050989
0.051933
0.053716
0.052763
0.050393
0.049946
0.049777
0.049474
0.049480
0.049307
0.051658
0.050372
0.049331
0.050319
0.049221
0.048125
0.049996
0.048805
0.050083
0.050386
0.048075
0.047622
0.048419
0.049727
0.048886
0.048653
0.049981
0.048970
0.048989
0.050662
0.047709
0.047161
0.047481
0.047426
0.047391
0.045675
0.049087
0.046931
0.045738
0.046831
0.046735
0.047598
0.046849
0.045433
0.047175
0.045580
0.046701
0.047296
0.045557
0.047229
0.045451
0.046168
0.044160
0.046526
0.047049
0.046136
0.048068
0.048249
0.047597
0.045955
0.044534
0.044724
0.047281
0.043870
0.043888
0.044752
0.043706
0.043883
0.044171
