0.125546
0.105963
0.081422
0.071166
0.062891
0.062477
0.058564
0.059388
0.061048
0.058025
0.059176
0.059773
0.058025
0.057144
0.057321
0.059182
0.056439
0.057448
0.055960
0.055950
0.055477
0.055989
0.054785
0.053530
0.053817
0.053416
0.051613
0.053110
0.058202
0.051878
0.051359
0.051044
0.048241
0.052070
0.055619
0.057064
0.051320
0.047416
0.051686
0.045347
0.049256
0.047269
0.045505
0.044879
0.053036
0.051141
0.046782
0.046424
0.044237
0.047115
0.044018
0.049173
0.053884
0.042558
0.048902
0.046456
0.048276
0.044213
0.041690
0.041118
0.040549
0.062168
0.063726
0.058336
0.057780
0.058230
0.057447
0.058203
0.056161
0.058693
0.056391
0.057342
0.053925
0.053951
0.051947
0.052092
0.048963
0.048691
0.048188
0.046828
0.047914
0.048523
0.048926
0.049225
0.053335
0.049254
0.048938
0.048814
0.047271
0.047612
0.048124
0.046158
0.046661
0.046977
0.045944
0.044050
0.045285
0.043714
0.045014
0.046747
0.044754
0.047353
0.045051
0.045140
0.044161
0.044848
0.046169
0.045393
0.042861
0.044390
0.041703
0.043093
0.046456
0.041372
0.040967
0.042189
0.041766
0.039406
0.041177
0.046399
0.038831
0.043334
0.042279
0.041787
0.040590
0.039496
0.039727
0.040628
0.040199
0.040610
0.041741
0.039948
0.037389
0.039771
0.038798
0.038163
0.038250
0.039001
0.038140
0.039791
0.037256
0.039950
0.037181
0.036567
0.039234
0.037235
0.042276
0.039344
0.036388
0.037342
