0.100938
0.077018
0.066072
0.065712
0.061647
0.063649
0.060232
0.060390
0.057998
0.056461
0.061220
0.059946
0.059289
0.056788
0.055046
0.058521
0.056064
0.057769
0.055884
0.066797
0.058983
0.056706
0.069993
0.071312
0.084906
0.084944
0.074775
0.074543
0.065698
0.064359
0.068729
0.058363
0.057877
0.066326
0.070189
0.062662
0.056231
0.054491
0.058734
0.061517
0.057003
0.048708
0.051916
0.054359
0.050759
0.042913
0.046015
0.050432
0.047270
0.049348
0.053155
0.054433
0.048684
0.055354
0.054893
0.048873
0.050631
0.052569
0.058975
0.052673
0.046901
0.046289
0.045744
0.051246
0.105261
0.093123
0.064871
0.063607
0.063608
0.063423
0.063319
0.062356
0.062127
0.061396
0.060298
0.060931
0.061358
0.061396
0.060833
0.060881
0.060805
0.060147
0.059913
0.060156
0.059640
0.058783
0.060062
0.059513
0.059174
0.058597
0.060207
0.058899
0.059236
0.060101
0.058078
0.058713
0.058171
0.058398
0.059344
0.058616
0.058751
0.058744
0.059010
0.057720
0.057266
0.056954
0.057011
0.058067
0.057427
0.058329
0.057895
0.057065
0.057039
0.057313
0.056180
0.056505
0.056817
0.056691
0.057141
0.056836
0.057469
0.057807
0.056323
0.056693
0.056712
0.057199
0.057533
0.057154
0.057777
0.058149
0.057564
0.058017
0.057297
0.057478
0.057093
0.056617
0.056539
0.056647
0.055953
0.056181
0.055191
0.056728
0.056399
0.056676
0.055374
0.056500
0.056710
0.056283
0.056289
0.055251
