0.088244
0.073135
0.070643
0.065700
0.070635
0.067144
0.068124
0.067681
0.067758
0.069174
0.068405
0.065892
0.064899
0.060991
0.062199
0.063437
0.058917
0.057721
0.057528
0.055136
0.056742
0.053668
0.051424
0.055003
0.051604
0.050777
0.046983
0.047896
0.046768
0.045332
0.044365
0.045987
0.042629
0.044189
0.042677
0.041956
0.040370
0.039065
0.039754
0.042242
0.038079
0.035013
0.033544
0.036152
0.034245
0.030445
0.032397
0.030700
0.027714
0.025220
0.026128
0.024151
0.025659
0.023183
0.021759
0.020330
0.019072
0.019116
0.017420
0.016361
0.014617
0.015788
0.015017
0.013074
0.015466
0.010936
0.011956
0.010065
0.012618
0.009798
0.011861
0.009219
0.007968
0.007552
0.010102
0.010735
0.009368
0.007121
0.006706
0.008967
0.006440
0.006176
0.007470
0.005497
0.006958
0.006673
0.006006
0.005248
0.007166
0.004571
0.005256
0.009933
0.006371
0.004532
0.007901
0.005967
0.006279
0.004950
0.004182
0.004376
0.004383
0.004066
0.004359
0.004618
0.004725
0.003525
0.004270
0.003939
0.004353
0.004495
0.004367
0.003194
0.004203
0.003197
0.003941
0.004057
0.002996
0.002965
0.003846
0.004731
0.004140
0.003016
0.003876
0.003868
0.004034
0.004611
0.004353
0.003814
0.003881
0.002988
0.002872
0.003837
0.003819
0.002891
0.003697
0.003645
0.003686
0.003681
0.003666
0.003650
0.002790
0.002730
0.003605
0.002749
0.003603
0.003583
0.002709
0.003595
0.002744
0.002760
