0.136785
0.081248
0.068915
0.071515
0.071473
0.070874
0.062570
0.062095
0.067797
0.062320
0.061312
0.061013
0.061212
0.059332
0.054078
0.053215
0.050930
0.049747
0.049067
0.050072
0.046249
0.046091
0.044913
0.044606
0.042912
0.040618
0.041930
0.036996
0.036838
0.037110
0.035736
0.034549
0.033606
0.032930
0.031088
0.032999
0.031025
0.029698
0.032189
0.032255
0.030779
0.031635
0.028544
0.026725
0.032898
0.027160
0.026674
0.030691
0.026793
0.028164
0.026588
0.027782
0.026877
0.026918
0.026827
0.022132
0.024747
0.023808
0.020969
0.024261
0.022920
0.023988
0.024459
0.022969
0.021919
0.024470
0.021864
0.024086
0.021746
0.023555
0.024066
0.023553
0.023808
0.023914
0.018397
0.021631
0.021882
0.023156
0.022610
0.022117
0.021893
0.023026
0.022996
0.019951
0.018670
0.016764
0.018327
0.017349
0.015689
0.015875
0.016549
0.020927
0.016011
0.019585
0.025496
0.039590
0.023605
0.053120
0.028506
0.042472
0.039119
0.030425
0.032158
0.017348
0.016948
0.027341
0.020498
0.020561
0.022597
0.011501
0.017673
0.015864
0.007649
0.008982
0.023191
0.006749
0.015909
0.009823
0.015271
0.004682
0.009060
0.003645
0.005627
0.004546
0.004656
0.004225
0.004223
0.005923
0.003506
0.003221
0.004052
0.002371
0.005718
0.002249
0.004187
0.003355
0.004323
0.002400
0.004848
0.001346
0.007544
0.007866
0.004670
0.001961
0.019251
0.010143
0.023486
0.024197
0.013047
0.012851
