0.163607
0.085770
0.061122
0.058361
0.061443
0.060423
0.061220
0.060678
0.056068
0.057448
0.057646
0.057019
0.059088
0.056817
0.055771
0.052679
0.055109
0.053096
0.053618
0.054051
0.052146
0.054627
0.052302
0.051480
0.053599
0.049987
0.051384
0.051228
0.050382
0.050355
0.050781
0.049862
0.050225
0.053143
0.049995
0.047534
0.049778
0.050808
0.047991
0.050939
0.050562
0.052270
0.047838
0.049951
0.049886
0.048524
0.047302
0.045990
0.048290
0.050309
0.053578
0.047617
0.053713
0.050386
0.044648
0.042301
0.052489
0.045582
0.046769
0.044884
0.044497
0.045987
0.040513
0.041573
0.042309
0.045289
0.042812
0.046418
0.046479
0.044581
0.043868
0.047549
0.044258
0.043384
0.043771
0.045825
0.042615
0.041620
0.049111
0.038363
0.043234
0.041694
0.046844
0.042999
0.045248
0.039835
0.042164
0.041314
0.040508
0.041380
0.035676
0.039904
0.041001
0.044043
0.035046
0.037358
0.035778
0.034247
0.041236
0.039375
0.033804
0.035333
0.037890
0.035351
0.033207
0.033134
0.033391
0.035013
0.024809
0.034382
0.024787
0.030727
0.040389
0.034684
0.037430
0.034268
0.023391
0.035490
0.029239
0.033397
0.031128
0.027334
0.029972
0.028487
0.025981
0.028049
0.032672
0.028448
0.026584
0.030308
0.029567
0.028909
0.029501
0.030029
0.030885
0.033872
0.031323
0.038007
0.036573
0.027480
0.030363
0.031453
0.025339
0.025923
0.025911
0.026202
0.025847
0.021448
0.026741
0.020207
