0.562800
0.283680
0.358490
0.284181
0.237418
0.110137
0.096584
0.083121
0.073153
0.069979
0.071460
0.069676
0.069080
0.069202
0.069093
0.068483
0.069012
0.068860
0.067724
0.066551
0.069024
0.067236
0.067866
0.067044
0.068685
0.067978
0.068597
0.068782
0.067832
0.067902
0.066371
0.066463
0.067178
0.064661
0.066125
0.063737
0.065911
0.066316
0.066437
0.062351
0.063802
0.064353
0.063852
0.065197
0.062582
0.065438
0.064743
0.062758
0.063257
0.061271
0.061189
0.059696
0.059792
0.063909
0.057920
0.060005
0.061979
0.060377
0.057863
0.060880
0.059925
0.059299
0.054786
0.058140
0.054891
0.053255
0.054614
0.053592
0.050731
0.052183
0.053723
0.056880
0.053948
0.052663
0.049385
0.052809
0.048585
0.046838
0.046069
0.045735
0.043883
0.049241
0.047573
0.047894
0.048903
0.051683
0.046126
0.045527
0.045342
0.046378
0.044786
0.044046
0.042162
0.044391
0.044425
0.043500
0.045974
0.043926
0.045614
0.043545
0.043760
0.041843
0.043066
0.042765
0.043855
0.040258
0.045480
0.043445
0.045028
0.043404
0.041741
0.044407
0.040189
0.040138
0.045918
0.041285
0.046910
0.042365
0.046191
0.049061
0.047176
0.045740
0.041284
0.043284
0.041766
0.041506
0.042284
0.040252
0.041647
0.039848
0.039651
0.038023
0.040568
0.034090
0.037305
0.040072
0.037584
0.034378
0.040587
0.037715
0.034892
0.034814
0.033675
0.040351
0.038820
0.041604
0.041963
0.039705
0.039314
0.035229
