0.078781
0.066908
0.062283
0.062031
0.063348
0.061580
0.055445
0.058885
0.053885
0.053609
0.050753
0.050519
0.055691
0.049361
0.049239
0.049307
0.047598
0.044726
0.040226
0.044229
0.044152
0.038349
0.038280
0.036419
0.035473
0.030754
0.035469
0.028062
0.028976
0.027772
0.024926
0.025485
0.023425
0.021821
0.020281
0.017681
0.019472
0.020202
0.022365
0.017819
0.017908
0.013619
0.015016
0.017112
0.012586
0.013857
0.014711
0.012843
0.011451
0.015197
0.011908
0.023694
0.013816
0.018182
0.015471
0.011029
0.015339
0.013172
0.014645
0.012133
0.016894
0.012999
0.010536
0.017036
0.014146
0.010609
0.008807
0.009305
0.012630
0.011356
0.009001
0.005406
0.006186
0.005689
0.007780
0.004844
0.005703
0.006042
0.003660
0.003410
0.004013
0.003573
0.003036
0.002614
0.002927
0.003464
0.002214
0.001890
0.001978
0.002455
0.002128
0.002102
0.001512
0.001223
0.001804
0.001058
0.000955
0.002662
0.001193
0.001096
0.000874
0.000874
0.000953
0.000783
0.003006
0.000907
0.000895
0.001882
0.000756
0.001001
0.003661
0.001114
0.000629
0.001079
0.000932
0.001425
0.000631
0.000742
0.002228
0.000904
0.001615
0.002587
0.003298
0.000608
0.001699
0.000884
0.000739
0.002359
0.000720
0.001969
0.004289
0.000786
0.000945
0.001734
0.001724
0.003012
0.001068
0.003622
0.002011
0.000915
0.003299
0.001117
0.000521
0.001196
0.000801
0.000584
0.000351
0.000455
0.000443
0.000604
