0.078183
0.070529
0.073987
0.069860
0.078874
0.069747
0.071358
0.071392
0.067706
0.067613
0.067859
0.066192
0.063761
0.067839
0.070610
0.062723
0.065684
0.068455
0.062688
0.067087
0.061395
0.065844
0.061168
0.063423
0.060442
0.061228
0.061311
0.060521
0.061607
0.059224
0.057134
0.056621
0.057094
0.057200
0.058728
0.055270
0.060057
0.054816
0.054793
0.053149
0.053431
0.058918
0.051655
0.055391
0.049343
0.053841
0.051202
0.051228
0.048819
0.049650
0.044221
0.050716
0.042685
0.042048
0.041050
0.039426
0.041714
0.039279
0.037502
0.034412
0.035637
0.032338
0.030805
0.030944
0.031154
0.030166
0.030690
0.026333
0.033771
0.026423
0.031303
0.028092
0.027914
0.026672
0.024589
0.026256
0.027400
0.031315
0.027948
0.026820
0.027382
0.032701
0.024564
0.022998
0.030429
0.025645
0.025754
0.028948
0.022949
0.021358
0.019178
0.023889
0.023380
0.019735
0.020248
0.016841
0.019370
0.017140
0.016757
0.016752
0.022620
0.019894
0.016872
0.015578
0.019615
0.017670
0.015619
0.025342
0.014286
0.018982
0.012992
0.016416
0.019928
0.016782
0.016738
0.015160
0.015807
0.012951
0.012927
0.011140
0.011853
0.019510
0.019974
0.008802
0.010270
0.008996
0.016378
0.008933
0.012906
0.008354
0.010962
0.010743
0.007193
0.010158
0.006884
0.009108
0.013065
0.008610
0.018829
0.020396
0.011740
0.014046
0.010098
0.055654
0.027417
0.023056
0.035339
0.021080
0.013106
0.023322
