0.235899
0.128106
0.119283
0.081173
0.070389
0.072864
0.071361
0.069978
0.068967
0.066380
0.067951
0.065758
0.066441
0.066888
0.066707
0.066979
0.066312
0.066708
0.069304
0.064824
0.062939
0.064758
0.062578
0.067320
0.064652
0.063547
0.059628
0.060871
0.060839
0.058931
0.055786
0.060982
0.055793
0.059197
0.060681
0.058652
0.056188
0.055331
0.051664
0.054816
0.051999
0.052312
0.050299
0.053211
0.050243
0.052680
0.053660
0.052796
0.047379
0.054054
0.050635
0.052149
0.052971
0.053607
0.050915
0.049060
0.044729
0.049731
0.048677
0.044497
0.046186
0.042623
0.043975
0.045378
0.044520
0.040454
0.041306
0.044697
0.044788
0.040647
0.046669
0.038216
0.045109
0.041975
0.038145
0.037543
0.032595
0.033357
0.032436
0.030443
0.033655
0.029895
0.026362
0.027124
0.025848
0.027235
0.026907
0.022409
0.028977
0.020600
0.023668
0.027496
0.021571
0.023767
0.021663
0.017355
0.017141
0.017988
0.017171
0.015827
0.019830
0.013484
0.022750
0.012628
0.017055
0.018397
0.012351
0.014189
0.016292
0.009313
0.009494
0.017724
0.024093
0.012315
0.018541
0.018032
0.012436
0.012109
0.015513
0.013334
0.015029
0.017316
0.013713
0.009687
0.008226
0.007941
0.007808
0.009156
0.005256
0.006561
0.007103
0.006967
0.007823
0.005259
0.008689
0.005455
0.008765
0.010622
0.011624
0.007841
0.007166
0.006551
0.007029
0.013863
0.008139
0.006026
0.009903
0.011489
0.010045
0.009293
