0.175623
0.102838
0.129999
0.104997
0.087934
0.089153
0.085039
0.080582
0.068105
0.062729
0.059279
0.060966
0.057265
0.058340
0.056688
0.052976
0.048622
0.047278
0.053097
0.051492
0.047272
0.041813
0.045669
0.042229
0.035986
0.038507
0.039299
0.036924
0.037927
0.036435
0.032180
0.027854
0.031791
0.028082
0.030224
0.031800
0.025768
0.023628
0.023173
0.021062
0.020587
0.019466
0.019107
0.017929
0.015210
0.014550
0.014070
0.012417
0.014947
0.010071
0.010835
0.008200
0.008271
0.006159
0.005678
0.005895
0.005793
0.005830
0.004199
0.005613
0.003572
0.003788
0.002094
0.002916
0.002925
0.002237
0.001662
0.001707
0.002313
0.002018
0.003016
0.001646
0.001614
0.001460
0.006749
0.009126
0.021449
0.009852
0.008285
0.016948
0.024693
0.020184
0.023400
0.012296
0.016436
0.015591
0.009471
0.010985
0.004668
0.005834
0.007127
0.005183
0.004098
0.003610
0.000979
0.005459
0.006776
0.013824
0.002490
0.001791
0.006679
0.002504
0.001748
0.002298
0.001424
0.001122
0.001578
0.000719
0.000598
0.001099
0.000680
0.000624
0.000377
0.000389
0.000302
0.000295
0.000847
0.000379
0.000396
0.000271
0.000226
0.000189
0.000221
0.000324
0.000244
0.000278
0.000551
0.000151
0.000146
0.000139
0.000153
0.000192
0.000083
0.000102
0.000146
0.000149
0.000106
0.000191
0.000146
0.000178
0.000139
0.000198
0.000090
0.000102
0.000099
0.000103
0.000268
0.000121
0.000127
0.000127
