0.147240
0.122346
0.101005
0.073675
0.073285
0.069597
0.066493
0.064983
0.063173
0.062067
0.058855
0.059593
0.057047
0.058031
0.056216
0.052789
0.053143
0.055958
0.055839
0.050996
0.050310
0.048011
0.047739
0.044887
0.042735
0.042837
0.043921
0.038856
0.039803
0.036556
0.037225
0.037078
0.034605
0.031718
0.033435
0.030383
0.029954
0.029384
0.029472
0.024827
0.030146
0.026110
0.021433
0.023759
0.020921
0.025543
0.018727
0.018805
0.015404
0.012721
0.014749
0.013547
0.013872
0.011019
0.013871
0.013671
0.008596
0.008931
0.010888
0.011991
0.007687
0.009915
0.006347
0.008466
0.008358
0.007060
0.013948
0.007415
0.005862
0.004517
0.003661
0.005323
0.005224
0.003996
0.004382
0.003535
0.005837
0.005088
0.005051
0.004026
0.004049
0.003056
0.002784
0.001896
0.002682
0.001831
0.004240
0.001730
0.003267
0.002925
0.002372
0.001123
0.002912
0.002864
0.002253
0.002479
0.001452
0.001242
0.001085
0.000946
0.000860
0.000876
0.001326
0.000493
0.000877
0.001473
0.001149
0.000630
0.000754
0.000617
0.000512
0.000826
0.000753
0.000945
0.001646
0.000549
0.000516
0.002723
0.000662
0.000784
0.000305
0.000623
0.000691
0.000807
0.000621
0.000364
0.000469
0.000618
0.000535
0.000361
0.000366
0.000578
0.000339
0.000404
0.000391
0.000431
0.000629
0.000356
0.000304
0.000299
0.000288
0.000327
0.000517
0.000369
0.000285
0.000294
0.000270
0.000272
0.000298
0.000233
