0.071123
0.071050
0.071702
0.071052
0.071547
0.072482
0.063667
0.059238
0.060540
0.057434
0.055144
0.055188
0.056596
0.050851
0.050796
0.055945
0.049729
0.052524
0.046391
0.048459
0.043783
0.047239
0.047331
0.042936
0.048366
0.042165
0.046584
0.044234
0.045022
0.041571
0.047411
0.039659
0.044403
0.040623
0.052918
0.046664
0.036336
0.048762
0.040352
0.039080
0.038254
0.043050
0.037127
0.033817
0.040313
0.038364
0.037607
0.034344
0.034752
0.033138
0.031049
0.034194
0.036255
0.033315
0.034228
0.027511
0.028158
0.033466
0.025670
0.033173
0.028213
0.035007
0.032255
0.030180
0.028591
0.032816
0.025847
0.023788
0.026719
0.022660
0.025707
0.025064
0.024248
0.023259
0.022522
0.022695
0.021590
0.018364
0.022443
0.022853
0.016406
0.025137
0.020304
0.038734
0.024734
0.032147
0.025212
0.023883
0.022719
0.019590
0.019663
0.028574
0.023027
0.027014
0.023804
0.023031
0.021191
0.025351
0.028523
0.019965
0.024189
0.028607
0.020186
0.018215
0.023613
0.023876
0.018874
0.024992
0.015656
0.038196
0.022667
0.026945
0.022320
0.019231
0.021735
0.014999
0.012971
0.037727
0.015634
0.016622
0.022813
0.014431
0.014641
0.023935
0.022270
0.014959
0.016296
0.013476
0.019048
0.014536
0.018664
0.013986
0.018372
0.015566
0.012316
0.014088
0.024412
0.017540
0.017412
0.009787
0.012291
0.015287
0.008818
0.009790
0.012131
0.015710
0.014240
0.011134
0.007689
0.013068
