0.076300
0.072391
0.066626
0.063816
0.065812
0.061094
0.056652
0.059731
0.052426
0.052663
0.056454
0.055514
0.058085
0.050396
0.047558
0.047047
0.048286
0.046297
0.049049
0.046563
0.045301
0.046925
0.044425
0.045646
0.042009
0.040995
0.041621
0.044402
0.040409
0.040866
0.039828
0.039279
0.040484
0.037259
0.039360
0.033444
0.036266
0.033903
0.040754
0.042456
0.034071
0.036447
0.037684
0.034663
0.035950
0.040113
0.032474
0.031679
0.034466
0.029327
0.032663
0.038416
0.032021
0.036266
0.025319
0.030877
0.024877
0.033830
0.028910
0.025767
0.026160
0.025718
0.025236
0.022727
0.021993
0.023172
0.023954
0.020474
0.024075
0.026445
0.026400
0.026982
0.026009
0.020879
0.026055
0.025187
0.018865
0.022591
0.022309
0.017246
0.025219
0.021051
0.018977
0.027097
0.024929
0.016439
0.021448
0.018991
0.015536
0.022053
0.015976
0.016471
0.015947
0.013264
0.023150
0.018527
0.028745
0.026925
0.025770
0.017002
0.018452
0.020861
0.025281
0.018449
0.023449
0.018255
0.015359
0.011610
0.024717
0.017146
0.015911
0.011616
0.011559
0.021225
0.017157
0.010164
0.009936
0.014343
0.011387
0.012944
0.014157
0.010738
0.015299
0.010636
0.015164
0.009486
0.008908
0.009218
0.017737
0.011723
0.006526
0.011387
0.012551
0.010436
0.011571
0.008675
0.014320
0.012556
0.021116
0.022217
0.011477
0.010581
0.016387
0.013222
0.022578
0.024063
0.017477
0.012853
0.020128
0.013939
