0.080866
0.072398
0.072875
0.071848
0.072653
0.071483
0.070972
0.070882
0.067737
0.068482
0.066842
0.067557
0.067276
0.075770
0.073746
0.068107
0.067136
0.067096
0.067930
0.063818
0.063445
0.064749
0.064942
0.065316
0.065329
0.064113
0.062770
0.061870
0.065789
0.061857
0.064355
0.061112
0.061875
0.058272
0.060352
0.058485
0.060427
0.059148
0.058896
0.055315
0.058774
0.059465
0.060204
0.057587
0.057671
0.057970
0.055717
0.058625
0.055643
0.058390
0.055390
0.054020
0.053034
0.051153
0.051271
0.053284
0.050595
0.051405
0.055059
0.051759
0.056129
0.055181
0.050441
0.053740
0.058871
0.048969
0.053951
0.050440
0.047954
0.049732
0.049024
0.049134
0.047361
0.048346
0.043751
0.040445
0.040443
0.040988
0.036807
0.042226
0.039862
0.042766
0.040836
0.042571
0.043520
0.045104
0.039605
0.041047
0.036096
0.038608
0.036202
0.036864
0.034754
0.037966
0.032163
0.036772
0.034014
0.032275
0.038415
0.038714
0.042618
0.038798
0.036817
0.038901
0.034215
0.038500
0.037139
0.037454
0.033114
0.038785
0.034404
0.035851
0.033980
0.036240
0.031751
0.030012
0.030688
0.030834
0.027884
0.030161
0.031276
0.029116
0.026931
0.028133
0.024619
0.028329
0.029080
0.025391
0.025401
0.026010
0.026427
0.023687
0.022850
0.027630
0.025023
0.027303
0.035707
0.021814
0.024490
0.024799
0.024565
0.020544
0.023175
0.023621
0.029268
0.023600
0.027087
0.025511
0.022111
0.023235
