0.107549
0.090566
0.071301
0.069689
0.070812
0.071073
0.069674
0.069563
0.069722
0.069137
0.067921
0.069032
0.069964
0.066252
0.068044
0.068303
0.067923
0.065780
0.065627
0.065610
0.064067
0.066112
0.063588
0.064466
0.060919
0.062464
0.062709
0.060771
0.060306
0.057316
0.061746
0.059647
0.058673
0.059861
0.060344
0.059254
0.056113
0.056950
0.059358
0.057689
0.056542
0.058319
0.054026
0.055273
0.055985
0.055742
0.057503
0.054152
0.051831
0.057259
0.056399
0.050628
0.052967
0.049402
0.050618
0.052671
0.050771
0.050399
0.046928
0.048622
0.051979
0.049973
0.052032
0.046800
0.048469
0.043587
0.042259
0.046580
0.043131
0.042258
0.046401
0.040965
0.046367
0.041866
0.040909
0.041238
0.043155
0.046119
0.039020
0.043656
0.039159
0.039195
0.037177
0.039161
0.039292
0.041031
0.039152
0.035742
0.035587
0.037501
0.033097
0.037012
0.038846
0.039026
0.037220
0.037515
0.037554
0.034414
0.038138
0.045439
0.036415
0.035749
0.039427
0.037570
0.036940
0.036439
0.036695
0.037212
0.035231
0.032648
0.036141
0.031780
0.032140
0.034093
0.027947
0.035123
0.031156
0.032297
0.034282
0.030150
0.033353
0.029364
0.027556
0.026365
0.027746
0.028506
0.027257
0.026843
0.026433
0.053174
0.034703
0.030619
0.034251
0.029238
0.029195
0.030445
0.028781
0.034104
0.041173
0.039015
0.034977
0.032794
0.035353
0.034782
0.038064
0.043300
0.040018
0.026957
0.033695
0.033814
