0.068769
0.066139
0.066658
0.064596
0.061783
0.061280
0.060928
0.059801
0.059695
0.052746
0.054769
0.052264
0.048131
0.046868
0.052638
0.046823
0.049392
0.044669
0.042417
0.043466
0.044646
0.037352
0.038132
0.041651
0.033314
0.036770
0.034230
0.033756
0.031626
0.031760
0.031060
0.030008
0.030509
0.030235
0.023957
0.029637
0.019144
0.027488
0.023064
0.020243
0.018919
0.017049
0.019633
0.023093
0.022290
0.016782
0.016220
0.015114
0.015612
0.013661
0.014642
0.015037
0.015481
0.018725
0.013017
0.014578
0.015817
0.019494
0.011275
0.014350
0.016949
0.024928
0.012209
0.019179
0.014436
0.014719
0.009366
0.009115
0.011385
0.009315
0.012329
0.008648
0.008551
0.008252
0.012504
0.005232
0.013797
0.010060
0.008142
0.008363
0.007830
0.008462
0.012337
0.006253
0.006975
0.007432
0.004911
0.011989
0.007114
0.008274
0.012640
0.011386
0.009582
0.005709
0.008783
0.010845
0.006575
0.004164
0.005596
0.003421
0.008384
0.015373
0.003319
0.014689
0.011493
0.007372
0.006276
0.014054
0.005123
0.008290
0.010955
0.008653
0.006617
0.010892
0.008700
0.002287
0.003741
0.004863
0.003017
0.004212
0.005615
0.004214
0.003119
0.002463
0.005457
0.000871
0.005115
0.002120
0.002830
0.005422
0.001533
0.010076
0.005826
0.002610
0.002850
0.001979
0.007218
0.001765
0.006456
0.001700
0.004355
0.004111
0.004125
0.004744
0.005096
0.002683
0.006673
0.002027
0.007078
0.007289
