0.246585
0.158635
0.175936
0.132977
0.084583
0.114957
0.112944
0.089703
0.080367
0.085248
0.078541
0.077577
0.062579
0.060240
0.063125
0.066016
0.059458
0.059129
0.054464
0.059285
0.052564
0.049704
0.052253
0.047623
0.042954
0.046668
0.042912
0.045707
0.048756
0.052170
0.050703
0.044486
0.041958
0.038217
0.038547
0.032411
0.040884
0.041594
0.038990
0.032165
0.043619
0.027431
0.034758
0.032783
0.035531
0.031623
0.029906
0.024593
0.026251
0.020227
0.025331
0.021021
0.019734
0.020408
0.018820
0.015417
0.017526
0.016464
0.012765
0.014188
0.017378
0.012068
0.016408
0.015910
0.012909
0.009466
0.013217
0.011327
0.010240
0.011664
0.006379
0.008177
0.010886
0.011512
0.010019
0.007946
0.008313
0.005917
0.011055
0.005522
0.007432
0.004841
0.007151
0.005860
0.004586
0.004503
0.003203
0.002257
0.003423
0.002676
0.002808
0.002697
0.002442
0.002106
0.002304
0.001313
0.002043
0.002044
0.002505
0.001726
0.002473
0.001289
0.001628
0.001672
0.001484
0.000865
0.000849
0.001191
0.001035
0.001127
0.001467
0.001406
0.000683
0.001146
0.001114
0.000596
0.001061
0.000763
0.000602
0.000733
0.000735
0.000820
0.000723
0.000737
0.000508
0.000602
0.000590
0.000639
0.000483
0.000479
0.000506
0.000424
0.000492
0.000342
0.000432
0.000594
0.000252
0.000215
0.000315
0.000297
0.000234
0.000275
0.000313
0.000284
0.000330
0.000195
0.000252
0.000214
0.000248
0.000238
