0.168267
0.116365
0.112310
0.099448
0.095387
0.093443
0.079349
0.079489
0.066195
0.063108
0.058046
0.058372
0.058321
0.051733
0.049086
0.052972
0.048339
0.049943
0.049407
0.045751
0.046281
0.046797
0.047671
0.040589
0.041507
0.040025
0.036136
0.032893
0.036918
0.035723
0.036681
0.032120
0.037064
0.033036
0.031328
0.027923
0.025966
0.026329
0.025550
0.024832
0.022152
0.024176
0.021876
0.022001
0.021772
0.021668
0.020277
0.019058
0.015889
0.019383
0.019137
0.021323
0.016865
0.016223
0.016894
0.016217
0.015948
0.017445
0.012716
0.014138
0.012625
0.014082
0.011091
0.009523
0.010581
0.010067
0.012268
0.008981
0.008183
0.006764
0.008118
0.009463
0.006443
0.007086
0.005798
0.005797
0.005792
0.005562
0.006688
0.004321
0.004818
0.005248
0.006435
0.003965
0.004950
0.004535
0.003469
0.003909
0.003593
0.003240
0.003476
0.003444
0.002720
0.003304
0.003037
0.001915
0.001707
0.002188
0.001283
0.001478
0.002099
0.001897
0.001415
0.001762
0.001493
0.002041
0.001634
0.001415
0.002298
0.001323
0.001572
0.000979
0.001349
0.001155
0.001475
0.000972
0.000860
0.000818
0.001665
0.001191
0.001005
0.000754
0.000679
0.000596
0.000785
0.000763
0.000638
0.000721
0.000534
0.000584
0.000428
0.000394
0.000708
0.000516
0.000545
0.000568
0.000416
0.000336
0.000453
0.000460
0.000285
0.000385
0.000352
0.000284
0.000215
0.000189
0.000314
0.000222
0.000334
0.000184
