0.373739
0.203081
0.230489
0.184671
0.140878
0.146755
0.095907
0.077304
0.073110
0.069941
0.070841
0.069596
0.069964
0.071281
0.071285
0.067410
0.069249
0.067309
0.069102
0.065052
0.065678
0.064170
0.064255
0.059483
0.059614
0.059370
0.057440
0.059210
0.059683
0.056307
0.054866
0.054744
0.056357
0.054863
0.054668
0.056810
0.050639
0.049151
0.051293
0.049517
0.047585
0.045649
0.046039
0.046707
0.042917
0.044282
0.046535
0.044370
0.044284
0.044696
0.041529
0.040324
0.044511
0.042686
0.043612
0.041905
0.041667
0.039190
0.038768
0.034823
0.036644
0.032498
0.037331
0.033297
0.031369
0.035038
0.031207
0.033224
0.032036
0.030374
0.029109
0.037328
0.032088
0.031550
0.030600
0.027693
0.027146
0.027935
0.028084
0.025256
0.030637
0.023403
0.027523
0.026842
0.030855
0.024728
0.029133
0.022819
0.021027
0.020148
0.020068
0.020387
0.022356
0.020362
0.020969
0.017281
0.019223
0.020878
0.019753
0.019097
0.018272
0.019938
0.017116
0.018044
0.018847
0.017079
0.018303
0.018077
0.020195
0.017414
0.018142
0.016185
0.018504
0.016860
0.017552
0.016515
0.016229
0.018108
0.017239
0.018994
0.018484
0.019114
0.017451
0.016515
0.015257
0.014748
0.014221
0.012085
0.010225
0.008562
0.008167
0.006594
0.005946
0.008224
0.007055
0.005854
0.006388
0.006257
0.005328
0.005012
0.006071
0.005638
0.004924
0.003565
0.004712
0.005373
0.003393
0.003288
0.003333
0.003519
