0.139194
0.121248
0.102267
0.097553
0.083667
0.073400
0.068509
0.066110
0.069726
0.063306
0.067893
0.064274
0.064254
0.061198
0.056201
0.054485
0.056594
0.058183
0.058734
0.054377
0.054872
0.054741
0.054717
0.050908
0.054123
0.053163
0.051644
0.050636
0.048976
0.049880
0.050360
0.046958
0.048856
0.050309
0.049841
0.046721
0.045768
0.048179
0.048614
0.046267
0.046913
0.046786
0.044317
0.047276
0.043080
0.044983
0.045440
0.045075
0.047302
0.042285
0.043213
0.045702
0.043859
0.044527
0.043860
0.043530
0.043876
0.042558
0.040771
0.037854
0.042835
0.040555
0.040228
0.038939
0.038608
0.039248
0.040309
0.039799
0.040473
0.040459
0.042592
0.038275
0.038163
0.037653
0.038177
0.038816
0.037407
0.038946
0.036765
0.039183
0.035975
0.038641
0.037546
0.037737
0.034576
0.034618
0.035124
0.034520
0.032523
0.034160
0.033812
0.035660
0.034149
0.033693
0.033795
0.032198
0.031415
0.031789
0.030879
0.029890
0.030844
0.030638
0.029010
0.029994
0.032797
0.029564
0.031620
0.030505
0.029725
0.030469
0.029091
0.030173
0.027529
0.027887
0.028382
0.027484
0.028493
0.028077
0.028570
0.027653
0.028103
0.025435
0.026304
0.025916
0.027029
0.027209
0.027210
0.027273
0.025220
0.026851
0.024741
0.026207
0.024765
0.026535
0.024599
0.025687
0.024400
0.023734
0.024441
0.022388
0.024544
0.023444
0.022235
0.024956
0.023432
0.025404
0.022711
0.022647
0.022884
0.023339
