0.207132
0.104646
0.075205
0.072651
0.071495
0.070066
0.070407
0.066581
0.068238
0.066598
0.066586
0.064690
0.065461
0.066960
0.067265
0.067305
0.067104
0.065101
0.067610
0.065393
0.065119
0.063547
0.064040
0.062957
0.066274
0.061750
0.063751
0.063330
0.064129
0.064813
0.063566
0.064008
0.055714
0.058007
0.055187
0.058601
0.057957
0.058419
0.058063
0.056406
0.057910
0.053780
0.050890
0.051565
0.054212
0.055885
0.051263
0.052086
0.047775
0.048913
0.049288
0.046376
0.048601
0.050539
0.042229
0.046057
0.045951
0.049432
0.045609
0.044020
0.042886
0.045575
0.047600
0.045777
0.043778
0.043364
0.043944
0.045059
0.042459
0.042612
0.042746
0.047469
0.044904
0.043022
0.036555
0.040297
0.040805
0.037222
0.032224
0.035941
0.041022
0.043450
0.042035
0.046361
0.039129
0.046279
0.038624
0.038582
0.034990
0.030085
0.033234
0.035801
0.036877
0.027977
0.034671
0.030429
0.028661
0.027344
0.022910
0.031534
0.027658
0.029043
0.021216
0.028083
0.021869
0.025618
0.020999
0.019632
0.021628
0.023700
0.022631
0.020753
0.022082
0.021987
0.023052
0.020533
0.019770
0.020381
0.020054
0.014682
0.016174
0.015611
0.017218
0.017431
0.012038
0.013394
0.016229
0.012374
0.014258
0.014152
0.014334
0.014919
0.013397
0.015744
0.018402
0.021729
0.017741
0.010589
0.012857
0.016745
0.017062
0.005970
0.007476
0.011448
0.014844
0.012868
0.016536
0.007663
0.014294
0.005035
