0.175571
0.075127
0.071153
0.071828
0.070371
0.069309
0.069410
0.064245
0.059743
0.067686
0.061146
0.062713
0.058631
0.059590
0.060238
0.057718
0.060778
0.056606
0.052740
0.057337
0.053864
0.057150
0.049520
0.052205
0.052548
0.053081
0.049054
0.050460
0.049288
0.050491
0.046004
0.045086
0.046732
0.047573
0.046684
0.047373
0.047239
0.047736
0.048833
0.044875
0.045611
0.044130
0.048184
0.045804
0.044071
0.045336
0.043099
0.052595
0.043066
0.047296
0.046059
0.043085
0.047832
0.041879
0.042852
0.040983
0.039659
0.042678
0.040262
0.038583
0.042642
0.038020
0.040351
0.037514
0.040616
0.035772
0.035916
0.035055
0.033562
0.034156
0.038042
0.034949
0.032110
0.030149
0.032266
0.035440
0.035236
0.036979
0.032267
0.029634
0.033680
0.032244
0.030878
0.030950
0.032472
0.029462
0.027073
0.029712
0.029582
0.028464
0.026185
0.026106
0.025984
0.025010
0.027637
0.024305
0.025310
0.024759
0.025465
0.026133
0.022422
0.024985
0.023551
0.025441
0.020409
0.020333
0.022602
0.022928
0.023084
0.022449
0.020233
0.020305
0.025091
0.023836
0.018859
0.018962
0.021287
0.020473
0.020106
0.019855
0.017418
0.021250
0.020636
0.020741
0.017835
0.018891
0.018010
0.014936
0.017531
0.015856
0.019951
0.017609
0.017013
0.020314
0.015961
0.013087
0.014598
0.007600
0.017981
0.012679
0.021831
0.032410
0.020743
0.015693
0.016284
0.013823
0.013464
0.014545
0.019360
0.024045
