0.318218
0.122636
0.126435
0.080525
0.073246
0.068743
0.068391
0.067765
0.071180
0.070701
0.069875
0.068049
0.061821
0.063830
0.063029
0.064921
0.064756
0.062027
0.063992
0.062842
0.062579
0.061565
0.059686
0.060833
0.055564
0.059047
0.055594
0.057159
0.058690
0.057563
0.059060
0.053053
0.058572
0.056628
0.057552
0.054514
0.054876
0.055199
0.056802
0.056355
0.057888
0.053172
0.053941
0.053264
0.052035
0.049994
0.050790
0.053579
0.052753
0.050281
0.050239
0.048774
0.048390
0.048223
0.044674
0.048944
0.045248
0.046677
0.046530
0.044226
0.046125
0.040849
0.044407
0.046645
0.045660
0.044643
0.043272
0.041305
0.041492
0.044218
0.040939
0.040797
0.041404
0.046344
0.042410
0.039813
0.040842
0.039715
0.039282
0.035702
0.042557
0.037442
0.038106
0.037473
0.037816
0.041632
0.034490
0.037426
0.030697
0.039660
0.037883
0.044023
0.039459
0.044388
0.040379
0.043455
0.034994
0.039200
0.035755
0.034980
0.037079
0.031007
0.034644
0.031295
0.032122
0.032534
0.033645
0.028392
0.030391
0.032048
0.028313
0.033459
0.028320
0.028360
0.024230
0.026010
0.028688
0.026121
0.024953
0.025701
0.035483
0.026286
0.028794
0.027189
0.032501
0.029277
0.037231
0.030444
0.027027
0.036807
0.024183
0.034079
0.027534
0.024865
0.031071
0.022073
0.029857
0.021586
0.023583
0.022000
0.023566
0.021917
0.021324
0.021635
0.021501
0.020735
0.022298
0.021636
0.026169
0.019184
