0.437121
0.302501
0.293360
0.170491
0.132994
0.092051
0.078661
0.074217
0.074269
0.070853
0.070874
0.071031
0.070689
0.070874
0.070874
0.070605
0.069226
0.071961
0.070399
0.070551
0.069680
0.069680
0.069929
0.068665
0.068022
0.069453
0.070554
0.069664
0.069360
0.069689
0.069409
0.070083
0.068824
0.068789
0.068486
0.068170
0.066846
0.069408
0.067494
0.068375
0.066757
0.068744
0.067470
0.067003
0.067575
0.068547
0.066505
0.066490
0.066337
0.067348
0.066186
0.065936
0.066350
0.065332
0.067264
0.067313
0.067338
0.066218
0.066824
0.066499
0.065730
0.065268
0.066654
0.064933
0.064554
0.065703
0.065623
0.066536
0.065550
0.064981
0.066527
0.067198
0.065036
0.065050
0.064944
0.063184
0.066861
0.065585
0.064332
0.066121
0.064628
0.066137
0.067520
0.070191
0.064132
0.062194
0.062306
0.062445
0.063532
0.063333
0.060854
0.060403
0.060609
0.061461
0.060178
0.060233
0.058343
0.060153
0.059362
0.060242
0.057352
0.058399
0.059299
0.061051
0.060089
0.058594
0.053532
0.059260
0.059494
0.057210
0.059529
0.058938
0.055414
0.060274
0.055171
0.055358
0.057654
0.054977
0.056376
0.051628
0.052378
0.053590
0.053494
0.049895
0.049461
0.052889
0.053207
0.053784
0.048554
0.052344
0.049988
0.051228
0.052190
0.049956
0.051863
0.050465
0.048682
0.047664
0.050951
0.047394
0.048931
0.046248
0.050644
0.047971
0.047409
0.046458
0.047050
0.050277
0.055529
0.046160
