0.312500
0.445000
0.542500
0.582500
0.620000
0.717500
0.760000
0.810000
0.822500
0.857500
0.885000
0.915000
0.902500
0.925000
0.942500
0.955000
0.905000
0.890000
0.912500
0.935000
0.937500
0.950000
0.975000
0.967500
0.967500
0.955000
0.950000
0.950000
0.965000
0.952500
0.947500
0.972500
0.970000
0.975000
0.982500
0.970000
0.975000
0.980000
0.992500
0.995000
0.995000
1.000000
0.997500
1.000000
0.995000
0.985000
1.000000
0.997500
0.997500
1.000000
0.997500
1.000000
1.000000
1.000000
1.000000
1.000000
1.000000
1.000000
1.000000
1.000000
1.000000
1.000000
1.000000
1.000000
1.000000
1.000000
1.000000
0.997500
1.000000
0.997500
1.000000
1.000000
1.000000
1.000000
1.000000
1.000000
1.000000
1.000000
1.000000
0.997500
1.000000
1.000000
1.000000
1.000000
1.000000
1.000000
1.000000
1.000000
1.000000
1.000000
1.000000
1.000000
1.000000
1.000000
1.000000
1.000000
1.000000
1.000000
1.000000
1.000000
1.000000
1.000000
1.000000
1.000000
1.000000
1.000000
1.000000
1.000000
1.000000
1.000000
1.000000
1.000000
1.000000
1.000000
1.000000
1.000000
1.000000
1.000000
1.000000
1.000000
1.000000
1.000000
1.000000
1.000000
1.000000
1.000000
1.000000
1.000000
1.000000
1.000000
1.000000
1.000000
1.000000
1.000000
1.000000
1.000000
1.000000
1.000000
1.000000
1.000000
1.000000
1.000000
1.000000
1.000000
1.000000
1.000000
1.000000
1.000000
1.000000
1.000000
