0.267500
0.560000
0.735000
0.790000
0.805000
0.872500
0.897500
0.912500
0.942500
0.940000
0.960000
0.970000
0.977500
0.967500
0.955000
0.955000
0.800000
0.810000
0.885000
0.940000
0.962500
0.990000
0.990000
0.997500
0.995000
0.997500
0.995000
0.997500
1.000000
1.000000
1.000000
1.000000
1.000000
1.000000
1.000000
1.000000
1.000000
1.000000
1.000000
0.997500
1.000000
1.000000
1.000000
1.000000
1.000000
1.000000
1.000000
1.000000
0.997500
0.997500
1.000000
1.000000
1.000000
1.000000
1.000000
1.000000
1.000000
1.000000
1.000000
1.000000
1.000000
1.000000
1.000000
1.000000
1.000000
1.000000
1.000000
1.000000
1.000000
1.000000
1.000000
1.000000
1.000000
1.000000
1.000000
1.000000
1.000000
1.000000
1.000000
1.000000
1.000000
1.000000
1.000000
1.000000
1.000000
0.997500
0.997500
0.997500
0.997500
1.000000
1.000000
0.992500
0.995000
0.995000
0.920000
0.857500
0.812500
0.872500
0.912500
0.935000
0.942500
0.970000
0.987500
0.995000
1.000000
1.000000
1.000000
1.000000
1.000000
1.000000
1.000000
1.000000
1.000000
1.000000
1.000000
1.000000
1.000000
1.000000
1.000000
1.000000
1.000000
1.000000
1.000000
1.000000
1.000000
1.000000
1.000000
1.000000
1.000000
1.000000
1.000000
1.000000
1.000000
1.000000
1.000000
1.000000
1.000000
1.000000
1.000000
1.000000
1.000000
1.000000
1.000000
1.000000
1.000000
1.000000
1.000000
1.000000
1.000000
1.000000
