0.498184
0.254554
0.175531
0.088417
0.071067
0.070373
0.072258
0.070595
0.070536
0.070641
0.068850
0.069269
0.069927
0.067920
0.066156
0.067138
0.062329
0.061442
0.062281
0.063643
0.056647
0.060395
0.058603
0.058361
0.057109
0.055954
0.058652
0.058835
0.055210
0.054478
0.056943
0.054106
0.055148
0.053835
0.052798
0.051812
0.049465
0.048941
0.048183
0.050139
0.048800
0.045316
0.045352
0.047922
0.046304
0.046911
0.046660
0.043336
0.045094
0.044939
0.045500
0.042892
0.041536
0.040686
0.042234
0.041741
0.037338
0.040103
0.040865
0.042570
0.038837
0.039417
0.037406
0.038421
0.039982
0.038242
0.034383
0.034923
0.034309
0.036492
0.034052
0.035212
0.034451
0.036295
0.035260
0.036068
0.037308
0.035022
0.034145
0.034883
0.034634
0.034970
0.033972
0.034019
0.035149
0.031721
0.035236
0.033961
0.033623
0.030863
0.032952
0.033339
0.032988
0.031174
0.033178
0.031969
0.030891
0.030474
0.031630
0.029970
0.032232
0.030536
0.032602
0.030961
0.031597
0.031368
0.035041
0.032332
0.031182
0.033156
0.032027
0.031498
0.031919
0.031867
0.030779
0.033308
0.030191
0.027402
0.029454
0.032909
0.030807
0.027595
0.028172
0.029813
0.030164
0.028048
0.030294
0.027951
0.028903
0.031404
0.027810
0.028836
0.028934
0.027820
0.031254
0.027933
0.029622
0.028800
0.028148
0.028979
0.028206
0.027595
0.027120
0.030047
0.029756
0.028289
0.029681
0.028888
0.028019
0.027448
