0.085023
0.071940
0.072108
0.071670
0.071203
0.071203
0.070874
0.070874
0.070406
0.068743
0.068045
0.068427
0.067607
0.067725
0.066373
0.064271
0.064729
0.064417
0.063260
0.062828
0.062968
0.063328
0.061871
0.062317
0.059377
0.059374
0.060842
0.057077
0.060311
0.060618
0.057866
0.059635
0.059414
0.057270
0.058109
0.058219
0.059513
0.057767
0.058254
0.058515
0.057723
0.057975
0.056918
0.057368
0.054951
0.056734
0.054749
0.056732
0.055330
0.053834
0.052489
0.054838
0.055664
0.052090
0.055593
0.052012
0.051864
0.054580
0.054239
0.053675
0.055020
0.052631
0.054439
0.052438
0.052960
0.054089
0.051721
0.052801
0.053240
0.052674
0.050578
0.055269
0.050489
0.052528
0.053072
0.053421
0.052645
0.053016
0.053652
0.051874
0.050277
0.053019
0.048959
0.043620
0.047301
0.047350
0.050266
0.046794
0.044140
0.046531
0.045940
0.044771
0.043223
0.043793
0.039749
0.043381
0.042772
0.041753
0.042764
0.041217
0.041281
0.041354
0.039913
0.039964
0.040734
0.039590
0.038803
0.043213
0.039639
0.041575
0.039790
0.038777
0.043117
0.037672
0.036744
0.039380
0.040244
0.035922
0.037934
0.036011
0.037722
0.037743
0.040154
0.039348
0.038276
0.035799
0.035966
0.030684
0.026981
0.028057
0.027734
0.020897
0.021900
0.023084
0.020652
0.021227
0.019140
0.018432
0.018778
0.016545
0.016838
0.015000
0.015253
0.015519
0.013272
0.015145
0.012086
0.014714
0.014486
0.014280
