0.215332
0.139383
0.140793
0.093289
0.084943
0.080259
0.072324
0.070476
0.060966
0.060436
0.049805
0.055300
0.045879
0.049776
0.046875
0.045180
0.037303
0.039350
0.037191
0.030614
0.030976
0.031068
0.024376
0.023707
0.019482
0.018491
0.020387
0.018033
0.013696
0.012193
0.013427
0.011518
0.009665
0.008930
0.007354
0.006172
0.006681
0.004537
0.004118
0.003718
0.004768
0.003993
0.003627
0.003068
0.002027
0.002523
0.001884
0.002090
0.001751
0.001638
0.001579
0.001563
0.001404
0.001049
0.001218
0.000900
0.000915
0.000534
0.001332
0.000656
0.000615
0.002493
0.000786
0.004184
0.003950
0.005851
0.004984
0.004273
0.002026
0.003556
0.002408
0.002098
0.005547
0.002730
0.001589
0.008174
0.001591
0.003896
0.002514
0.001814
0.003167
0.014108
0.003763
0.009166
0.015700
0.005633
0.005747
0.003191
0.014104
0.008845
0.015546
0.011129
0.014152
0.013282
0.010678
0.031511
0.003882
0.019427
0.007117
0.016071
0.011484
0.012252
0.008608
0.008857
0.008787
0.010883
0.002360
0.005857
0.020367
0.007022
0.001170
0.001978
0.006602
0.002433
0.001137
0.000576
0.000441
0.001232
0.002898
0.000531
0.000308
0.000610
0.000407
0.000213
0.000499
0.000186
0.000191
0.000991
0.000618
0.000196
0.000286
0.000997
0.000214
0.001010
0.000714
0.000185
0.000287
0.000272
0.000174
0.000180
0.000257
0.000290
0.000200
0.000121
0.000139
0.000182
0.000179
0.000251
0.000086
0.000107
