0.248882
0.096002
0.080660
0.068982
0.070142
0.072846
0.068866
0.068205
0.066844
0.068001
0.068700
0.065363
0.064607
0.066694
0.065719
0.062119
0.064779
0.060570
0.058255
0.058784
0.059071
0.057564
0.055428
0.061636
0.055447
0.053219
0.054352
0.054044
0.054160
0.050579
0.049528
0.051223
0.049026
0.050539
0.046281
0.047911
0.051831
0.050987
0.044618
0.049728
0.047006
0.045495
0.047026
0.046459
0.049730
0.049938
0.047055
0.045849
0.046856
0.044343
0.046091
0.045309
0.039781
0.042080
0.036915
0.037352
0.038822
0.041449
0.038211
0.038345
0.033922
0.038956
0.036516
0.035780
0.037045
0.032492
0.034868
0.032695
0.039281
0.034000
0.036578
0.034556
0.039822
0.033287
0.039058
0.033470
0.031669
0.037802
0.028535
0.031413
0.028737
0.025094
0.027355
0.030352
0.029800
0.029223
0.026567
0.028436
0.023579
0.027264
0.027821
0.026654
0.029002
0.026769
0.026854
0.025721
0.026244
0.024522
0.026633
0.023460
0.022071
0.022934
0.021541
0.023391
0.024042
0.021452
0.023400
0.019651
0.021037
0.018125
0.017960
0.017951
0.020291
0.017364
0.019570
0.020489
0.017311
0.016034
0.019153
0.017029
0.015688
0.013535
0.014448
0.015065
0.013116
0.020154
0.014979
0.013168
0.012964
0.012066
0.009860
0.011474
0.012821
0.007898
0.014277
0.009309
0.010357
0.009084
0.007947
0.009719
0.006129
0.005991
0.007033
0.007145
0.014576
0.013797
0.016020
0.020550
0.012637
0.013966
