0.142828
0.117565
0.102655
0.091992
0.073600
0.072173
0.073570
0.065946
0.057779
0.060529
0.056126
0.051981
0.058618
0.058096
0.049036
0.041583
0.048197
0.038920
0.044465
0.042572
0.038463
0.040418
0.038041
0.037460
0.030995
0.041324
0.033779
0.034721
0.034602
0.028813
0.031948
0.028138
0.026831
0.025915
0.024382
0.028090
0.018219
0.020481
0.019752
0.016201
0.018090
0.016080
0.009848
0.013012
0.013897
0.010001
0.010416
0.010288
0.008912
0.007381
0.006928
0.008067
0.005559
0.004189
0.004564
0.004477
0.005426
0.002800
0.005333
0.003339
0.004163
0.002328
0.004787
0.004882
0.002574
0.004741
0.002824
0.006440
0.002502
0.003637
0.002383
0.003222
0.001481
0.002291
0.003917
0.001363
0.005509
0.002568
0.004387
0.001848
0.000621
0.002997
0.001122
0.000888
0.000970
0.000705
0.000632
0.000998
0.001023
0.000859
0.000857
0.000454
0.000899
0.000453
0.000438
0.000367
0.000427
0.000297
0.000295
0.000624
0.000220
0.000375
0.000398
0.000245
0.000222
0.000195
0.000153
0.000157
0.000184
0.000133
0.000190
0.000279
0.000189
0.000174
0.000142
0.000201
0.000153
0.000200
0.000157
0.000150
0.000112
0.000178
0.000227
0.000473
0.000148
0.000413
0.000172
0.000262
0.000101
0.000150
0.000160
0.000234
0.000163
0.000139
0.000317
0.000117
0.000283
0.000159
0.000242
0.000303
0.000414
0.000107
0.000260
0.000597
0.000105
0.000107
0.000119
0.000104
0.000114
0.000117
