0.073836
0.071828
0.071672
0.071079
0.075838
0.070350
0.071285
0.068820
0.067248
0.065099
0.067658
0.064840
0.069469
0.064230
0.064581
0.059288
0.061358
0.060614
0.059480
0.058784
0.059679
0.055777
0.058157
0.057112
0.055300
0.054991
0.055312
0.057033
0.054661
0.053371
0.049907
0.049494
0.048864
0.048609
0.043069
0.043733
0.046632
0.044161
0.039938
0.040972
0.036726
0.036008
0.038126
0.040953
0.032129
0.031094
0.032076
0.027988
0.028129
0.028044
0.026497
0.026831
0.025917
0.023866
0.024849
0.025281
0.026509
0.024678
0.023482
0.021860
0.023735
0.019072
0.018370
0.018861
0.016345
0.015977
0.016116
0.016728
0.018040
0.016261
0.018157
0.010451
0.020216
0.017553
0.013398
0.020295
0.010359
0.007983
0.010741
0.008568
0.010161
0.005719
0.006233
0.008836
0.004147
0.003024
0.002943
0.002734
0.005152
0.003310
0.001614
0.002522
0.002418
0.004634
0.001952
0.012344
0.004128
0.003581
0.004815
0.004292
0.001994
0.002898
0.002401
0.003553
0.002543
0.001994
0.001822
0.001380
0.000819
0.001086
0.000966
0.001839
0.000942
0.001153
0.000684
0.001691
0.000630
0.000555
0.003146
0.000652
0.000576
0.001157
0.000386
0.000368
0.000399
0.000889
0.000320
0.000338
0.000435
0.000209
0.000119
0.000213
0.000166
0.000247
0.000292
0.000266
0.000188
0.000199
0.000137
0.000109
0.000113
0.000116
0.000124
0.000116
0.000081
0.000255
0.000176
0.000120
0.000208
0.000107
