0.056965
0.045423
0.045152
0.043884
0.041566
0.039221
0.039898
0.039534
0.038298
0.036037
0.036471
0.037357
0.035590
0.034701
0.034489
0.034445
0.034970
0.034374
0.033765
0.033859
0.033564
0.033483
0.033369
0.033712
0.032939
0.033067
0.032939
0.032897
0.032765
0.032637
0.032679
0.032594
0.032594
0.032594
0.032594
0.032594
0.032552
0.032552
0.032552
0.032552
0.032552
0.032552
0.032552
0.032552
0.032509
0.032552
0.032509
0.032509
0.032509
0.032509
0.032509
0.032509
0.032509
0.032509
0.032509
0.032509
0.032509
0.032509
0.032509
0.032509
0.032509
0.032509
0.032509
0.032509
0.032509
0.032509
0.032509
0.032509
0.032509
0.032509
0.032509
0.032509
0.032509
0.032509
0.032509
0.032509
0.032509
0.032509
0.032509
0.032509
0.032509
0.032509
0.032509
0.032509
0.032509
0.032509
0.032509
0.032509
0.032509
0.032509
0.032509
0.032509
0.032509
0.032509
0.032509
0.032509
0.032509
0.032509
0.032509
0.032509
0.032509
0.032509
0.032509
0.032509
0.032509
0.032509
0.032509
0.032509
0.032509
0.032509
0.032509
0.032509
0.032509
0.032509
0.032509
0.032509
0.032509
0.032509
0.032509
0.032509
0.032509
0.032509
0.032509
0.032509
0.032509
0.032509
0.032509
0.032509
0.032509
0.032509
0.032509
0.032509
0.032509
0.032509
0.032509
0.032509
0.032509
0.032509
0.032509
0.032509
0.032509
0.032509
0.032509
0.032509
0.032509
0.032509
0.032509
0.032509
0.032509
0.032509
