0.054678
0.047767
0.045613
0.043423
0.042803
0.042392
0.041210
0.042107
0.041002
0.040774
0.040568
0.040431
0.039933
0.039056
0.039492
0.039305
0.039042
0.039109
0.038285
0.038059
0.038398
0.039155
0.038208
0.037524
0.037438
0.038185
0.038252
0.038443
0.037972
0.038443
0.037930
0.038401
0.037416
0.039300
0.038273
0.037844
0.038786
0.038273
0.037331
0.038273
0.037331
0.037374
0.037331
0.038273
0.037331
0.038273
0.037331
0.037331
0.037802
0.038744
0.037331
0.038273
0.036860
0.037802
0.036860
0.037331
0.037802
0.037802
0.036860
0.037802
0.037331
0.036860
0.037802
0.037331
0.037331
0.037331
0.037802
0.037802
0.036860
0.037802
0.037331
0.038273
0.037802
0.037802
0.037331
0.036860
0.036860
0.037802
0.037802
0.037802
0.037331
0.036860
0.036860
0.036860
0.036860
0.036860
0.037802
0.037802
0.037331
0.037331
0.038273
0.038273
0.036860
0.038273
0.037802
0.037802
0.036860
0.037802
0.037802
0.037802
0.037331
0.036860
0.037331
0.037802
0.038744
0.037331
0.037802
0.037802
0.038273
0.037802
0.036860
0.037331
0.037802
0.038273
0.037331
0.037331
0.037802
0.037802
0.037331
0.036860
0.037802
0.038273
0.038273
0.036860
0.037802
0.036860
0.037331
0.037331
0.037331
0.036860
0.037331
0.037802
0.036860
0.037331
0.038273
0.038273
0.037802
0.038273
0.036860
0.036860
0.037331
0.037331
0.037331
0.038273
0.037331
0.037802
0.038273
0.037802
0.037331
0.037331
