0.074946
0.066777
0.066343
0.060612
0.063508
0.060825
0.056208
0.055557
0.052941
0.054255
0.050721
0.050408
0.047053
0.044644
0.042839
0.042985
0.042299
0.040092
0.040588
0.038164
0.039700
0.034635
0.036700
0.032262
0.030714
0.032242
0.028626
0.022630
0.022829
0.022292
0.020882
0.024672
0.018356
0.021404
0.020159
0.027968
0.021964
0.023440
0.023618
0.024345
0.016688
0.018978
0.024048
0.017423
0.021714
0.020157
0.016247
0.017275
0.020946
0.015080
0.014645
0.013661
0.015634
0.011568
0.014359
0.010690
0.012366
0.014375
0.011830
0.011579
0.013467
0.008048
0.009610
0.011961
0.008870
0.009042
0.009374
0.010877
0.006741
0.008546
0.006259
0.007465
0.006283
0.008674
0.010447
0.005200
0.007300
0.006463
0.008204
0.007084
0.006100
0.005682
0.003997
0.006513
0.006715
0.006717
0.004209
0.004481
0.005884
0.005486
0.004868
0.004870
0.003075
0.005487
0.003173
0.004383
0.006238
0.007755
0.003131
0.005993
0.009305
0.006795
0.027504
0.005189
0.006316
0.021078
0.006884
0.004694
0.030567
0.016925
0.012527
0.009036
0.007622
0.026695
0.015205
0.019023
0.023734
0.014849
0.013386
0.010353
0.007722
0.007908
0.010558
0.012091
0.009163
0.009033
0.005888
0.007557
0.008803
0.008453
0.017400
0.007127
0.008551
0.008250
0.008550
0.006350
0.006465
0.010583
0.005397
0.003782
0.008091
0.006111
0.008165
0.005840
0.018701
0.013805
0.007639
0.008654
0.009823
0.007109
