0.109107
0.088173
0.084198
0.077374
0.071354
0.068396
0.066700
0.066720
0.064827
0.067144
0.065089
0.064543
0.064658
0.063578
0.059382
0.062594
0.060857
0.057253
0.057609
0.057294
0.055680
0.056740
0.054428
0.055512
0.053588
0.055577
0.053443
0.053709
0.053170
0.053387
0.053301
0.051093
0.050437
0.051455
0.050088
0.049093
0.051073
0.051280
0.049820
0.049121
0.048190
0.047996
0.048705
0.049120
0.046057
0.043960
0.048002
0.047219
0.045538
0.046342
0.045857
0.044781
0.044070
0.045306
0.042624
0.044144
0.043126
0.044747
0.042131
0.040779
0.043621
0.043228
0.042496
0.041833
0.042698
0.041900
0.042113
0.041501
0.040890
0.040074
0.043813
0.042549
0.042149
0.040547
0.041674
0.042920
0.041445
0.040779
0.040162
0.043230
0.039584
0.036933
0.037773
0.035364
0.037113
0.038236
0.037770
0.039270
0.039712
0.037208
0.037475
0.035715
0.036601
0.038965
0.037473
0.040187
0.037529
0.037738
0.036903
0.036696
0.035304
0.036087
0.035731
0.037133
0.034636
0.036178
0.036418
0.034148
0.035493
0.036391
0.035597
0.033842
0.035920
0.036557
0.035055
0.035366
0.034887
0.035099
0.036106
0.038224
0.033132
0.033534
0.033879
0.035077
0.035221
0.033724
0.035153
0.034965
0.033149
0.032842
0.038043
0.032020
0.035487
0.031842
0.033032
0.035219
0.031434
0.031895
0.029766
0.030923
0.030709
0.029012
0.028931
0.029689
0.030919
0.028657
0.027535
0.028461
0.028451
0.028226
