0.325750
0.146212
0.138385
0.105814
0.085119
0.069524
0.069948
0.069164
0.066676
0.064019
0.065494
0.064086
0.062774
0.065018
0.059880
0.060082
0.059229
0.058439
0.058379
0.055388
0.055536
0.058484
0.054274
0.056977
0.054112
0.052568
0.053278
0.051736
0.051830
0.050336
0.050933
0.050688
0.049595
0.046098
0.047100
0.048361
0.044577
0.046161
0.047280
0.045726
0.046924
0.041713
0.042904
0.042263
0.041165
0.044251
0.044722
0.042688
0.040466
0.040675
0.044366
0.036456
0.037016
0.039892
0.038315
0.039403
0.038582
0.037582
0.038252
0.034500
0.035491
0.035043
0.036243
0.035439
0.033273
0.032809
0.030539
0.033577
0.032764
0.033070
0.033453
0.030087
0.033876
0.030041
0.033582
0.031391
0.035171
0.040572
0.043221
0.037198
0.035377
0.036178
0.059717
0.042659
0.040160
0.044421
0.053696
0.037774
0.046702
0.034819
0.038685
0.033010
0.040449
0.029134
0.032801
0.030345
0.029392
0.030015
0.025816
0.026787
0.036945
0.022203
0.029383
0.023904
0.023667
0.025518
0.022236
0.025003
0.026324
0.035640
0.032619
0.028368
0.025092
0.034313
0.031913
0.022420
0.027662
0.033095
0.030520
0.029157
0.020215
0.019139
0.020073
0.017951
0.022273
0.016999
0.020020
0.017335
0.016064
0.019088
0.016757
0.014846
0.013887
0.011782
0.014872
0.013043
0.017037
0.013477
0.014010
0.014716
0.014095
0.015378
0.012419
0.013778
0.012724
0.010815
0.015145
0.013067
0.013160
0.013131
