0.179128
0.071670
0.070839
0.070569
0.071489
0.071203
0.071797
0.072077
0.071276
0.071483
0.071483
0.071670
0.071670
0.071203
0.071119
0.069700
0.070245
0.071389
0.069520
0.068806
0.069529
0.067043
0.069785
0.067279
0.066554
0.066623
0.075160
0.069397
0.068578
0.071452
0.068713
0.069569
0.068292
0.068171
0.068483
0.068753
0.068366
0.066650
0.067803
0.067628
0.067135
0.067762
0.066583
0.067406
0.066549
0.067053
0.066990
0.066977
0.065161
0.067236
0.065917
0.068278
0.067184
0.067626
0.066765
0.065821
0.066422
0.063192
0.063746
0.061850
0.063560
0.065912
0.064277
0.061876
0.065463
0.061915
0.063857
0.062180
0.062435
0.060967
0.063851
0.062605
0.059680
0.063526
0.062000
0.062812
0.063343
0.058063
0.059129
0.057965
0.060645
0.057573
0.060796
0.059166
0.057017
0.058659
0.055696
0.055862
0.057117
0.055976
0.057490
0.056738
0.055229
0.057423
0.056686
0.054721
0.054328
0.056739
0.055034
0.057704
0.057681
0.054816
0.056692
0.053451
0.054547
0.054190
0.052486
0.053499
0.054807
0.055400
0.054879
0.051999
0.051614
0.052891
0.054420
0.052452
0.052702
0.053324
0.052663
0.051285
0.047711
0.051128
0.051511
0.050270
0.051317
0.051599
0.052389
0.046406
0.050697
0.048363
0.047737
0.048607
0.050450
0.047549
0.048537
0.049147
0.046684
0.048695
0.045590
0.049768
0.048937
0.046714
0.047026
0.044245
0.049135
0.047017
0.046058
0.049562
0.042643
0.048350
