0.095432
0.081226
0.071670
0.071670
0.071670
0.071670
0.071670
0.070839
0.064143
0.063590
0.061610
0.060501
0.061923
0.063818
0.061179
0.061470
0.061596
0.059626
0.060487
0.062173
0.061157
0.060240
0.061148
0.059674
0.061278
0.059392
0.060155
0.058674
0.061039
0.060258
0.061355
0.061173
0.060230
0.057601
0.058390
0.060988
0.059413
0.058484
0.059315
0.059355
0.059751
0.059304
0.059673
0.059660
0.060181
0.059640
0.060515
0.060155
0.060507
0.061378
0.059804
0.059285
0.058312
0.059766
0.059465
0.058822
0.060504
0.060142
0.058762
0.058763
0.059084
0.059246
0.058250
0.057960
0.057792
0.061374
0.060718
0.060828
0.059735
0.058796
0.060183
0.058369
0.057825
0.060035
0.057929
0.058299
0.059673
0.057001
0.056568
0.058773
0.058916
0.057103
0.057779
0.059559
0.061003
0.058980
0.056794
0.058632
0.058576
0.057296
0.058372
0.058738
0.059607
0.055547
0.057233
0.057558
0.054967
0.056670
0.057042
0.059579
0.056929
0.058518
0.057923
0.057191
0.059011
0.055553
0.061133
0.078085
0.056132
0.060099
0.060101
0.062714
0.060998
0.062827
0.060104
0.061011
0.058760
0.060099
0.061841
0.059228
0.059228
0.060099
0.058357
0.059230
0.060970
0.059228
0.060970
0.061842
0.059632
0.057890
0.058252
0.058490
0.059223
0.057353
0.059358
0.058970
0.055302
0.065026
0.054837
0.059250
0.060119
0.059372
0.056478
0.059260
0.077473
0.067408
0.057723
0.062718
0.058816
0.060305
