0.545658
0.260328
0.165913
0.113513
0.088318
0.075885
0.071500
0.071360
0.071828
0.071670
0.071670
0.071670
0.071670
0.071670
0.071670
0.071670
0.071670
0.071670
0.071670
0.071670
0.071670
0.071670
0.071670
0.071670
0.071670
0.071670
0.071670
0.071670
0.071670
0.071670
0.071670
0.071670
0.071203
0.071203
0.070839
0.071203
0.070839
0.070371
0.070223
0.070101
0.070721
0.071154
0.071575
0.069168
0.068492
0.070957
0.071770
0.065385
0.065098
0.067722
0.063379
0.068296
0.065247
0.066503
0.064282
0.064875
0.060992
0.062559
0.061198
0.062055
0.060800
0.060782
0.055668
0.059166
0.061247
0.061296
0.057478
0.059716
0.059713
0.058968
0.059160
0.057655
0.056762
0.056900
0.053782
0.056128
0.053978
0.053318
0.053531
0.053565
0.056206
0.050776
0.051101
0.054561
0.050377
0.052623
0.050525
0.050062
0.051119
0.050796
0.049821
0.045733
0.050047
0.047705
0.048332
0.045094
0.048148
0.045608
0.046808
0.045508
0.046661
0.044923
0.046739
0.048015
0.045068
0.046278
0.044674
0.043224
0.045458
0.043418
0.044137
0.046663
0.045343
0.047069
0.043305
0.042711
0.040727
0.042764
0.044429
0.045832
0.042908
0.044660
0.041649
0.041894
0.041987
0.042570
0.044907
0.042372
0.045331
0.041651
0.045221
0.043314
0.042996
0.042855
0.043463
0.042505
0.041151
0.042939
0.048384
0.051282
0.050888
0.053070
0.046175
0.047472
0.045417
0.047639
0.045633
0.049534
0.040108
0.062726
