0.260362
0.154512
0.184942
0.145305
0.098826
0.093173
0.112074
0.120840
0.101475
0.081071
0.086246
0.073783
0.076403
0.060689
0.063602
0.057488
0.066594
0.051816
0.048136
0.049496
0.047855
0.046633
0.041652
0.039274
0.038079
0.035015
0.034592
0.035637
0.032974
0.027725
0.039127
0.033173
0.027488
0.033823
0.024674
0.023045
0.023557
0.019248
0.021837
0.020044
0.020557
0.019890
0.021708
0.021850
0.013228
0.014141
0.014450
0.017360
0.018776
0.010727
0.013212
0.012767
0.018538
0.011002
0.009280
0.010002
0.010959
0.012189
0.005959
0.009811
0.006868
0.006821
0.006148
0.006650
0.007316
0.006894
0.003744
0.004964
0.008080
0.005739
0.005126
0.002813
0.004078
0.004778
0.005200
0.004295
0.002307
0.002677
0.002100
0.002989
0.004109
0.002270
0.005493
0.004426
0.002712
0.002630
0.001256
0.010168
0.005353
0.008712
0.004771
0.006623
0.008428
0.009420
0.011017
0.012103
0.002473
0.009564
0.004215
0.008287
0.005322
0.002952
0.003366
0.003474
0.003571
0.003719
0.003453
0.016843
0.003628
0.019799
0.005882
0.005171
0.005620
0.006375
0.003772
0.002909
0.006793
0.002057
0.004488
0.004614
0.003118
0.001241
0.003453
0.001723
0.001437
0.001859
0.002096
0.000940
0.001617
0.000682
0.000921
0.001473
0.001005
0.001012
0.000763
0.000662
0.000834
0.001478
0.000963
0.000706
0.001565
0.000732
0.000475
0.003651
0.000776
0.000483
0.000467
0.000544
0.000545
0.000307
