0.201140
0.117067
0.099094
0.080955
0.071430
0.070909
0.070240
0.070266
0.067713
0.068143
0.069953
0.065615
0.064426
0.065216
0.064015
0.064621
0.063490
0.062831
0.061617
0.057929
0.055993
0.056661
0.055369
0.054528
0.055562
0.055276
0.055377
0.051371
0.053388
0.051031
0.050419
0.053985
0.051087
0.051117
0.047695
0.049242
0.049245
0.049423
0.043334
0.046390
0.045515
0.044745
0.048645
0.042881
0.043468
0.044339
0.045082
0.047108
0.042577
0.042830
0.043336
0.040912
0.039208
0.040059
0.041806
0.038397
0.040458
0.037894
0.039832
0.034752
0.039027
0.036345
0.040543
0.036509
0.030847
0.038544
0.032232
0.036131
0.030214
0.032928
0.033327
0.032949
0.030479
0.037282
0.027923
0.031972
0.030073
0.031019
0.030651
0.030794
0.031029
0.028587
0.028635
0.029951
0.031687
0.028863
0.031114
0.030334
0.026965
0.028013
0.033505
0.031906
0.030839
0.028126
0.028097
0.025863
0.030071
0.027386
0.027512
0.028625
0.023385
0.025547
0.024184
0.026090
0.023809
0.024145
0.025534
0.020998
0.017092
0.018779
0.022983
0.020307
0.030929
0.040319
0.062350
0.058975
0.027176
0.035833
0.032405
0.036151
0.038276
0.043245
0.031499
0.033154
0.032047
0.021233
0.016563
0.019852
0.017144
0.021364
0.014448
0.022939
0.013388
0.020078
0.022604
0.018343
0.018154
0.023394
0.017467
0.014116
0.012852
0.014235
0.010806
0.010054
0.011656
0.008367
0.008597
0.010104
0.008532
0.009695
