0.201026
0.132212
0.099724
0.080092
0.072416
0.070022
0.068658
0.071446
0.069030
0.067360
0.067578
0.072470
0.066468
0.064977
0.065439
0.063605
0.065116
0.063795
0.064947
0.061292
0.062201
0.059487
0.059239
0.055999
0.058107
0.061385
0.053924
0.056605
0.054673
0.053269
0.052781
0.054538
0.050728
0.053201
0.051156
0.052151
0.049928
0.051237
0.050115
0.045665
0.051016
0.046670
0.044092
0.042741
0.044083
0.045601
0.040114
0.042197
0.043593
0.040044
0.039077
0.042741
0.040789
0.035748
0.036037
0.033105
0.032825
0.027370
0.031509
0.026593
0.025408
0.031002
0.030362
0.033009
0.036050
0.032535
0.025490
0.019404
0.021891
0.019655
0.018100
0.017354
0.015286
0.011884
0.012337
0.016213
0.012232
0.016742
0.014430
0.013819
0.012318
0.016089
0.011470
0.011465
0.008340
0.010434
0.011443
0.009219
0.011849
0.008683
0.010223
0.010194
0.009708
0.012651
0.012593
0.008766
0.011695
0.006925
0.009451
0.007900
0.007699
0.009611
0.005898
0.007331
0.008000
0.008531
0.005038
0.004997
0.012456
0.014952
0.006011
0.006636
0.008033
0.004107
0.009483
0.007398
0.004889
0.007927
0.006580
0.004991
0.008953
0.009199
0.017517
0.013642
0.022620
0.014472
0.031596
0.014387
0.012497
0.019754
0.023441
0.023238
0.016674
0.016868
0.016422
0.011944
0.005928
0.006338
0.010489
0.009312
0.012235
0.007573
0.006613
0.012156
0.009361
0.008664
0.005733
0.005113
0.004209
0.004726
