0.110984
0.078476
0.078370
0.071519
0.063863
0.062041
0.062141
0.058927
0.055951
0.059795
0.057403
0.049515
0.049847
0.046757
0.047392
0.042626
0.042810
0.038448
0.037736
0.035245
0.035942
0.034795
0.033456
0.032636
0.030796
0.027167
0.027015
0.025312
0.030709
0.022551
0.025691
0.025883
0.021670
0.018644
0.021168
0.019792
0.019417
0.019232
0.014661
0.020890
0.010982
0.017761
0.017813
0.013719
0.015885
0.011915
0.011750
0.010580
0.009124
0.007245
0.008825
0.004932
0.006949
0.013018
0.003712
0.004373
0.003545
0.007033
0.006368
0.006160
0.007913
0.003948
0.006094
0.003574
0.003488
0.002638
0.002589
0.004026
0.001671
0.001749
0.002097
0.001928
0.003584
0.001109
0.003547
0.001442
0.002091
0.002089
0.001287
0.001457
0.001694
0.002121
0.000300
0.000656
0.000792
0.004366
0.001560
0.001389
0.004234
0.000771
0.002454
0.002121
0.000744
0.000470
0.001077
0.000433
0.000563
0.000598
0.000383
0.000336
0.000287
0.000206
0.000153
0.000485
0.000171
0.000117
0.000191
0.000142
0.000148
0.000105
0.000141
0.000184
0.000258
0.000117
0.000110
0.000074
0.000076
0.000106
0.000111
0.000280
0.000047
0.000090
0.000109
0.000113
0.000321
0.000292
0.000173
0.000089
0.000063
0.000246
0.000039
0.000062
0.000056
0.000060
0.000048
0.000125
0.000076
0.000064
0.000051
0.000059
0.000060
0.000069
0.000041
0.000078
0.000056
0.000074
0.000035
0.000039
0.000031
0.000036
