0.211567
0.113885
0.133288
0.120563
0.093769
0.083656
0.086913
0.076716
0.071386
0.068618
0.064179
0.068369
0.059787
0.057804
0.055623
0.052279
0.051782
0.047980
0.048483
0.052144
0.043995
0.046656
0.042122
0.041835
0.041126
0.037291
0.033824
0.031180
0.036894
0.031567
0.027362
0.027549
0.028073
0.025306
0.023345
0.022089
0.021345
0.020442
0.020592
0.021278
0.016579
0.014892
0.013504
0.012758
0.016435
0.010884
0.012255
0.009995
0.009369
0.006868
0.011424
0.007694
0.007603
0.003933
0.005450
0.005582
0.002985
0.003423
0.003528
0.004125
0.006438
0.009255
0.007753
0.003550
0.002919
0.004924
0.005029
0.003195
0.003283
0.005572
0.003625
0.002511
0.002754
0.002546
0.002918
0.002345
0.002004
0.001931
0.002033
0.000989
0.001847
0.002514
0.002209
0.001213
0.003128
0.000533
0.007684
0.001527
0.007881
0.004608
0.006067
0.003908
0.005354
0.004083
0.003831
0.001475
0.004578
0.003116
0.013258
0.011192
0.004121
0.002260
0.004096
0.000777
0.001557
0.003791
0.028182
0.001242
0.004990
0.003503
0.002491
0.002909
0.001975
0.003113
0.003576
0.002167
0.006346
0.001136
0.000553
0.001005
0.008572
0.000243
0.003721
0.000791
0.001014
0.000288
0.000663
0.001191
0.000273
0.000552
0.000841
0.000279
0.000185
0.000457
0.000311
0.000224
0.000204
0.000378
0.000506
0.000428
0.000496
0.000203
0.000239
0.000070
0.000096
0.000117
0.000143
0.000655
0.000207
0.000167
