0.165000
0.240000
0.315000
0.440000
0.455000
0.490000
0.655000
0.585000
0.665000
0.720000
0.685000
0.795000
0.830000
0.835000
0.870000
0.905000
0.910000
0.880000
0.900000
0.905000
0.935000
0.955000
0.960000
0.985000
0.950000
0.970000
0.980000
0.990000
0.995000
0.985000
0.980000
0.995000
0.980000
0.995000
0.990000
1.000000
0.990000
1.000000
0.990000
1.000000
0.990000
1.000000
1.000000
1.000000
1.000000
1.000000
1.000000
1.000000
1.000000
1.000000
1.000000
1.000000
1.000000
1.000000
1.000000
1.000000
1.000000
1.000000
1.000000
1.000000
1.000000
1.000000
1.000000
1.000000
1.000000
1.000000
1.000000
1.000000
1.000000
1.000000
1.000000
1.000000
0.990000
0.915000
0.825000
0.705000
0.695000
0.710000
0.745000
0.720000
0.705000
0.695000
0.740000
0.835000
0.920000
0.925000
0.930000
0.950000
0.955000
0.970000
0.985000
0.985000
1.000000
0.995000
0.995000
0.990000
1.000000
1.000000
1.000000
1.000000
1.000000
1.000000
1.000000
1.000000
1.000000
0.995000
1.000000
1.000000
1.000000
1.000000
0.995000
1.000000
1.000000
0.995000
1.000000
1.000000
1.000000
1.000000
1.000000
1.000000
1.000000
1.000000
1.000000
1.000000
1.000000
1.000000
1.000000
1.000000
1.000000
1.000000
1.000000
1.000000
1.000000
1.000000
1.000000
1.000000
1.000000
1.000000
1.000000
1.000000
1.000000
1.000000
1.000000
1.000000
1.000000
1.000000
1.000000
1.000000
1.000000
1.000000
