0.205000
0.275000
0.295000
0.355000
0.460000
0.555000
0.600000
0.670000
0.720000
0.715000
0.780000
0.770000
0.790000
0.820000
0.860000
0.865000
0.895000
0.890000
0.915000
0.905000
0.835000
0.845000
0.870000
0.915000
0.890000
0.910000
0.945000
0.950000
0.925000
0.955000
0.950000
0.975000
0.985000
0.965000
0.935000
0.970000
0.970000
0.980000
0.995000
0.995000
0.985000
1.000000
0.990000
1.000000
1.000000
1.000000
1.000000
1.000000
1.000000
1.000000
0.995000
0.990000
1.000000
1.000000
1.000000
1.000000
1.000000
1.000000
1.000000
1.000000
1.000000
1.000000
1.000000
1.000000
1.000000
1.000000
1.000000
1.000000
1.000000
1.000000
1.000000
1.000000
1.000000
1.000000
1.000000
1.000000
1.000000
1.000000
1.000000
1.000000
1.000000
1.000000
1.000000
1.000000
1.000000
1.000000
1.000000
1.000000
1.000000
1.000000
1.000000
1.000000
1.000000
1.000000
1.000000
1.000000
1.000000
1.000000
1.000000
1.000000
1.000000
1.000000
1.000000
1.000000
1.000000
1.000000
1.000000
1.000000
1.000000
1.000000
1.000000
1.000000
1.000000
1.000000
1.000000
1.000000
1.000000
1.000000
0.980000
0.700000
0.615000
0.595000
0.650000
0.655000
0.680000
0.750000
0.745000
0.835000
0.785000
0.890000
0.930000
0.955000
0.975000
0.965000
0.980000
0.990000
0.990000
0.985000
0.995000
0.995000
1.000000
1.000000
1.000000
1.000000
1.000000
0.995000
1.000000
1.000000
1.000000
1.000000
