0.098756
0.063591
0.062361
0.062045
0.061416
0.061440
0.061275
0.060645
0.060448
0.059535
0.057636
0.058821
0.057579
0.057016
0.055898
0.054873
0.054612
0.054931
0.054539
0.053402
0.052487
0.051191
0.051888
0.050536
0.047393
0.048866
0.047905
0.047596
0.045652
0.045080
0.047428
0.042040
0.044582
0.041550
0.040538
0.041398
0.039395
0.039796
0.040325
0.040316
0.036999
0.038374
0.037566
0.035890
0.036585
0.037723
0.035341
0.035554
0.036613
0.034026
0.034756
0.034577
0.036154
0.036271
0.036419
0.034515
0.032456
0.035059
0.033156
0.030359
0.032250
0.032194
0.032516
0.028400
0.028626
0.028487
0.030959
0.036639
0.036521
0.031556
0.031430
0.028118
0.025819
0.025035
0.026400
0.023352
0.023760
0.022531
0.025177
0.023957
0.024588
0.021983
0.022653
0.023753
0.022933
0.022616
0.019573
0.021153
0.018789
0.018921
0.019262
0.018798
0.017495
0.019953
0.019546
0.020300
0.018573
0.019584
0.019216
0.017896
0.015340
0.020100
0.021351
0.027125
0.032441
0.031830
0.030763
0.025826
0.027437
0.025233
0.022585
0.020419
0.018070
0.018612
0.017782
0.017249
0.017869
0.015383
0.014752
0.015786
0.015634
0.013235
0.015479
0.013131
0.012630
0.013416
0.011400
0.013036
0.012950
0.012883
0.013144
0.013428
0.011912
0.011794
0.011061
0.011103
0.010313
0.011220
0.010450
0.010289
0.009867
0.009588
0.010842
0.010124
0.011513
0.009962
0.010927
0.009760
0.009601
0.010406
