0.158278
0.122409
0.081002
0.053864
0.048002
0.041082
0.034488
0.035343
0.032836
0.028048
0.029367
0.022715
0.019526
0.016246
0.017881
0.016415
0.014608
0.014081
0.011840
0.012838
0.009919
0.008301
0.008708
0.008496
0.007464
0.008044
0.006221
0.005429
0.004429
0.004364
0.004453
0.003961
0.005124
0.003649
0.004513
0.003073
0.003832
0.002788
0.002373
0.002529
0.002931
0.001925
0.001783
0.001545
0.001260
0.001158
0.000996
0.000955
0.000879
0.000804
0.000821
0.000806
0.000831
0.000913
0.000653
0.000692
0.000737
0.000662
0.000570
0.000508
0.000580
0.000497
0.000493
0.000536
0.000591
0.000310
0.000264
0.000218
0.000224
0.000214
0.000147
0.000247
0.002664
0.008543
0.027818
0.033358
0.032332
0.026102
0.027512
0.025469
0.023073
0.025233
0.022749
0.020010
0.010724
0.008789
0.008533
0.005818
0.004959
0.004369
0.002792
0.002443
0.001566
0.001892
0.001411
0.001322
0.000982
0.000866
0.000706
0.000467
0.000710
0.000480
0.000398
0.000393
0.000288
0.000419
0.000356
0.000305
0.000339
0.000421
0.000476
0.000236
0.000515
0.000437
0.000341
0.000276
0.000215
0.000197
0.000194
0.000157
0.000114
0.000112
0.000113
0.000101
0.000085
0.000074
0.000071
0.000110
0.000099
0.000072
0.000074
0.000077
0.000066
0.000062
0.000050
0.000054
0.000063
0.000064
0.000048
0.000065
0.000055
0.000047
0.000045
0.000045
0.000044
0.000037
0.000040
0.000043
0.000050
0.000045
