0.124152
0.082265
0.065317
0.057634
0.048167
0.045424
0.036697
0.036369
0.032435
0.027772
0.026340
0.022810
0.022309
0.019619
0.017988
0.015894
0.018048
0.015286
0.015683
0.015710
0.018737
0.016161
0.017943
0.014305
0.013657
0.012500
0.012757
0.009848
0.011394
0.008897
0.008045
0.006583
0.007093
0.009315
0.010623
0.007383
0.006955
0.005613
0.005119
0.005005
0.004475
0.003869
0.003671
0.003032
0.002815
0.002581
0.002431
0.002717
0.002351
0.002404
0.002879
0.004462
0.002464
0.002183
0.001761
0.001522
0.001327
0.001356
0.001263
0.001306
0.001118
0.001030
0.000947
0.000799
0.000808
0.000679
0.000637
0.000649
0.000596
0.000559
0.000521
0.000456
0.000487
0.000498
0.000425
0.000463
0.000482
0.000416
0.000317
0.000364
0.000315
0.000366
0.000298
0.000258
0.000215
0.000240
0.000245
0.000219
0.000181
0.000225
0.000204
0.000174
0.000199
0.000184
0.000182
0.000138
0.000213
0.000112
0.000095
0.000091
0.000124
0.000106
0.000081
0.000118
0.000119
0.000143
0.000108
0.000089
0.000068
0.000075
0.000057
0.000084
0.000057
0.000060
0.000070
0.000091
0.000159
0.000266
0.002171
0.046057
0.040724
0.041070
0.036248
0.033488
0.032100
0.024021
0.023523
0.019107
0.018788
0.014142
0.009681
0.007910
0.006942
0.006117
0.004847
0.003283
0.002502
0.002361
0.002081
0.001857
0.001424
0.001390
0.001292
0.001809
0.001247
0.001195
0.000958
0.000789
0.000696
0.000676
