0.091908
0.068345
0.062263
0.064302
0.061813
0.058879
0.057940
0.054841
0.060030
0.049328
0.051978
0.048401
0.046211
0.045968
0.045016
0.045250
0.040164
0.036942
0.036497
0.040054
0.036570
0.034230
0.034467
0.033335
0.032111
0.028266
0.028964
0.027002
0.023804
0.025466
0.024714
0.022729
0.021575
0.022815
0.020506
0.017965
0.024398
0.021047
0.022623
0.019087
0.013173
0.018030
0.011331
0.012502
0.010114
0.007962
0.011860
0.007060
0.009346
0.008466
0.009543
0.006478
0.005288
0.005718
0.006281
0.011367
0.006468
0.005539
0.009175
0.009847
0.004348
0.007446
0.012724
0.004099
0.005370
0.003740
0.002622
0.003833
0.004482
0.007897
0.003862
0.006978
0.005120
0.006676
0.003457
0.009610
0.004089
0.008552
0.009671
0.005309
0.006794
0.002965
0.006327
0.002738
0.002199
0.004307
0.003184
0.002698
0.001882
0.001550
0.002141
0.001371
0.002804
0.002679
0.001657
0.003283
0.002242
0.001823
0.002090
0.001803
0.001402
0.002241
0.002189
0.000688
0.000733
0.001554
0.001325
0.005068
0.000904
0.001241
0.004143
0.000663
0.004684
0.014136
0.003924
0.002588
0.012492
0.005271
0.003339
0.002094
0.012760
0.004021
0.003684
0.002982
0.022623
0.004638
0.004855
0.004632
0.001343
0.003370
0.001509
0.004894
0.030409
0.006314
0.004332
0.004937
0.002220
0.005163
0.008798
0.005616
0.009712
0.003600
0.011847
0.013528
0.011349
0.015811
0.009343
0.005743
0.011789
0.002961
