0.356965
0.173646
0.159197
0.176960
0.141748
0.117452
0.111120
0.101183
0.099052
0.076832
0.066883
0.071830
0.075987
0.060578
0.056387
0.052535
0.055001
0.050611
0.048773
0.043269
0.042504
0.034798
0.035583
0.042935
0.033724
0.030577
0.026709
0.024829
0.022842
0.025074
0.019122
0.017284
0.018649
0.015549
0.016113
0.012208
0.013026
0.010859
0.011206
0.012946
0.013347
0.009797
0.010363
0.008749
0.007992
0.007182
0.007872
0.006577
0.006090
0.004846
0.005586
0.004758
0.004180
0.004408
0.004017
0.003286
0.003882
0.003263
0.002520
0.003448
0.003099
0.003057
0.002557
0.002936
0.002764
0.003028
0.001935
0.002611
0.002718
0.002044
0.002080
0.001593
0.001827
0.001919
0.001918
0.001856
0.001876
0.001900
0.001338
0.001138
0.001854
0.001633
0.001537
0.001443
0.001045
0.001164
0.001076
0.001541
0.001143
0.001027
0.001003
0.001255
0.001010
0.001153
0.001064
0.001287
0.000926
0.001337
0.001461
0.001315
0.000966
0.001290
0.000973
0.001136
0.001094
0.001011
0.001540
0.001137
0.001745
0.001935
0.001139
0.004867
0.004179
0.004577
0.002223
0.013321
0.007081
0.005237
0.004544
0.004008
0.003568
0.010286
0.003618
0.014040
0.014884
0.020380
0.016928
0.041910
0.007751
0.024727
0.010503
0.008581
0.009955
0.007309
0.005784
0.003857
0.003114
0.006620
0.004328
0.002728
0.003474
0.002150
0.002382
0.001066
0.001692
0.001544
0.001275
0.001617
0.001502
0.001209
