0.205193
0.150535
0.115339
0.093885
0.081231
0.074931
0.071116
0.069105
0.069458
0.067840
0.067816
0.067210
0.066989
0.065960
0.064882
0.064680
0.064703
0.059761
0.058929
0.058721
0.061205
0.057588
0.056963
0.058690
0.054515
0.056822
0.053704
0.055371
0.053839
0.049736
0.050775
0.050768
0.048969
0.048350
0.045138
0.045514
0.042734
0.047139
0.042902
0.043090
0.042384
0.042165
0.042826
0.039935
0.038362
0.039231
0.036774
0.041575
0.040989
0.040878
0.037732
0.037318
0.037688
0.037142
0.038535
0.033867
0.034860
0.033442
0.034735
0.034243
0.036716
0.035258
0.035977
0.033622
0.033936
0.035703
0.033684
0.033709
0.033865
0.030162
0.035647
0.030737
0.031587
0.029398
0.030723
0.028714
0.032727
0.034106
0.030152
0.043130
0.040006
0.045800
0.047762
0.048637
0.048985
0.048006
0.045477
0.047816
0.045628
0.043938
0.043392
0.044647
0.040833
0.043682
0.041898
0.040341
0.040217
0.042398
0.043900
0.042069
0.042810
0.040919
0.043223
0.040277
0.040793
0.040402
0.040287
0.039262
0.039277
0.038235
0.038655
0.037513
0.039013
0.038649
0.038576
0.036688
0.037142
0.037248
0.038702
0.036277
0.036160
0.035548
0.037012
0.037249
0.037182
0.035709
0.037489
0.032701
0.031816
0.033238
0.032058
0.030286
0.027653
0.031125
0.029343
0.034032
0.028189
0.028033
0.028973
0.025785
0.027666
0.026201
0.022860
0.027187
0.023313
0.024666
0.022391
0.023996
0.021343
0.022927
