0.290972
0.168673
0.127269
0.085525
0.085546
0.071838
0.069618
0.068251
0.069306
0.068773
0.066960
0.068976
0.069471
0.065842
0.066194
0.066119
0.065173
0.065261
0.065207
0.065310
0.064440
0.063284
0.066254
0.064968
0.062934
0.063481
0.066840
0.065599
0.062550
0.061777
0.061226
0.063959
0.060981
0.062328
0.060980
0.057466
0.057646
0.060589
0.061074
0.058887
0.059052
0.058990
0.059572
0.055294
0.058657
0.056394
0.052386
0.053156
0.054426
0.053928
0.051809
0.052278
0.052444
0.050610
0.050184
0.048247
0.049504
0.050207
0.049739
0.052861
0.049915
0.045770
0.049138
0.046134
0.049971
0.048811
0.043824
0.046503
0.047085
0.045634
0.046001
0.045727
0.045944
0.043207
0.043697
0.044756
0.046420
0.043581
0.043266
0.046436
0.045626
0.047187
0.042492
0.045348
0.044148
0.041380
0.042060
0.039579
0.039957
0.040861
0.041471
0.039706
0.039142
0.040412
0.040128
0.037622
0.036882
0.039282
0.038064
0.036097
0.034432
0.035294
0.030376
0.030527
0.027312
0.029578
0.026792
0.029313
0.028142
0.025735
0.025142
0.026813
0.024594
0.023582
0.023071
0.025166
0.022748
0.023375
0.020992
0.020896
0.023161
0.022750
0.019914
0.021500
0.022217
0.018370
0.019288
0.022254
0.020752
0.021091
0.020873
0.021029
0.018817
0.021181
0.017201
0.021639
0.022010
0.021610
0.020584
0.019411
0.019616
0.017572
0.020097
0.017440
0.015275
0.015779
0.015234
0.016721
0.021695
0.018978
