0.168798
0.109099
0.077171
0.070447
0.071232
0.070604
0.069716
0.069332
0.069771
0.070803
0.068349
0.068825
0.067888
0.067578
0.067260
0.065784
0.064488
0.065521
0.064742
0.063117
0.059787
0.059608
0.061323
0.058548
0.061040
0.058409
0.057053
0.058441
0.049420
0.056232
0.051695
0.051286
0.048816
0.050200
0.048575
0.042909
0.047639
0.039614
0.044774
0.040417
0.041968
0.033971
0.034887
0.036205
0.033009
0.033032
0.034622
0.037758
0.031654
0.027670
0.027396
0.028649
0.028640
0.030238
0.024117
0.025272
0.028156
0.029456
0.025221
0.024310
0.024307
0.018397
0.021090
0.020753
0.020030
0.021463
0.025157
0.018930
0.015287
0.017073
0.014454
0.019293
0.017178
0.021769
0.013656
0.020586
0.015697
0.013892
0.010710
0.009814
0.008259
0.010488
0.006576
0.009064
0.007682
0.005958
0.012914
0.011651
0.006662
0.005624
0.004068
0.003429
0.005067
0.003000
0.001786
0.004172
0.003435
0.007810
0.006667
0.003769
0.002467
0.009045
0.003917
0.003661
0.001059
0.003314
0.002909
0.004039
0.003315
0.007288
0.001949
0.002758
0.002478
0.002107
0.004203
0.001960
0.001722
0.001062
0.000580
0.001364
0.000891
0.000466
0.000350
0.000474
0.001009
0.000458
0.000398
0.000608
0.000537
0.000441
0.000306
0.000129
0.000145
0.000121
0.000298
0.000543
0.000116
0.000314
0.000302
0.000116
0.000455
0.000123
0.000207
0.000270
0.000172
0.000703
0.000215
0.000104
0.000119
0.000040
