0.090218
0.087872
0.072040
0.070232
0.071309
0.070793
0.068679
0.070141
0.068722
0.068042
0.067930
0.066622
0.065488
0.063106
0.064380
0.063429
0.061928
0.062904
0.064452
0.063160
0.059542
0.060255
0.057555
0.059963
0.059580
0.064389
0.060961
0.062997
0.064418
0.061659
0.059460
0.064251
0.066415
0.064226
0.061008
0.061427
0.064310
0.056290
0.069334
0.061557
0.067886
0.060524
0.062629
0.060518
0.062236
0.057843
0.055436
0.063289
0.058487
0.059371
0.059421
0.058208
0.058630
0.055794
0.057032
0.057671
0.059449
0.059883
0.054890
0.058449
0.054487
0.054698
0.055240
0.054074
0.054419
0.054971
0.053437
0.055943
0.055691
0.050324
0.061474
0.053384
0.068045
0.054759
0.050904
0.051622
0.055621
0.051925
0.053019
0.052141
0.055197
0.049922
0.051168
0.051613
0.051911
0.047617
0.048748
0.042452
0.041692
0.045347
0.046565
0.047233
0.054337
0.048548
0.044065
0.049917
0.043533
0.047746
0.048541
0.044817
0.046975
0.046553
0.049005
0.040967
0.049308
0.039538
0.039198
0.038648
0.041131
0.035797
0.031621
0.037695
0.035173
0.036241
0.038515
0.034640
0.033560
0.034039
0.035526
0.034744
0.032778
0.031489
0.031696
0.030767
0.033011
0.033725
0.037661
0.032015
0.031367
0.037737
0.035784
0.038868
0.029733
0.039094
0.030336
0.050692
0.042579
0.035522
0.044154
0.049989
0.054550
0.043810
0.048317
0.046517
0.040196
0.040460
0.033830
0.044117
0.039185
0.037230
