0.076401
0.071992
0.077839
0.069634
0.072510
0.070733
0.071840
0.068365
0.068985
0.067990
0.069827
0.069059
0.069560
0.067242
0.069177
0.066375
0.068916
0.064953
0.069749
0.068963
0.068419
0.066810
0.065114
0.067760
0.063784
0.064646
0.061748
0.062968
0.062684
0.060221
0.060025
0.058952
0.061827
0.061197
0.059511
0.057923
0.063009
0.060373
0.061871
0.062403
0.062556
0.060534
0.060049
0.057153
0.059063
0.058287
0.063772
0.060332
0.059610
0.055692
0.056809
0.057589
0.054005
0.055140
0.051424
0.044784
0.049748
0.052191
0.052176
0.052503
0.049918
0.051010
0.054102
0.051464
0.050773
0.053787
0.056374
0.053219
0.047597
0.051070
0.056030
0.059294
0.050037
0.049323
0.054112
0.046420
0.051371
0.047113
0.052571
0.045518
0.044045
0.043009
0.041673
0.046937
0.043709
0.039738
0.041216
0.044915
0.051128
0.044654
0.039996
0.045605
0.047568
0.038535
0.045322
0.050883
0.043276
0.048445
0.043364
0.045328
0.048084
0.046958
0.040400
0.043169
0.039596
0.042512
0.044667
0.038810
0.036176
0.042883
0.039082
0.039374
0.042831
0.039635
0.041221
0.037708
0.039407
0.038007
0.035009
0.035755
0.039553
0.038387
0.035167
0.039482
0.037620
0.039279
0.035472
0.043354
0.030936
0.034856
0.034288
0.033034
0.036250
0.036776
0.032775
0.036927
0.029896
0.030076
0.029369
0.035210
0.032533
0.037868
0.033117
0.038724
0.036182
0.034406
0.040526
0.034819
0.042543
0.035350
