0.170000
0.150000
0.210000
0.230000
0.260000
0.295000
0.285000
0.330000
0.340000
0.350000
0.340000
0.350000
0.355000
0.375000
0.380000
0.395000
0.405000
0.415000
0.425000
0.440000
0.420000
0.445000
0.445000
0.480000
0.490000
0.545000
0.540000
0.545000
0.565000
0.600000
0.580000
0.610000
0.585000
0.625000
0.635000
0.650000
0.635000
0.650000
0.655000
0.645000
0.650000
0.690000
0.680000
0.685000
0.745000
0.740000
0.760000
0.760000
0.780000
0.785000
0.790000
0.770000
0.730000
0.745000
0.745000
0.770000
0.750000
0.750000
0.770000
0.805000
0.815000
0.795000
0.800000
0.800000
0.800000
0.810000
0.805000
0.815000
0.815000
0.815000
0.815000
0.815000
0.820000
0.820000
0.820000
0.820000
0.820000
0.825000
0.825000
0.825000
0.820000
0.830000
0.825000
0.820000
0.820000
0.825000
0.820000
0.830000
0.820000
0.830000
0.830000
0.830000
0.830000
0.825000
0.835000
0.820000
0.825000
0.830000
0.830000
0.830000
0.835000
0.840000
0.845000
0.845000
0.835000
0.825000
0.840000
0.850000
0.850000
0.850000
0.850000
0.850000
0.855000
0.855000
0.855000
0.855000
0.855000
0.855000
0.860000
0.860000
0.860000
0.860000
0.860000
0.855000
0.860000
0.860000
0.860000
0.850000
0.860000
0.845000
0.845000
0.835000
0.805000
0.815000
0.705000
0.735000
0.720000
0.750000
0.770000
0.765000
0.820000
0.755000
0.815000
0.810000
0.840000
0.840000
0.845000
0.855000
0.855000
0.860000
