0.117625
0.063726
0.062363
0.061897
0.062170
0.061584
0.061739
0.061897
0.061390
0.061430
0.061387
0.061253
0.061219
0.060799
0.060379
0.060477
0.059595
0.059625
0.058878
0.058769
0.057897
0.056087
0.057657
0.056173
0.054786
0.055613
0.053467
0.053665
0.052973
0.051745
0.052465
0.052291
0.052118
0.050225
0.051193
0.048878
0.050839
0.048786
0.049026
0.048418
0.046341
0.046450
0.044492
0.043215
0.042809
0.042240
0.044535
0.041661
0.041800
0.039920
0.039423
0.036124
0.037043
0.034821
0.034847
0.032855
0.031331
0.032254
0.030715
0.032861
0.030258
0.029900
0.030807
0.030812
0.028729
0.029377
0.028114
0.027722
0.027702
0.026773
0.026470
0.027302
0.025238
0.024206
0.025632
0.024637
0.025491
0.023648
0.023403
0.024687
0.023884
0.023201
0.022765
0.024757
0.024214
0.023098
0.023183
0.023624
0.021959
0.023934
0.023395
0.022982
0.023456
0.023377
0.023293
0.023853
0.021598
0.022344
0.023836
0.029395
0.028865
0.026021
0.026157
0.026608
0.024742
0.024251
0.021416
0.022133
0.022045
0.023367
0.020769
0.020968
0.022452
0.021668
0.021643
0.022205
0.020331
0.021991
0.020711
0.022999
0.019463
0.020944
0.020378
0.020901
0.020459
0.019433
0.020703
0.021862
0.020576
0.020313
0.020222
0.021044
0.021263
0.020475
0.021357
0.020978
0.020100
0.021340
0.019506
0.020732
0.022633
0.019574
0.021195
0.020359
0.021165
0.020972
0.020971
0.019719
0.020934
0.022297
