0.362240
0.151211
0.090367
0.072406
0.071050
0.071828
0.071828
0.072108
0.071640
0.070893
0.070371
0.070042
0.069667
0.070188
0.067479
0.067920
0.065591
0.067459
0.065028
0.066666
0.064555
0.066498
0.064527
0.065690
0.063153
0.062145
0.068816
0.061362
0.060467
0.060410
0.059555
0.061611
0.056719
0.052651
0.056870
0.055682
0.056579
0.054172
0.054068
0.053117
0.050971
0.051601
0.049946
0.051637
0.049641
0.049522
0.047702
0.045988
0.047893
0.047934
0.048913
0.045499
0.044457
0.045178
0.045510
0.045122
0.044286
0.042712
0.042646
0.041462
0.042475
0.042655
0.044606
0.042188
0.040914
0.043988
0.044019
0.039525
0.043937
0.043131
0.040780
0.043076
0.039920
0.040830
0.042055
0.039730
0.040199
0.041677
0.044363
0.040603
0.038240
0.040169
0.041323
0.041347
0.040019
0.037996
0.042249
0.040715
0.041373
0.038872
0.039521
0.038153
0.035994
0.037755
0.038163
0.037120
0.037262
0.039900
0.036386
0.040737
0.036974
0.039764
0.034651
0.036340
0.036333
0.034378
0.036928
0.036160
0.036779
0.034570
0.034058
0.033097
0.030610
0.033466
0.027270
0.026880
0.027999
0.029080
0.027705
0.024921
0.025514
0.023680
0.022550
0.023396
0.024593
0.026519
0.023317
0.023434
0.023336
0.023608
0.021652
0.018714
0.022110
0.022324
0.022674
0.021581
0.020013
0.021617
0.022235
0.022432
0.021895
0.020660
0.019565
0.020153
0.023992
0.023720
0.022889
0.022895
0.021026
0.019857
