0.308529
0.217858
0.175357
0.142358
0.098599
0.079035
0.082348
0.077621
0.069319
0.061381
0.065646
0.055960
0.057452
0.051631
0.048506
0.050378
0.045160
0.047066
0.042044
0.039317
0.037062
0.039292
0.038142
0.034084
0.033074
0.031065
0.030669
0.030583
0.030327
0.025913
0.024044
0.022153
0.022889
0.026224
0.023198
0.020529
0.019331
0.020130
0.016602
0.018836
0.016314
0.016001
0.016265
0.016556
0.014676
0.015812
0.013924
0.014509
0.014538
0.014198
0.013905
0.012346
0.013225
0.011989
0.012976
0.013146
0.010368
0.010614
0.010230
0.010348
0.009794
0.011830
0.009459
0.012484
0.010744
0.010669
0.010353
0.009175
0.008721
0.008640
0.007821
0.008129
0.007132
0.008130
0.007748
0.008089
0.007646
0.007605
0.008039
0.006793
0.006607
0.008556
0.007490
0.008680
0.007739
0.007056
0.007838
0.008060
0.006641
0.006987
0.006600
0.006744
0.006589
0.005241
0.007632
0.005532
0.004779
0.006243
0.005180
0.005695
0.004597
0.004775
0.004879
0.005821
0.005118
0.005224
0.004350
0.005539
0.005064
0.004437
0.004012
0.004647
0.004918
0.005409
0.004896
0.004362
0.005381
0.005317
0.003865
0.004377
0.003600
0.004767
0.004283
0.004259
0.004446
0.003860
0.004498
0.004747
0.004119
0.003839
0.003581
0.004120
0.004234
0.003841
0.003112
0.004030
0.003490
0.003487
0.003474
0.004056
0.004058
0.003416
0.003614
0.003737
0.004169
0.003937
0.003144
0.003786
0.004046
0.003145
