0.140000
0.165000
0.165000
0.165000
0.160000
0.190000
0.190000
0.265000
0.280000
0.320000
0.315000
0.345000
0.380000
0.410000
0.420000
0.465000
0.505000
0.515000
0.570000
0.565000
0.585000
0.615000
0.635000
0.600000
0.635000
0.660000
0.680000
0.665000
0.690000
0.715000
0.735000
0.755000
0.750000
0.770000
0.795000
0.805000
0.775000
0.820000
0.800000
0.840000
0.840000
0.840000
0.835000
0.850000
0.850000
0.860000
0.870000
0.865000
0.875000
0.865000
0.860000
0.885000
0.900000
0.895000
0.920000
0.895000
0.895000
0.920000
0.950000
0.950000
0.970000
0.935000
0.985000
0.960000
0.980000
0.965000
0.985000
0.990000
0.975000
0.990000
0.990000
0.995000
0.985000
0.990000
0.985000
0.975000
0.995000
0.955000
0.990000
0.990000
0.995000
0.995000
0.995000
0.995000
0.995000
0.995000
1.000000
0.995000
0.990000
0.995000
1.000000
1.000000
0.995000
1.000000
1.000000
1.000000
1.000000
1.000000
1.000000
1.000000
1.000000
1.000000
1.000000
1.000000
1.000000
1.000000
1.000000
1.000000
1.000000
1.000000
1.000000
1.000000
1.000000
1.000000
1.000000
1.000000
1.000000
1.000000
1.000000
1.000000
1.000000
1.000000
1.000000
1.000000
1.000000
1.000000
1.000000
1.000000
1.000000
1.000000
1.000000
1.000000
1.000000
1.000000
1.000000
1.000000
1.000000
1.000000
1.000000
1.000000
1.000000
1.000000
1.000000
1.000000
1.000000
1.000000
1.000000
1.000000
1.000000
1.000000
