0.145000
0.145000
0.155000
0.160000
0.180000
0.220000
0.270000
0.315000
0.400000
0.425000
0.475000
0.560000
0.620000
0.670000
0.680000
0.695000
0.660000
0.640000
0.695000
0.680000
0.720000
0.690000
0.710000
0.790000
0.660000
0.790000
0.865000
0.860000
0.855000
0.895000
0.910000
0.915000
0.925000
0.965000
0.920000
0.960000
0.945000
0.985000
0.985000
0.955000
0.945000
0.940000
0.965000
0.965000
0.965000
0.965000
0.955000
0.970000
0.970000
0.970000
0.985000
0.970000
0.995000
0.975000
0.995000
0.985000
1.000000
0.995000
1.000000
1.000000
1.000000
1.000000
1.000000
1.000000
1.000000
1.000000
1.000000
0.990000
1.000000
1.000000
1.000000
1.000000
1.000000
1.000000
1.000000
1.000000
1.000000
1.000000
1.000000
1.000000
1.000000
1.000000
1.000000
1.000000
1.000000
1.000000
1.000000
1.000000
1.000000
1.000000
1.000000
1.000000
1.000000
1.000000
1.000000
1.000000
1.000000
1.000000
1.000000
1.000000
1.000000
1.000000
1.000000
1.000000
1.000000
1.000000
1.000000
1.000000
1.000000
1.000000
1.000000
1.000000
1.000000
1.000000
1.000000
1.000000
1.000000
1.000000
1.000000
1.000000
1.000000
1.000000
1.000000
1.000000
1.000000
1.000000
1.000000
1.000000
1.000000
1.000000
1.000000
1.000000
1.000000
1.000000
1.000000
1.000000
1.000000
1.000000
1.000000
1.000000
1.000000
1.000000
1.000000
1.000000
1.000000
1.000000
1.000000
1.000000
1.000000
1.000000
