0.079561
0.061817
0.060466
0.060332
0.060862
0.057942
0.054524
0.055794
0.052714
0.053655
0.048667
0.047977
0.050307
0.049813
0.049199
0.046752
0.044636
0.043155
0.042439
0.044919
0.046040
0.041530
0.037649
0.035763
0.031596
0.031273
0.028371
0.027590
0.028686
0.030233
0.028916
0.027732
0.026657
0.029626
0.027462
0.025102
0.022388
0.025133
0.023494
0.023118
0.022705
0.021223
0.020692
0.021046
0.019691
0.018813
0.018708
0.017716
0.017698
0.020673
0.018464
0.020092
0.016868
0.015460
0.014571
0.014753
0.016523
0.016109
0.018102
0.021917
0.028691
0.019795
0.017827
0.018417
0.017434
0.014079
0.011683
0.011612
0.010312
0.009794
0.010112
0.009704
0.008484
0.004640
0.003929
0.006736
0.004237
0.003223
0.003890
0.004967
0.004017
0.002515
0.002438
0.002277
0.002270
0.006243
0.003631
0.007842
0.003193
0.003030
0.001627
0.001914
0.001664
0.001426
0.001094
0.000993
0.000594
0.000471
0.000376
0.000258
0.000347
0.000267
0.000187
0.000230
0.000242
0.000202
0.000220
0.000158
0.000170
0.000153
0.000162
0.000125
0.000133
0.000119
0.000134
0.000199
0.000140
0.000139
0.000112
0.000140
0.000095
0.000094
0.000074
0.000094
0.000128
0.000087
0.000081
0.000102
0.000089
0.000108
0.000139
0.000099
0.000098
0.000064
0.000071
0.000097
0.000083
0.000067
0.000063
0.000071
0.000064
0.000079
0.000072
0.000068
0.000106
0.000081
0.000126
0.000055
0.000070
0.000108
