0.066515
0.062712
0.062712
0.062712
0.062831
0.062127
0.062338
0.059914
0.059798
0.058360
0.055687
0.054627
0.052160
0.048661
0.047794
0.043773
0.043411
0.042185
0.042831
0.039107
0.037214
0.036389
0.034842
0.033579
0.034182
0.033068
0.032580
0.032592
0.030216
0.030785
0.030588
0.029644
0.028899
0.025140
0.025942
0.024523
0.024910
0.022676
0.020336
0.020438
0.020322
0.019446
0.017819
0.019498
0.017882
0.018144
0.017609
0.017762
0.017342
0.015066
0.015905
0.017405
0.016425
0.014870
0.013925
0.014126
0.015097
0.014948
0.012468
0.011252
0.009556
0.009150
0.007510
0.007357
0.007668
0.006266
0.006329
0.005564
0.005486
0.004625
0.003842
0.005130
0.003610
0.003420
0.004895
0.004941
0.003369
0.005255
0.004144
0.003630
0.003505
0.002590
0.002112
0.002053
0.001653
0.001502
0.001746
0.003758
0.002740
0.003059
0.001938
0.002291
0.001770
0.001324
0.001195
0.001030
0.001066
0.000853
0.000849
0.000787
0.000796
0.000697
0.000666
0.000638
0.000640
0.000550
0.000567
0.000573
0.000522
0.000600
0.000551
0.000522
0.000450
0.000443
0.000381
0.000375
0.000339
0.000424
0.000431
0.000476
0.000539
0.000421
0.000415
0.000377
0.000304
0.000349
0.000307
0.000376
0.000306
0.000312
0.000273
0.000299
0.000295
0.000297
0.000304
0.000295
0.000256
0.000254
0.000253
0.000260
0.000253
0.000489
0.000288
0.000268
0.000239
0.000240
0.000236
0.000232
0.000285
0.000304
