0.284341
0.086179
0.071363
0.072235
0.071360
0.071670
0.071203
0.070839
0.071203
0.070874
0.070602
0.071031
0.070839
0.070537
0.068543
0.072658
0.069479
0.068789
0.068657
0.068127
0.065813
0.066086
0.064883
0.065937
0.063658
0.064670
0.062139
0.060800
0.063102
0.060662
0.061933
0.057655
0.059876
0.061150
0.056309
0.060326
0.057735
0.055264
0.050430
0.057838
0.053547
0.052964
0.050635
0.053601
0.052340
0.052325
0.050542
0.049193
0.048909
0.041455
0.045391
0.046258
0.053142
0.049505
0.042310
0.046990
0.040508
0.044836
0.041407
0.043680
0.039438
0.038949
0.042154
0.039469
0.041613
0.040916
0.037231
0.035832
0.037869
0.034874
0.034866
0.034948
0.033488
0.032079
0.033012
0.032362
0.030628
0.029656
0.031339
0.030773
0.027609
0.027202
0.029619
0.025992
0.026890
0.028235
0.025107
0.028237
0.025084
0.023505
0.027847
0.028231
0.024611
0.025741
0.023924
0.022382
0.026396
0.022783
0.022682
0.021768
0.019905
0.022634
0.022015
0.019625
0.019604
0.014895
0.018535
0.015797
0.013087
0.013741
0.013621
0.012844
0.016731
0.014236
0.015512
0.018534
0.014356
0.013571
0.014315
0.016921
0.013135
0.012836
0.012473
0.013397
0.010103
0.009277
0.009439
0.010567
0.010262
0.010163
0.010030
0.011468
0.009417
0.008222
0.010064
0.008669
0.015301
0.008309
0.013609
0.011827
0.012499
0.009211
0.009827
0.012533
0.009581
0.007920
0.009198
0.008177
0.009701
0.009798
