0.269942
0.107319
0.084820
0.074752
0.072524
0.068350
0.070563
0.070371
0.069786
0.070371
0.068074
0.067810
0.066421
0.068741
0.066089
0.066961
0.067112
0.066010
0.063637
0.066019
0.065242
0.064370
0.064651
0.066420
0.062363
0.060783
0.063377
0.058858
0.059304
0.058787
0.061432
0.059012
0.057191
0.054557
0.055636
0.053953
0.057027
0.053368
0.055729
0.055429
0.052617
0.055007
0.054592
0.053147
0.051203
0.052584
0.052022
0.053231
0.051925
0.052311
0.053302
0.053025
0.050421
0.050621
0.051872
0.051018
0.051686
0.047357
0.048280
0.048556
0.048583
0.049670
0.051300
0.048165
0.048143
0.049931
0.048898
0.044099
0.049766
0.047360
0.047557
0.047122
0.042932
0.044822
0.043439
0.044041
0.043862
0.046392
0.044707
0.043807
0.042907
0.042111
0.041897
0.044309
0.041889
0.039349
0.042983
0.041619
0.043327
0.041827
0.040978
0.038912
0.038793
0.039575
0.040229
0.041361
0.041208
0.043143
0.038505
0.043650
0.041366
0.042754
0.036623
0.038610
0.038261
0.038609
0.040055
0.040370
0.040462
0.039913
0.038300
0.037397
0.037366
0.039655
0.035824
0.035479
0.039441
0.035938
0.034057
0.032663
0.034585
0.030325
0.029489
0.029356
0.030124
0.033474
0.029030
0.029803
0.023814
0.030863
0.027156
0.027473
0.025293
0.026895
0.020961
0.026687
0.018892
0.023651
0.023836
0.030555
0.019876
0.020562
0.021854
0.015082
0.023150
0.014923
0.016285
0.014974
0.012927
0.009621
