0.072300
0.071670
0.071670
0.071670
0.071670
0.071670
0.071670
0.071670
0.071670
0.070874
0.069716
0.069089
0.068285
0.069176
0.068700
0.069850
0.069657
0.068727
0.067088
0.065783
0.069380
0.066419
0.069831
0.068266
0.067175
0.068083
0.067969
0.065690
0.067265
0.065886
0.066922
0.065383
0.065206
0.062575
0.064318
0.064041
0.064925
0.064023
0.066727
0.064283
0.064458
0.067782
0.067106
0.065602
0.066475
0.064475
0.065109
0.067657
0.066837
0.065120
0.066233
0.068823
0.065325
0.065046
0.062902
0.061665
0.062913
0.063792
0.061706
0.059398
0.062899
0.059974
0.060829
0.058513
0.059777
0.056283
0.060747
0.058380
0.062343
0.061197
0.062143
0.068770
0.061242
0.062919
0.059075
0.059163
0.059961
0.057387
0.056889
0.051634
0.046846
0.052585
0.051124
0.057935
0.052256
0.042693
0.043241
0.041518
0.043463
0.042791
0.043218
0.040121
0.035771
0.033176
0.042052
0.037839
0.040620
0.041140
0.034277
0.037281
0.031400
0.035805
0.038362
0.043187
0.038867
0.047133
0.038547
0.047119
0.034367
0.035691
0.037720
0.037667
0.035563
0.037247
0.032149
0.031897
0.039078
0.046613
0.039140
0.031787
0.033997
0.039329
0.029457
0.033998
0.038608
0.039407
0.041200
0.038477
0.044037
0.032795
0.037633
0.029545
0.032321
0.033837
0.032642
0.026226
0.031443
0.030308
0.028489
0.036683
0.030906
0.028744
0.026541
0.025871
0.030293
0.035811
0.024538
0.025677
0.023160
0.022887
