0.074346
0.070959
0.070454
0.064892
0.066396
0.065810
0.069533
0.065346
0.064899
0.065100
0.065389
0.065579
0.066054
0.064488
0.064996
0.062703
0.062838
0.062104
0.062911
0.063237
0.061717
0.061616
0.060275
0.063135
0.061735
0.062192
0.059916
0.057795
0.057980
0.063045
0.060462
0.058300
0.060309
0.052906
0.054971
0.055225
0.059184
0.054162
0.053914
0.056063
0.055443
0.053859
0.049834
0.052087
0.044966
0.051684
0.046921
0.049577
0.049484
0.046022
0.050492
0.046215
0.042371
0.047712
0.044027
0.047520
0.048177
0.041818
0.042252
0.041411
0.040758
0.039182
0.036203
0.036902
0.039106
0.039454
0.034097
0.039442
0.035098
0.035356
0.033316
0.040340
0.039933
0.037694
0.041016
0.031956
0.039939
0.051820
0.037659
0.035725
0.034347
0.032498
0.048361
0.032117
0.035693
0.034335
0.031598
0.032787
0.027925
0.034052
0.028142
0.040725
0.027690
0.021716
0.031991
0.025430
0.029559
0.031282
0.029441
0.029845
0.032740
0.025055
0.020159
0.024917
0.034859
0.027091
0.030762
0.024305
0.027100
0.024033
0.019278
0.026483
0.028359
0.026944
0.029177
0.028143
0.025322
0.024385
0.021614
0.038797
0.037424
0.023377
0.026541
0.025691
0.029582
0.022104
0.035127
0.029557
0.021869
0.037558
0.023358
0.025188
0.018464
0.023707
0.020121
0.018678
0.015088
0.015324
0.019112
0.022589
0.027152
0.024428
0.020841
0.022755
0.033988
0.018414
0.027481
0.026773
0.019123
0.022785
