0.074626
0.061822
0.062587
0.062396
0.059583
0.061891
0.058354
0.058993
0.055017
0.053588
0.049509
0.049107
0.051551
0.052162
0.048532
0.043432
0.043648
0.046115
0.042804
0.041515
0.042900
0.037354
0.033531
0.033139
0.034969
0.029870
0.030129
0.026056
0.023918
0.021656
0.022925
0.020895
0.016909
0.019336
0.018474
0.019299
0.014652
0.015722
0.031141
0.022186
0.022630
0.017301
0.020439
0.018549
0.015890
0.010862
0.014888
0.013524
0.015175
0.010726
0.011324
0.006732
0.008947
0.007076
0.007844
0.008608
0.008447
0.006537
0.005429
0.006038
0.004150
0.003953
0.006164
0.006231
0.005752
0.003409
0.010889
0.013658
0.002904
0.011015
0.008839
0.008303
0.014990
0.026957
0.012384
0.009336
0.006776
0.008880
0.004870
0.003684
0.003000
0.004975
0.003367
0.003934
0.002547
0.002487
0.001892
0.003153
0.002053
0.001514
0.003258
0.001398
0.001133
0.001090
0.000783
0.003789
0.001354
0.000729
0.000361
0.000444
0.002654
0.002116
0.001170
0.001770
0.000802
0.000185
0.000589
0.004712
0.000451
0.001848
0.001296
0.010170
0.000896
0.003002
0.001391
0.000801
0.000899
0.000653
0.000588
0.000408
0.001625
0.000645
0.000414
0.001750
0.003606
0.000326
0.000352
0.001303
0.000381
0.000264
0.000190
0.000240
0.000204
0.000156
0.000329
0.000174
0.000199
0.000327
0.000162
0.000273
0.000123
0.000157
0.000300
0.000759
0.000091
0.000184
0.000197
0.000073
0.000112
0.002749
