0.257220
0.189097
0.145974
0.122382
0.102268
0.095976
0.080268
0.075678
0.071607
0.070945
0.070872
0.050594
0.051356
0.056569
0.033230
0.032204
0.028584
0.027350
0.023504
0.016316
0.013215
0.007662
0.011352
0.009079
0.011414
0.026196
0.038375
0.040753
0.038162
0.024233
0.023507
0.010300
0.006490
0.005136
0.004781
0.003241
0.002266
0.001703
0.001566
0.001357
0.001324
0.001036
0.000980
0.000969
0.000747
0.000797
0.000673
0.000706
0.000546
0.000513
0.000528
0.000435
0.000511
0.000427
0.000426
0.000465
0.000399
0.000331
0.000349
0.000302
0.000337
0.000284
0.000272
0.000274
0.000283
0.000280
0.000222
0.000242
0.000232
0.000209
0.000201
0.000204
0.000183
0.000234
0.000187
0.000162
0.000182
0.000170
0.000179
0.000181
0.000152
0.000177
0.000149
0.000157
0.000172
0.000155
0.000164
0.000156
0.000144
0.000150
0.000136
0.000113
0.000157
0.000122
0.000118
0.000101
0.000096
0.000125
0.000132
0.000106
0.000108
0.000150
0.000110
0.000108
0.000077
0.000099
0.000083
0.000091
0.000078
0.000075
0.000097
0.000092
0.000076
0.000100
0.000093
0.000090
0.000068
0.000063
0.000060
0.000080
0.000066
0.000062
0.000175
0.000236
0.000187
0.000170
0.000103
0.000095
0.000102
0.000106
0.000058
0.000106
0.000082
0.000061
0.000069
0.000056
0.000071
0.000069
0.000066
0.000053
0.000112
0.000072
0.000086
0.000056
0.000067
0.000055
0.000100
0.000058
0.015147
0.191714
