0.119835
0.087221
0.086115
0.077784
0.073825
0.069462
0.070191
0.070852
0.068965
0.066868
0.064013
0.059096
0.061119
0.062236
0.060960
0.060762
0.058180
0.057345
0.053431
0.054193
0.051595
0.049704
0.048730
0.049352
0.045900
0.049749
0.045189
0.045067
0.040430
0.044454
0.038788
0.040510
0.038171
0.034338
0.034504
0.035693
0.035750
0.029021
0.032459
0.031050
0.027527
0.027723
0.026066
0.025300
0.024553
0.024075
0.021685
0.021162
0.018202
0.018472
0.018758
0.018051
0.019072
0.016060
0.015746
0.013871
0.014060
0.012318
0.011275
0.011223
0.011289
0.009367
0.007973
0.007568
0.007723
0.009404
0.007741
0.007911
0.006978
0.008771
0.006049
0.007133
0.005226
0.005077
0.004657
0.005850
0.006236
0.004538
0.006586
0.006300
0.004743
0.006328
0.005413
0.004904
0.005162
0.006135
0.005081
0.005107
0.004951
0.004865
0.004624
0.007310
0.004964
0.006652
0.005645
0.005926
0.004841
0.005865
0.004559
0.004515
0.002782
0.004378
0.003720
0.003324
0.003809
0.004004
0.003409
0.002946
0.004208
0.002834
0.003329
0.003227
0.003069
0.003379
0.003063
0.003319
0.002865
0.002733
0.002740
0.003606
0.003281
0.003015
0.002294
0.003052
0.002846
0.003344
0.002701
0.002436
0.002551
0.002788
0.005105
0.004394
0.004242
0.003903
0.002915
0.005388
0.002627
0.005388
0.003222
0.002582
0.006750
0.003292
0.006919
0.005898
0.006133
0.004430
0.005235
0.002825
0.003475
0.003335
