0.072435
0.071670
0.071670
0.071670
0.071670
0.071670
0.071203
0.070637
0.070350
0.070357
0.070563
0.068955
0.068901
0.066953
0.067799
0.066733
0.065902
0.065755
0.063871
0.064912
0.063522
0.063284
0.061813
0.062393
0.059356
0.063082
0.060383
0.061482
0.062477
0.059015
0.058971
0.060794
0.058294
0.060771
0.057806
0.058386
0.057926
0.056729
0.053980
0.055246
0.052630
0.053388
0.051432
0.049726
0.049412
0.052241
0.051760
0.049280
0.048530
0.049428
0.046248
0.047046
0.043333
0.042731
0.044253
0.045957
0.042718
0.042778
0.043077
0.043672
0.043168
0.041994
0.036854
0.039349
0.037530
0.038366
0.038689
0.039672
0.035061
0.038817
0.033946
0.036819
0.037167
0.032135
0.032386
0.029887
0.027823
0.028312
0.031629
0.028782
0.029094
0.023650
0.022686
0.023236
0.021800
0.023581
0.019399
0.022490
0.021646
0.019345
0.020716
0.018055
0.017579
0.016836
0.018710
0.017366
0.017666
0.013799
0.012872
0.014952
0.012218
0.012628
0.014351
0.012344
0.013230
0.009814
0.010016
0.010047
0.010365
0.009302
0.009932
0.009787
0.009466
0.008023
0.006495
0.007603
0.006891
0.006514
0.006017
0.007778
0.006564
0.006971
0.006245
0.005966
0.005858
0.005144
0.006191
0.006578
0.006237
0.005859
0.007152
0.005705
0.006367
0.005785
0.004051
0.003880
0.004609
0.004732
0.005599
0.004597
0.003692
0.004509
0.004355
0.003469
0.004001
0.004283
0.005153
0.004501
0.003160
0.004319
