0.190000
0.370000
0.475000
0.530000
0.635000
0.645000
0.680000
0.585000
0.640000
0.750000
0.665000
0.735000
0.700000
0.735000
0.775000
0.810000
0.845000
0.860000
0.855000
0.910000
0.890000
0.900000
0.840000
0.905000
0.880000
0.855000
0.895000
0.920000
0.905000
0.950000
0.940000
0.965000
0.945000
0.960000
0.980000
0.965000
0.970000
0.960000
0.970000
0.970000
0.970000
0.980000
0.975000
0.970000
0.975000
0.970000
0.950000
0.970000
0.965000
0.990000
0.950000
0.950000
0.940000
0.975000
0.990000
0.960000
0.960000
0.950000
0.930000
0.890000
0.965000
0.955000
0.990000
0.965000
0.980000
0.990000
1.000000
1.000000
0.995000
1.000000
0.985000
0.990000
1.000000
1.000000
0.985000
0.980000
0.975000
0.990000
0.990000
0.975000
0.955000
0.970000
0.960000
0.930000
0.930000
0.965000
0.980000
0.980000
0.985000
0.995000
0.995000
1.000000
1.000000
1.000000
1.000000
1.000000
1.000000
1.000000
1.000000
1.000000
1.000000
1.000000
1.000000
1.000000
1.000000
1.000000
1.000000
1.000000
1.000000
1.000000
1.000000
1.000000
1.000000
1.000000
1.000000
1.000000
1.000000
1.000000
1.000000
1.000000
1.000000
1.000000
1.000000
1.000000
1.000000
1.000000
1.000000
1.000000
1.000000
1.000000
1.000000
1.000000
1.000000
1.000000
1.000000
1.000000
1.000000
1.000000
1.000000
1.000000
1.000000
1.000000
1.000000
1.000000
1.000000
1.000000
1.000000
1.000000
1.000000
1.000000
1.000000
1.000000
1.000000
1.000000
1.000000
1.000000
1.000000
1.000000
1.000000
1.000000
1.000000
1.000000
1.000000
1.000000
1.000000
1.000000
1.000000
1.000000
1.000000
1.000000
1.000000
1.000000
1.000000
1.000000
1.000000
1.000000
1.000000
1.000000
1.000000
1.000000
1.000000
1.000000
1.000000
1.000000
1.000000
1.000000
1.000000
1.000000
1.000000
1.000000
1.000000
1.000000
1.000000
1.000000
1.000000
1.000000
1.000000
1.000000
1.000000
1.000000
1.000000
1.000000
1.000000
1.000000
1.000000
1.000000
1.000000
1.000000
1.000000
1.000000
1.000000
1.000000
1.000000
1.000000
1.000000
1.000000
1.000000
1.000000
1.000000
1.000000
1.000000
1.000000
1.000000
1.000000
1.000000
1.000000
1.000000
1.000000
1.000000
1.000000
1.000000
1.000000
1.000000
1.000000
1.000000
1.000000
1.000000
1.000000
1.000000
1.000000
1.000000
1.000000
1.000000
1.000000
0.995000
0.990000
0.930000
0.830000
0.825000
0.780000
0.700000
0.690000
0.760000
0.755000
0.820000
0.895000
0.865000
0.905000
0.915000
0.890000
0.905000
0.880000
0.880000
0.900000
0.935000
0.945000
0.940000
0.960000
0.970000
0.985000
0.990000
0.985000
0.990000
0.995000
0.995000
0.995000
0.990000
0.990000
0.995000
1.000000
1.000000
1.000000
1.000000
1.000000
1.000000
1.000000
1.000000
0.995000
1.000000
1.000000
1.000000
0.995000
1.000000
1.000000
0.995000
1.000000
1.000000
0.995000
1.000000
1.000000
1.000000
1.000000
1.000000
1.000000
1.000000
1.000000
1.000000
1.000000
1.000000
1.000000
1.000000
1.000000
1.000000
1.000000
1.000000
1.000000
1.000000
1.000000
1.000000
1.000000
1.000000
1.000000
1.000000
1.000000
1.000000
1.000000
1.000000
1.000000
1.000000
1.000000
1.000000
1.000000
1.000000
1.000000
1.000000
1.000000
1.000000
1.000000
1.000000
1.000000
1.000000
1.000000
1.000000
1.000000
1.000000
1.000000
1.000000
1.000000
1.000000
1.000000
1.000000
1.000000
1.000000
1.000000
1.000000
1.000000
1.000000
1.000000
1.000000
1.000000
1.000000
1.000000
1.000000
1.000000
1.000000
1.000000
1.000000
1.000000
1.000000
1.000000
1.000000
1.000000
1.000000
1.000000
1.000000
1.000000
1.000000
1.000000
1.000000
1.000000
1.000000
1.000000
1.000000
1.000000
1.000000
1.000000
1.000000
1.000000
1.000000
1.000000
1.000000
1.000000
1.000000
1.000000
1.000000
1.000000
1.000000
1.000000
1.000000
1.000000
1.000000
1.000000
1.000000
1.000000
1.000000
1.000000
1.000000
1.000000
1.000000
1.000000
1.000000
1.000000
1.000000
1.000000
1.000000
1.000000
1.000000
1.000000
1.000000
1.000000
1.000000
1.000000
1.000000
1.000000
1.000000
1.000000
1.000000
1.000000
1.000000
1.000000
1.000000
1.000000
1.000000
1.000000
1.000000
1.000000
1.000000
1.000000
1.000000
1.000000
1.000000
1.000000
1.000000
1.000000
1.000000
1.000000
1.000000
1.000000
1.000000
1.000000
1.000000
1.000000
1.000000
1.000000
1.000000
1.000000
1.000000
1.000000
1.000000
1.000000
1.000000
1.000000
1.000000
1.000000
1.000000
1.000000
1.000000
1.000000
1.000000
1.000000
1.000000
1.000000
1.000000
1.000000
1.000000
1.000000
0.990000
0.950000
0.855000
0.865000
0.875000
0.780000
0.705000
0.740000
0.815000
0.880000
0.880000
0.895000
0.920000
0.925000
0.940000
0.945000
0.955000
0.975000
1.000000
1.000000
1.000000
1.000000
1.000000
1.000000
