0.123774
0.062505
0.055059
0.053528
0.048946
0.052438
0.048515
0.048055
0.043236
0.039158
0.038271
0.034950
0.032433
0.031657
0.029913
0.027302
0.025418
0.024823
0.023654
0.020744
0.020476
0.020335
0.019997
0.021157
0.022747
0.022683
0.020040
0.018243
0.015073
0.015476
0.019523
0.020782
0.021453
0.014696
0.014130
0.012508
0.014547
0.012532
0.010908
0.012453
0.011704
0.013050
0.010011
0.009430
0.010677
0.011008
0.009919
0.010667
0.010658
0.007706
0.007846
0.008546
0.008111
0.008565
0.008379
0.009644
0.007621
0.005876
0.004095
0.003808
0.002626
0.003507
0.003095
0.002599
0.002658
0.002527
0.002556
0.001503
0.001815
0.001331
0.001127
0.001229
0.000732
0.000829
0.000766
0.000694
0.000666
0.000675
0.000918
0.001138
0.001034
0.000909
0.001190
0.000519
0.000526
0.000684
0.000450
0.000439
0.003358
0.011555
0.008266
0.014834
0.014396
0.011414
0.009948
0.007289
0.005360
0.004203
0.005843
0.007172
0.005261
0.004724
0.002563
0.003019
0.005492
0.005083
0.004269
0.004054
0.004334
0.003928
0.002674
0.001813
0.001278
0.001020
0.000634
0.000827
0.000828
0.001448
0.002908
0.003287
0.002443
0.003841
0.002895
0.003501
0.002830
0.004274
0.004709
0.003059
0.003546
0.003271
0.002118
0.002314
0.001516
0.001655
0.000866
0.001053
0.000807
0.000503
0.000480
0.000475
0.000461
0.000400
0.000293
0.000458
0.000297
0.000242
0.000291
0.000184
0.000254
0.000163
0.000279
0.000276
0.000158
0.000120
0.000115
0.000121
0.000129
0.000155
0.000150
0.000148
0.000108
0.000141
0.000116
0.000114
0.000111
0.000126
0.000109
0.000107
0.000100
0.000111
0.000163
0.000115
0.000079
0.000105
0.000096
0.000085
0.000098
0.000094
0.000096
0.000082
0.000150
0.000090
0.000083
0.000094
0.000094
0.000215
0.000133
0.000118
0.000109
0.000102
0.000069
0.000157
0.000077
0.000116
0.000084
0.000073
0.000076
0.000073
0.000068
0.000055
0.000078
0.000062
0.000066
0.000134
0.000380
0.000944
0.006376
0.002173
0.004535
0.004413
0.002409
0.002211
0.002073
0.002479
0.004752
0.005579
0.006116
0.008721
0.012975
0.005426
0.004862
0.014475
0.010235
0.007162
0.005631
0.005639
0.003875
0.001884
0.002399
0.001894
0.001219
0.001173
0.000942
0.000668
0.000685
0.000666
0.000558
0.000469
0.001271
0.007612
0.004234
0.002392
0.003558
0.004082
0.002797
0.001848
0.002954
0.001800
0.001107
0.000498
0.000432
0.000518
0.000526
0.000229
0.000264
0.000168
0.000163
0.000175
0.000172
0.000189
0.000127
0.000134
0.000114
0.000164
0.000124
0.000131
0.000130
0.000095
0.000096
0.000089
0.000080
0.000100
0.000123
0.000083
0.000093
0.000079
0.000083
0.000085
0.000077
0.000087
0.000075
0.000078
0.000075
0.000089
0.000094
0.000074
0.000097
0.000084
0.000090
0.000071
0.000068
0.000062
0.000066
0.000075
0.000130
0.001053
0.002451
0.002783
0.002266
0.000881
0.001257
0.001410
0.000251
0.000668
0.000525
0.000603
0.000222
0.000255
0.000209
0.000144
0.000173
0.000243
0.000292
0.000126
0.000127
0.000174
0.000137
0.000098
0.000078
0.000068
0.000092
0.000086
0.000068
0.000071
0.000061
0.000056
0.000048
0.000049
0.000049
0.000053
0.000061
0.000074
0.000047
0.000044
0.000051
0.000054
0.000057
0.000051
0.000050
0.000045
0.000041
0.000043
0.000056
0.000061
0.000052
0.000038
0.000040
0.000056
0.000033
0.000048
0.000035
0.000039
0.000030
0.000046
0.000034
0.000035
0.000047
0.000051
0.000028
0.000041
0.000037
0.000036
0.000031
0.000032
0.000039
0.000036
0.000034
0.000042
0.000032
0.000033
0.000030
0.000028
0.000047
0.000019
0.000032
0.000038
0.000038
0.000030
0.000045
0.000028
0.000025
0.000022
0.000026
0.000022
0.000028
0.000019
0.000030
0.000030
0.000024
0.000023
0.000024
0.000027
0.000021
0.000028
0.000025
0.000049
0.000046
0.000037
0.000079
0.000038
0.000052
0.000035
0.000023
0.000025
0.000018
0.000021
0.000020
0.000017
0.000021
0.000025
0.000021
0.000020
0.000020
0.000029
0.000023
0.000021
0.000023
0.000015
0.000017
0.000017
0.000022
0.000018
0.000031
0.000019
0.000019
0.000017
0.000013
0.000017
0.000014
0.000015
0.000015
0.000020
0.000025
0.000015
0.000019
0.000012
0.000017
0.000015
0.000015
0.000019
0.000015
0.000011
0.000016
0.000013
0.000013
0.000014
0.000011
0.000015
0.000014
0.000015
0.000019
0.000026
0.000011
0.000022
0.000022
0.000020
0.000015
0.000014
0.000012
0.000016
0.000013
0.000015
0.000012
0.000011
0.000011
0.000013
0.000017
0.000011
0.000012
0.000012
0.000016
0.000010
0.000013
0.000021
0.000012
0.000016
0.000016
0.000017
0.000014
0.000016
0.000008
0.000009
0.000009
0.000011
0.000011
0.000013
0.000010
0.000011
0.000013
0.000010
0.000008
0.000008
0.000016
0.000013
0.000023
0.000015
0.000016
0.000015
0.000011
0.000011
