0.100184
0.064244
0.057429
0.054551
0.052232
0.051079
0.048926
0.044128
0.043176
0.039010
0.040883
0.038585
0.036164
0.031828
0.029411
0.030526
0.030833
0.031150
0.029020
0.027471
0.029002
0.022586
0.022170
0.022831
0.022815
0.023794
0.026052
0.020600
0.024544
0.023362
0.028773
0.023511
0.020507
0.017059
0.017238
0.014911
0.014835
0.014516
0.013057
0.013657
0.014438
0.014768
0.015259
0.014310
0.018528
0.013504
0.011225
0.010501
0.008741
0.008515
0.008956
0.008702
0.007483
0.008972
0.007393
0.007036
0.008150
0.008573
0.032921
0.021939
0.018803
0.014548
0.013382
0.009446
0.010091
0.009344
0.009315
0.010199
0.008792
0.006741
0.006541
0.008186
0.007153
0.005900
0.006209
0.004686
0.004353
0.004001
0.004011
0.003010
0.002679
0.003225
0.002737
0.002905
0.002657
0.002607
0.002928
0.002971
0.002051
0.001526
0.001304
0.001293
0.001135
0.000930
0.000735
0.000800
0.000684
0.000786
0.000945
0.000782
0.000741
0.000572
0.000586
0.000628
0.000408
0.000464
0.000492
0.000350
0.000483
0.000447
0.000448
0.000392
0.002455
0.001850
0.001463
0.000797
0.000880
0.000879
0.000744
0.000495
0.000418
0.000594
0.000713
0.002375
0.001349
0.001449
0.000732
0.001007
0.001334
0.001103
0.001280
0.001160
0.000767
0.000856
0.000651
0.000371
0.000364
0.000347
0.000291
0.000411
0.000312
0.000324
0.000280
0.000267
0.000198
0.000294
0.000187
0.000223
0.000139
0.000132
0.000121
0.000131
0.000106
0.000115
0.000160
0.000107
0.000105
0.000120
0.000118
0.000105
0.000096
0.000080
0.000089
0.000076
0.000079
0.000066
0.000071
0.000074
0.000074
0.000053
0.000070
0.000054
0.000060
0.000061
0.000058
0.000058
0.000049
0.000051
0.000055
0.000045
0.000075
0.000049
0.000041
0.000058
0.000045
0.000055
0.000054
0.000044
0.000045
0.000039
0.000043
0.000048
0.000037
0.000034
0.000047
0.000046
0.000046
0.000039
0.000028
0.000036
0.000031
0.000026
0.000030
0.000045
0.000038
0.000024
0.000031
0.000034
0.000033
0.000047
0.000042
0.000032
0.000024
0.000023
0.000041
0.000034
0.000029
0.000034
0.000028
0.000031
0.000031
0.000034
0.000035
0.000055
0.000026
0.000068
0.000030
0.000029
0.000033
0.000060
0.000037
0.000047
0.000033
0.000025
0.000031
0.000030
0.000022
0.000024
0.000021
0.000020
0.000020
0.000017
0.000018
0.000019
0.000026
0.000044
0.000027
0.000036
0.000021
0.000025
0.000024
0.000088
0.000035
0.000287
0.022544
0.043543
0.026396
0.027037
0.019070
0.013180
0.011290
0.016143
0.016171
0.026596
0.018779
0.016197
0.010252
0.006714
0.006724
0.004411
0.003465
0.003181
0.002263
0.002292
0.001796
0.001575
0.001287
0.001313
0.001353
0.000763
0.000862
0.000685
0.001003
0.001295
0.002056
0.002586
0.002594
0.002043
0.001909
0.001526
0.001057
0.001039
0.000782
0.000924
0.000569
0.000702
0.000584
0.000558
0.000572
0.000463
0.000453
0.000438
0.000371
0.000303
0.000277
0.000372
0.000234
0.000229
0.000301
0.000234
0.000199
0.000269
0.000203
0.000239
0.000254
0.000223
0.000205
0.000179
0.000190
0.000163
0.000178
0.000192
0.000150
0.000155
0.000136
0.000173
0.000167
0.000154
0.000149
0.000165
0.000235
0.000175
0.000144
0.000191
0.000289
0.000247
0.000153
0.000137
0.000180
0.000135
0.000177
0.000112
0.000118
0.000101
0.000090
0.000132
0.000091
0.000088
0.000076
0.000075
0.000111
0.000114
0.000082
0.000093
0.000102
0.000182
0.000116
0.000128
0.000076
0.000090
0.000086
0.000075
0.000077
0.000057
0.000064
0.000066
0.000085
0.000070
0.000073
0.000100
0.000064
0.000076
0.000057
0.000123
0.000133
0.000323
0.000266
0.000121
0.000178
0.000339
0.001097
0.007282
0.024254
0.015375
0.012370
0.009046
0.005884
0.009610
0.008088
0.004151
0.002584
0.003568
0.002589
0.002959
0.003145
0.002514
0.001895
0.001574
0.000891
0.000531
0.000727
0.000459
0.000329
0.000374
0.000312
0.000281
0.000216
0.000338
0.000218
0.000318
0.000180
0.000276
0.000300
0.000247
0.000256
0.000205
0.000185
0.000167
0.000155
0.000143
0.000135
0.000150
0.000136
0.000167
0.000137
0.000129
0.000172
0.000133
0.000149
0.000123
0.000125
0.000122
0.000091
0.000105
0.000132
0.000103
0.000145
0.000121
0.000195
0.000204
0.000123
0.000158
0.000113
0.000111
0.000121
0.000111
0.000095
0.000099
0.000081
0.000090
0.000076
0.000067
0.000090
0.000084
0.000077
0.000090
0.000120
0.000103
0.000077
0.000061
0.000060
0.000074
0.000091
0.000061
0.000072
0.000099
0.000060
0.000338
0.000373
0.000644
0.000675
0.001134
0.000506
0.001472
0.000907
0.000384
0.000753
0.000990
0.001536
0.000753
0.000972
0.001633
0.001065
0.000620
0.000967
0.000632
0.000527
0.000317
0.000285
0.000232
0.000134
0.000128
0.000142
0.000091
0.000122
0.000109
0.000091
0.000105
0.000071
0.000122
