0.125448
0.072869
0.069632
0.070392
0.068136
0.064768
0.065541
0.063252
0.061151
0.063128
0.057322
0.057999
0.056311
0.056967
0.049766
0.052571
0.049076
0.053025
0.048287
0.048300
0.047232
0.045194
0.043367
0.042724
0.043959
0.040125
0.041786
0.039773
0.043875
0.041475
0.039602
0.039237
0.038917
0.036142
0.038176
0.038114
0.038060
0.037139
0.038862
0.038459
0.039511
0.039220
0.038132
0.036288
0.039646
0.039727
0.041627
0.037968
0.038614
0.038227
0.038916
0.036044
0.039440
0.035399
0.038591
0.036383
0.036280
0.039610
0.034944
0.039324
0.038384
0.034883
0.036578
0.037503
0.035163
0.036022
0.034460
0.035838
0.035663
0.036439
0.033143
0.031663
0.033733
0.032346
0.034217
0.032209
0.036438
0.032656
0.033735
0.034412
0.032197
0.032906
0.031816
0.030855
0.031220
0.029899
0.029971
0.030363
0.031344
0.031439
0.031295
0.029765
0.030826
0.030308
0.026080
0.032991
0.027478
0.030190
0.031389
0.026271
0.027314
0.025476
0.027164
0.026378
0.024472
0.024627
0.025695
0.020740
0.023086
0.024309
0.023403
0.019485
0.021239
0.019524
0.021258
0.019453
0.018666
0.016458
0.017158
0.017411
0.017606
0.016600
0.015114
0.016537
0.018034
0.014972
0.014699
0.015542
0.014301
0.015782
0.013208
0.014317
0.015467
0.014866
0.016293
0.037480
0.021374
0.021343
0.018505
0.018011
0.019049
0.019072
0.020364
0.017555
0.017933
0.018869
0.017485
0.015917
0.014464
0.015909
