0.216867
0.228916
0.246988
0.246988
0.271084
0.277108
0.307229
0.379518
0.367470
0.524096
0.530120
0.524096
0.656627
0.692771
0.740964
0.698795
0.759036
0.819277
0.867470
0.855422
0.885542
0.885542
0.927711
0.945783
0.927711
0.945783
0.939759
0.951807
0.963855
0.945783
0.945783
0.957831
0.951807
0.951807
0.957831
0.951807
0.963855
0.975904
0.945783
0.963855
0.963855
0.957831
0.951807
0.957831
0.975904
0.963855
0.975904
0.963855
0.969880
0.981928
0.975904
0.975904
0.969880
0.981928
0.969880
0.957831
0.957831
0.957831
0.975904
0.969880
0.975904
0.981928
0.975904
0.975904
0.981928
0.969880
0.981928
0.957831
0.987952
0.981928
0.981928
0.987952
0.987952
0.987952
0.993976
0.987952
0.987952
0.987952
0.987952
0.987952
0.987952
0.993976
0.987952
0.981928
0.981928
0.987952
0.987952
0.987952
0.987952
0.987952
0.981928
0.981928
0.975904
0.975904
0.987952
0.987952
0.987952
0.987952
0.981928
0.993976
0.975904
0.969880
0.975904
0.963855
0.969880
0.987952
0.963855
0.981928
0.969880
0.951807
0.969880
0.975904
0.981928
0.969880
0.981928
0.987952
0.987952
0.981928
0.981928
0.975904
0.975904
0.963855
0.963855
0.963855
0.981928
0.981928
0.975904
0.975904
0.993976
0.987952
0.987952
0.987952
0.987952
0.981928
0.981928
0.981928
0.987952
0.975904
0.981928
0.987952
0.987952
0.987952
0.987952
0.987952
0.993976
0.987952
0.987952
0.987952
0.993976
0.993976
