0.064203
0.058084
0.057667
0.058007
0.057314
0.057841
0.056038
0.050619
0.050911
0.044861
0.041546
0.038724
0.032095
0.028854
0.028073
0.023733
0.020545
0.018119
0.013478
0.012968
0.013757
0.012814
0.007964
0.007655
0.007621
0.009873
0.008521
0.008436
0.008080
0.005411
0.006213
0.004419
0.005469
0.003936
0.003879
0.003994
0.005819
0.004092
0.003845
0.003748
0.004088
0.004554
0.003322
0.003034
0.002207
0.002494
0.002057
0.002410
0.002071
0.003158
0.002483
0.002146
0.002662
0.002586
0.002570
0.003204
0.004495
0.004125
0.002851
0.002164
0.002621
0.002386
0.002047
0.004590
0.003513
0.004350
0.002740
0.002810
0.001632
0.001825
0.001745
0.001920
0.001479
0.001515
0.001256
0.001209
0.001214
0.001514
0.001322
0.001443
0.001312
0.001134
0.000865
0.001658
0.001391
0.001158
0.001197
0.001136
0.001026
0.001532
0.001348
0.001530
0.001360
0.001302
0.001115
0.001574
0.001088
0.003598
0.001693
0.000947
0.001941
0.002166
0.002227
0.002713
0.005459
0.001228
0.002226
0.001645
0.002476
0.005671
0.002034
0.002848
0.001440
0.001547
0.001708
0.000935
0.000924
0.001306
0.001513
0.003445
0.004059
0.002604
0.003457
0.002698
0.002137
0.003031
0.001549
0.001594
0.001088
0.000904
0.000833
0.000960
0.000939
0.001385
0.001422
0.001569
0.000865
0.001016
0.000945
0.000843
0.000821
0.001398
0.000772
0.001357
0.000674
0.000855
0.000671
0.000804
0.000501
0.000995
