0.191137
0.124878
0.065480
0.064198
0.059683
0.060458
0.059983
0.060591
0.060322
0.060310
0.060378
0.060498
0.061085
0.057917
0.053807
0.052375
0.056739
0.054746
0.055696
0.051266
0.050956
0.055346
0.053298
0.056339
0.051652
0.052210
0.049282
0.050765
0.051374
0.051191
0.052423
0.048244
0.050409
0.050675
0.049145
0.050168
0.048774
0.048464
0.047128
0.045688
0.047296
0.049222
0.049074
0.048321
0.046560
0.046830
0.044826
0.049537
0.048114
0.047409
0.050233
0.048617
0.046017
0.046692
0.048476
0.045680
0.047637
0.046627
0.047390
0.046380
0.044717
0.052001
0.046659
0.047702
0.044009
0.045509
0.046335
0.046215
0.049789
0.046837
0.051608
0.045220
0.048538
0.044277
0.046549
0.044255
0.046249
0.047407
0.044997
0.047370
0.048092
0.050680
0.044202
0.047328
0.052367
0.047196
0.047678
0.050552
0.047353
0.044996
0.059371
0.047849
0.051558
0.047741
0.053517
0.051890
0.048614
0.061040
0.051259
0.050092
0.055870
0.053956
0.047168
0.045323
0.058129
0.050174
0.047215
0.046584
0.047882
0.045847
0.047642
0.045108
0.046945
0.046423
0.046791
0.042976
0.048194
0.046046
0.050672
0.047314
0.046113
0.045376
0.049117
0.049428
0.047523
0.047983
0.049142
0.047940
0.047292
0.049141
0.049362
0.047546
0.046316
0.046376
0.045803
0.049424
0.046563
0.045557
0.043871
0.046325
0.053999
0.048347
0.044806
0.048272
0.038423
0.053243
0.054122
0.053251
0.046596
0.065782
