0.316946
0.188152
0.217280
0.155147
0.138633
0.091971
0.097656
0.104103
0.086348
0.068713
0.062074
0.067365
0.065148
0.067624
0.065930
0.054830
0.050542
0.046671
0.043213
0.041618
0.035614
0.034428
0.035494
0.028452
0.021263
0.024406
0.024449
0.021488
0.020396
0.017226
0.015633
0.015674
0.010792
0.009127
0.009182
0.008125
0.006506
0.008850
0.009858
0.007123
0.006257
0.008011
0.004514
0.004121
0.006550
0.003402
0.007401
0.006743
0.004736
0.003773
0.002828
0.002692
0.003032
0.002249
0.002079
0.002669
0.002637
0.001762
0.003828
0.002559
0.003418
0.002392
0.003201
0.003855
0.003879
0.001520
0.001898
0.002196
0.001897
0.001822
0.001832
0.000983
0.001915
0.001300
0.002386
0.001023
0.001273
0.001375
0.001891
0.000568
0.001110
0.001610
0.000722
0.001528
0.001102
0.000536
0.000745
0.000836
0.000393
0.000575
0.000743
0.000562
0.000354
0.000826
0.000461
0.000695
0.000322
0.000642
0.000505
0.000448
0.000264
0.000349
0.000304
0.000241
0.000352
0.000290
0.000297
0.000251
0.000289
0.000283
0.000198
0.000228
0.000276
0.000247
0.000227
0.000215
0.000202
0.000184
0.000241
0.000183
0.000171
0.000157
0.000145
0.000231
0.000238
0.000171
0.000137
0.000184
0.000137
0.000170
0.000156
0.000142
0.000165
0.000186
0.000301
0.000140
0.000199
0.000200
0.000130
0.000111
0.000258
0.000154
0.000107
0.000075
0.000081
0.000103
0.000156
0.000148
0.000130
0.000183
