0.084118
0.071985
0.071203
0.071732
0.071640
0.071203
0.071670
0.070705
0.069449
0.070865
0.069244
0.068118
0.067716
0.066872
0.068646
0.068694
0.065486
0.064527
0.062877
0.064514
0.062009
0.063409
0.062781
0.059807
0.062838
0.060865
0.058723
0.057856
0.056813
0.054611
0.055980
0.054103
0.051662
0.048538
0.050504
0.049572
0.044330
0.045411
0.043483
0.044066
0.045680
0.045051
0.039241
0.041687
0.037683
0.038457
0.036553
0.036645
0.032884
0.032458
0.032165
0.035827
0.032617
0.032749
0.031811
0.031413
0.031162
0.031382
0.033540
0.031056
0.034332
0.031347
0.027913
0.029454
0.028082
0.028100
0.026853
0.028230
0.028138
0.027579
0.022536
0.024925
0.026072
0.024016
0.026067
0.026059
0.021848
0.025716
0.024141
0.024029
0.022413
0.024311
0.022069
0.023598
0.022584
0.023376
0.023032
0.020482
0.022077
0.019307
0.019439
0.020336
0.018326
0.015660
0.023855
0.018093
0.020030
0.018973
0.019356
0.017630
0.017058
0.015070
0.014193
0.013393
0.014921
0.016462
0.014380
0.013051
0.014217
0.011425
0.011916
0.012033
0.014194
0.009026
0.009807
0.006108
0.006913
0.007176
0.006766
0.007866
0.005918
0.008478
0.005348
0.005435
0.004058
0.004935
0.004093
0.004073
0.002786
0.003233
0.002662
0.001693
0.002333
0.002532
0.001723
0.001992
0.001692
0.002014
0.001786
0.002662
0.002147
0.001748
0.002472
0.001105
0.001501
0.001742
0.001417
0.000907
0.001257
0.001225
