0.072305
0.071670
0.071670
0.070839
0.070008
0.071089
0.070695
0.069036
0.069591
0.068552
0.069126
0.066501
0.066074
0.063278
0.063244
0.062448
0.061025
0.061067
0.060053
0.059690
0.057568
0.056527
0.053437
0.050642
0.053921
0.050149
0.049219
0.048309
0.044901
0.047614
0.044826
0.045476
0.043462
0.042433
0.040346
0.040467
0.038991
0.039545
0.037708
0.036920
0.036284
0.035981
0.034167
0.033128
0.031981
0.029649
0.028341
0.032420
0.028945
0.028198
0.027468
0.027754
0.021468
0.017389
0.018577
0.014184
0.015109
0.012692
0.013663
0.014096
0.015285
0.014073
0.009415
0.008395
0.010430
0.010273
0.009004
0.012080
0.009195
0.008740
0.010014
0.010317
0.011892
0.008810
0.007713
0.008149
0.006984
0.009179
0.005767
0.006064
0.008114
0.008640
0.006030
0.004927
0.004669
0.005721
0.004555
0.005042
0.006401
0.004781
0.004965
0.004335
0.004653
0.005529
0.005258
0.004252
0.006884
0.004344
0.005327
0.007038
0.004234
0.005341
0.005840
0.005635
0.004696
0.003920
0.004403
0.005254
0.004674
0.005684
0.004212
0.005537
0.003466
0.004351
0.004254
0.003352
0.003219
0.004082
0.003742
0.003454
0.003384
0.003059
0.003480
0.003251
0.004012
0.004166
0.003632
0.004121
0.003511
0.002758
0.002664
0.002862
0.003550
0.002691
0.003024
0.004699
0.003921
0.002852
0.003923
0.003030
0.003217
0.009981
0.002184
0.008129
0.002747
0.005084
0.007623
0.004004
0.009793
0.009824
