0.411831
0.271745
0.222004
0.215504
0.146799
0.126275
0.147828
0.132308
0.119734
0.109629
0.090376
0.075388
0.074901
0.061521
0.061402
0.072925
0.054578
0.045014
0.056180
0.050008
0.050121
0.050836
0.044589
0.039244
0.040288
0.038497
0.036604
0.034749
0.030585
0.037185
0.032665
0.036797
0.030144
0.034096
0.032230
0.033794
0.042665
0.026727
0.028597
0.026171
0.026657
0.029150
0.025063
0.025910
0.023824
0.026605
0.025788
0.023335
0.025745
0.025934
0.026645
0.024694
0.022931
0.024586
0.031373
0.026183
0.030919
0.022166
0.025386
0.027551
0.024342
0.026351
0.026346
0.020159
0.025468
0.016982
0.021711
0.019394
0.017670
0.015311
0.018672
0.019674
0.023987
0.016716
0.018664
0.019169
0.015475
0.014390
0.016767
0.016707
0.017659
0.015565
0.015105
0.020957
0.022075
0.022233
0.016911
0.019099
0.017474
0.016017
0.015702
0.015941
0.012951
0.016025
0.015379
0.014991
0.015740
0.016654
0.016681
0.011599
0.015680
0.010782
0.020570
0.011467
0.018758
0.012607
0.019270
0.011835
0.010964
0.014547
0.009150
0.014133
0.011747
0.016458
0.010549
0.013955
0.012449
0.011414
0.017433
0.012056
0.016610
0.010446
0.012735
0.012230
0.015576
0.013649
0.019225
0.014354
0.014945
0.021128
0.011829
0.012210
0.014077
0.009884
0.009935
0.010048
0.011330
0.008516
0.013116
0.010714
0.012057
0.011706
0.009404
0.015746
0.011478
0.009619
0.014630
0.009923
0.015327
0.006951
