0.202130
0.173442
0.089642
0.071640
0.071670
0.071670
0.071670
0.071670
0.071670
0.071670
0.071670
0.071670
0.071670
0.071670
0.071670
0.071670
0.071670
0.071670
0.071670
0.071670
0.071670
0.071670
0.071203
0.071203
0.070848
0.071249
0.069449
0.069904
0.069223
0.070034
0.068423
0.069111
0.067133
0.066558
0.064880
0.064800
0.066941
0.063775
0.066464
0.062146
0.064699
0.064204
0.063455
0.063329
0.063211
0.061193
0.062302
0.061098
0.061058
0.060136
0.062137
0.060003
0.061698
0.060767
0.059684
0.058156
0.059543
0.058838
0.059172
0.057103
0.054984
0.057190
0.057630
0.057069
0.054021
0.055244
0.054707
0.056007
0.052952
0.056934
0.050780
0.053059
0.057129
0.054879
0.052288
0.053546
0.054179
0.054347
0.053539
0.054529
0.052120
0.054419
0.052224
0.051051
0.052344
0.053205
0.051183
0.050585
0.048518
0.049869
0.050375
0.049262
0.047918
0.052688
0.050864
0.053564
0.050766
0.048967
0.049113
0.047988
0.049993
0.045357
0.047322
0.047957
0.045856
0.041348
0.042482
0.037335
0.044477
0.049931
0.044648
0.048365
0.051670
0.049602
0.054518
0.043186
0.039395
0.036145
0.034619
0.040464
0.036644
0.047527
0.037404
0.039827
0.042358
0.037853
0.041849
0.035166
0.031538
0.036449
0.030866
0.035140
0.030410
0.030695
0.029337
0.029537
0.027158
0.027628
0.026974
0.027439
0.027908
0.030552
0.023886
0.024822
0.025677
0.022324
0.026582
0.023455
0.020911
0.024724
