0.071944
0.071670
0.071670
0.071670
0.071670
0.070996
0.072942
0.069025
0.068368
0.069533
0.066358
0.066075
0.068018
0.067905
0.064031
0.063311
0.064417
0.060567
0.059739
0.060789
0.063081
0.061149
0.057753
0.057641
0.057477
0.058358
0.060209
0.055929
0.056862
0.054259
0.057993
0.056981
0.056350
0.057258
0.052766
0.052435
0.052650
0.052370
0.050568
0.052014
0.050471
0.049641
0.050960
0.049925
0.052763
0.052123
0.048561
0.047529
0.046411
0.048358
0.047155
0.046416
0.047179
0.041298
0.045759
0.043134
0.046022
0.044342
0.041902
0.039565
0.040725
0.039574
0.040902
0.040611
0.040807
0.040680
0.044388
0.039625
0.040623
0.038674
0.038785
0.039488
0.034760
0.034356
0.032999
0.034847
0.034608
0.035402
0.033840
0.034506
0.031499
0.031743
0.032927
0.031612
0.030122
0.030441
0.027824
0.029776
0.026969
0.029729
0.028702
0.026989
0.026567
0.028082
0.025734
0.025655
0.023690
0.024195
0.023785
0.024552
0.026027
0.024868
0.024668
0.021736
0.021389
0.019851
0.019499
0.022526
0.021248
0.022511
0.020475
0.022121
0.020113
0.018816
0.019677
0.020696
0.017019
0.017004
0.016278
0.016009
0.017089
0.017145
0.015607
0.012777
0.015415
0.015424
0.015604
0.015323
0.015413
0.015045
0.015910
0.016417
0.014787
0.016551
0.013975
0.015424
0.012895
0.012704
0.011213
0.019639
0.014239
0.011501
0.005689
0.011048
0.012640
0.011299
0.007310
0.005807
0.005391
0.005424
