0.226636
0.149053
0.080627
0.068869
0.068603
0.065396
0.061578
0.061876
0.062825
0.062823
0.059426
0.062963
0.060489
0.061012
0.061670
0.058901
0.059145
0.058203
0.057051
0.054091
0.056378
0.052446
0.048938
0.052550
0.052669
0.051450
0.051646
0.047524
0.047762
0.046739
0.047118
0.047373
0.043967
0.044800
0.043938
0.041561
0.044351
0.042775
0.039491
0.040499
0.042582
0.037649
0.041762
0.039967
0.037330
0.038966
0.037572
0.038357
0.040585
0.036420
0.038279
0.033254
0.034367
0.036572
0.036220
0.034320
0.037533
0.037279
0.039367
0.036676
0.035826
0.034336
0.036846
0.035118
0.032014
0.036707
0.035499
0.030571
0.032434
0.028874
0.032601
0.032637
0.035133
0.032785
0.031438
0.031073
0.052792
0.040529
0.052296
0.040935
0.038723
0.039377
0.032797
0.033653
0.028728
0.034533
0.035287
0.030666
0.029597
0.028243
0.028287
0.031095
0.030912
0.031518
0.028672
0.030201
0.025872
0.029597
0.023304
0.025651
0.025339
0.027525
0.023998
0.027936
0.022019
0.023928
0.026678
0.024193
0.022961
0.025516
0.023615
0.025414
0.021781
0.024523
0.025170
0.023880
0.034106
0.020168
0.023597
0.021912
0.026597
0.021663
0.022513
0.022187
0.017432
0.016148
0.013811
0.010778
0.012690
0.012132
0.014004
0.012981
0.010754
0.014521
0.014393
0.010430
0.013078
0.013268
0.010781
0.011547
0.014963
0.012271
0.009990
0.017837
0.012010
0.009060
0.010604
0.008866
0.011886
0.010664
