0.538559
0.472629
0.248079
0.179701
0.129932
0.098174
0.059075
0.052819
0.049642
0.047454
0.044083
0.041235
0.040599
0.039722
0.043885
0.040135
0.043099
0.042121
0.041435
0.046247
0.042504
0.053418
0.045355
0.046558
0.047798
0.048797
0.047361
0.044922
0.042695
0.043885
0.042195
0.040010
0.041640
0.040543
0.040925
0.040917
0.038403
0.038007
0.039259
0.039005
0.041307
0.037669
0.039164
0.039976
0.038866
0.038480
0.041989
0.038706
0.036058
0.039100
0.039647
0.038873
0.039209
0.039380
0.038621
0.039816
0.038932
0.039388
0.037825
0.039568
0.038180
0.039528
0.038487
0.038970
0.037021
0.037516
0.037032
0.039445
0.038160
0.035340
0.038994
0.037140
0.034514
0.038668
0.036868
0.035589
0.038283
0.034949
0.036134
0.037128
0.037779
0.038820
0.035904
0.037872
0.036349
0.036859
0.035900
0.035627
0.035985
0.034341
0.035228
0.037529
0.037763
0.039568
0.038053
0.039213
0.038163
0.037976
0.038242
0.036093
0.036948
0.037040
0.038759
0.036722
0.034297
0.037557
0.036428
0.036726
0.036120
0.036273
0.038255
0.034992
0.036335
0.038580
0.037742
0.040589
0.043050
0.044128
0.048034
0.048249
0.050732
0.048881
0.052671
0.052350
0.050464
0.050075
0.051760
0.049938
0.050365
0.049309
0.050763
0.049437
0.049402
0.049838
0.048559
0.050369
0.050498
0.048346
0.050937
0.050161
0.049060
0.050003
0.050474
0.048283
0.048287
0.048457
0.048805
0.048579
0.046964
0.046793
