0.087049
0.073364
0.071203
0.071670
0.071670
0.071670
0.071950
0.071089
0.071089
0.070331
0.069244
0.069177
0.069484
0.068117
0.066661
0.067559
0.065249
0.066130
0.064473
0.062407
0.063455
0.060414
0.062915
0.057202
0.055102
0.058865
0.059292
0.058165
0.059346
0.055566
0.055174
0.055811
0.055775
0.055825
0.052957
0.052304
0.054627
0.052091
0.052119
0.051150
0.055383
0.054387
0.048846
0.048916
0.050258
0.048033
0.046552
0.047916
0.047288
0.046153
0.045231
0.043657
0.042466
0.043388
0.041962
0.043493
0.043097
0.044825
0.039891
0.040910
0.041558
0.041566
0.042062
0.042163
0.039846
0.040855
0.040219
0.041415
0.044078
0.039245
0.065788
0.043904
0.045137
0.047037
0.039929
0.035652
0.043727
0.038501
0.039166
0.039911
0.040707
0.044485
0.039786
0.034943
0.029768
0.036576
0.033173
0.036390
0.037568
0.035099
0.035170
0.035000
0.037595
0.040042
0.044679
0.038186
0.034343
0.032566
0.032119
0.030319
0.032096
0.030544
0.034996
0.029880
0.029911
0.029072
0.024876
0.028173
0.021489
0.027219
0.022388
0.024928
0.021041
0.022172
0.020816
0.021610
0.022578
0.014832
0.015669
0.018132
0.026825
0.018029
0.013890
0.014604
0.016282
0.018555
0.014724
0.017212
0.014772
0.022962
0.020544
0.022752
0.020974
0.028703
0.033678
0.020927
0.015052
0.015149
0.017225
0.017421
0.015367
0.023038
0.022751
0.020217
0.020477
0.030204
0.035834
0.034484
0.031118
0.032044
