0.227537
0.092236
0.074041
0.069904
0.071203
0.071670
0.071670
0.071172
0.070305
0.070725
0.069230
0.070534
0.070016
0.068614
0.069471
0.068955
0.069583
0.068271
0.067139
0.069130
0.068495
0.067685
0.065793
0.067403
0.066469
0.066159
0.063416
0.067608
0.063322
0.065362
0.065537
0.062520
0.063313
0.064275
0.062292
0.059784
0.060519
0.061227
0.061298
0.062075
0.058506
0.060972
0.060520
0.060662
0.058747
0.061484
0.060527
0.060553
0.061101
0.058393
0.057280
0.059775
0.058002
0.058366
0.056481
0.055795
0.056726
0.056826
0.055599
0.057380
0.057742
0.056782
0.055858
0.057167
0.058307
0.054965
0.055351
0.056122
0.055062
0.055002
0.053864
0.052286
0.054359
0.055635
0.053565
0.053418
0.051290
0.054727
0.052071
0.052101
0.052632
0.051558
0.052521
0.048004
0.053509
0.054690
0.050256
0.046737
0.048252
0.047935
0.050564
0.048042
0.047824
0.045849
0.046598
0.046385
0.046020
0.046198
0.045456
0.043474
0.045385
0.046045
0.049231
0.045425
0.047212
0.044772
0.045001
0.045636
0.043349
0.042582
0.042329
0.041775
0.042460
0.042600
0.041905
0.042269
0.040514
0.040798
0.040741
0.040207
0.039070
0.041370
0.034160
0.039456
0.036262
0.034948
0.035709
0.035147
0.036424
0.034215
0.032183
0.028711
0.030426
0.029989
0.027508
0.026420
0.026810
0.034185
0.029384
0.027829
0.025244
0.025643
0.027020
0.027150
0.025738
0.023490
0.024421
0.021821
0.026475
0.025470
