0.320968
0.233019
0.145047
0.143293
0.157867
0.122477
0.091986
0.099985
0.105310
0.093261
0.082874
0.076596
0.074182
0.070693
0.058612
0.062713
0.067733
0.068516
0.060922
0.059249
0.054297
0.053194
0.056998
0.055304
0.050085
0.046088
0.041429
0.039244
0.044425
0.044999
0.043912
0.040607
0.040807
0.044455
0.042830
0.041844
0.034172
0.029967
0.034333
0.032217
0.034533
0.027592
0.026817
0.026211
0.030613
0.024461
0.021821
0.024862
0.022768
0.021908
0.021629
0.018585
0.022304
0.019149
0.017507
0.018227
0.017914
0.016478
0.015497
0.011258
0.013213
0.010426
0.010959
0.013822
0.012270
0.010270
0.009339
0.009756
0.008986
0.006569
0.007276
0.007576
0.007249
0.005683
0.005662
0.005997
0.004636
0.005412
0.004629
0.003062
0.005878
0.003971
0.003575
0.004775
0.003457
0.005447
0.003512
0.004027
0.003407
0.004433
0.002639
0.003476
0.003153
0.003027
0.003101
0.002488
0.002980
0.002244
0.002472
0.002114
0.002392
0.002491
0.002003
0.001809
0.001663
0.001439
0.001565
0.001381
0.001456
0.001367
0.001600
0.001380
0.001587
0.001632
0.001358
0.001394
0.001031
0.001311
0.001165
0.001411
0.001184
0.001218
0.001218
0.001176
0.001274
0.000840
0.000875
0.000988
0.000902
0.000924
0.001165
0.000918
0.000860
0.000827
0.000661
0.000696
0.000905
0.000824
0.000654
0.000927
0.000831
0.000826
0.000563
0.000599
0.000463
0.000542
0.000505
0.000451
0.000579
0.000636
