0.081559
0.071670
0.074041
0.066918
0.068131
0.064796
0.063723
0.065958
0.063577
0.061998
0.060470
0.062078
0.060070
0.061517
0.058341
0.058868
0.056506
0.054315
0.058567
0.056318
0.056334
0.055142
0.055577
0.053617
0.054301
0.055863
0.053328
0.050188
0.054348
0.053457
0.054007
0.052933
0.054022
0.053138
0.049229
0.052025
0.049968
0.050220
0.052004
0.047778
0.050617
0.048912
0.048967
0.049309
0.053181
0.048022
0.049533
0.052456
0.052152
0.051068
0.049970
0.048858
0.048458
0.047849
0.046180
0.045279
0.046235
0.045877
0.042748
0.043887
0.043556
0.044156
0.044380
0.043720
0.041963
0.044208
0.045369
0.046574
0.044927
0.043090
0.044129
0.042894
0.041801
0.045506
0.044255
0.042280
0.043355
0.041627
0.038317
0.043364
0.041693
0.039725
0.042642
0.041434
0.043165
0.041903
0.038638
0.041222
0.041896
0.040464
0.036564
0.037571
0.037462
0.040342
0.036288
0.037531
0.034599
0.034106
0.034987
0.035887
0.035777
0.034577
0.033964
0.033520
0.028103
0.030132
0.026887
0.027614
0.025963
0.023639
0.025442
0.024427
0.026120
0.029323
0.021165
0.024682
0.015821
0.017769
0.016852
0.015774
0.019106
0.015114
0.017599
0.013103
0.016180
0.013295
0.015946
0.013036
0.020276
0.015025
0.015236
0.014795
0.014403
0.013328
0.012830
0.010836
0.011214
0.007417
0.010240
0.007873
0.007815
0.008712
0.008776
0.008964
0.007209
0.007377
0.005653
0.005826
0.006005
0.006637
