0.164520
0.097354
0.073238
0.070956
0.070996
0.070602
0.069821
0.069235
0.065296
0.065223
0.066400
0.061049
0.063349
0.056683
0.055513
0.053896
0.053251
0.053457
0.052320
0.050882
0.054289
0.049235
0.052212
0.054031
0.046386
0.043940
0.045364
0.056029
0.045741
0.046488
0.049716
0.043612
0.045579
0.053959
0.048303
0.046152
0.040663
0.041920
0.042027
0.043799
0.043217
0.040843
0.045369
0.044422
0.038926
0.045986
0.036887
0.035080
0.047351
0.037035
0.034983
0.039858
0.032607
0.037771
0.035975
0.033793
0.030284
0.029561
0.031743
0.031149
0.028595
0.028071
0.028364
0.031394
0.032150
0.026736
0.027773
0.026934
0.030518
0.025220
0.026609
0.025323
0.028278
0.027677
0.028734
0.028493
0.022623
0.028684
0.029087
0.022877
0.022405
0.023408
0.022387
0.024061
0.022224
0.024779
0.022406
0.024012
0.018269
0.024015
0.016433
0.022381
0.021766
0.019818
0.019575
0.017663
0.017230
0.014357
0.016710
0.014845
0.014856
0.007490
0.022981
0.013501
0.014346
0.014501
0.016389
0.016203
0.023104
0.010184
0.015313
0.015337
0.009465
0.012612
0.007654
0.008324
0.008316
0.002780
0.006361
0.002704
0.005382
0.002467
0.004546
0.002455
0.004334
0.001392
0.002221
0.000963
0.002178
0.002608
0.000951
0.000837
0.001038
0.000720
0.001506
0.002600
0.000776
0.001591
0.001075
0.001996
0.000601
0.001212
0.001001
0.000817
0.000690
0.000744
0.000665
0.001019
0.000612
0.002745
