0.082820
0.072947
0.071364
0.072632
0.071435
0.070539
0.068240
0.070388
0.069243
0.067070
0.065433
0.067345
0.067143
0.065924
0.065675
0.064506
0.065196
0.063729
0.060575
0.062029
0.056162
0.055781
0.052877
0.054675
0.056179
0.058184
0.054053
0.059334
0.055766
0.048799
0.050280
0.055435
0.055508
0.053879
0.052445
0.052031
0.052926
0.052547
0.050531
0.047807
0.050389
0.048703
0.049032
0.049053
0.048036
0.048096
0.045332
0.053492
0.051118
0.045418
0.051316
0.037613
0.043295
0.044884
0.044660
0.047183
0.046629
0.039598
0.038016
0.039806
0.040106
0.041394
0.041074
0.040756
0.037707
0.040643
0.041333
0.041301
0.038405
0.039160
0.039218
0.037239
0.039309
0.036624
0.037020
0.037562
0.034940
0.034362
0.034752
0.038604
0.034178
0.044435
0.031207
0.033762
0.030072
0.031026
0.030120
0.030985
0.031558
0.029470
0.033940
0.036042
0.033051
0.022775
0.029090
0.029288
0.023820
0.026675
0.025757
0.021089
0.022407
0.027578
0.024745
0.025344
0.032437
0.026774
0.025647
0.026991
0.029056
0.024133
0.022877
0.017913
0.020859
0.022433
0.024338
0.020568
0.022300
0.022003
0.019252
0.018329
0.017141
0.014721
0.017138
0.016542
0.015960
0.017181
0.012191
0.014342
0.016987
0.020335
0.013368
0.011919
0.015018
0.020810
0.016260
0.020662
0.020032
0.020603
0.021900
0.028182
0.025505
0.023941
0.018695
0.021434
0.015486
0.020742
0.014527
0.017362
0.017090
0.014130
