0.081497
0.072173
0.068312
0.068302
0.068613
0.067818
0.064965
0.066514
0.065384
0.066927
0.062308
0.066963
0.058238
0.061399
0.062743
0.061548
0.059785
0.060046
0.060606
0.058960
0.055346
0.057627
0.054925
0.056863
0.056987
0.058171
0.054098
0.053441
0.056962
0.053614
0.052837
0.051296
0.055008
0.056246
0.053916
0.055085
0.049926
0.049820
0.047585
0.046940
0.052479
0.047439
0.048523
0.048012
0.052059
0.051769
0.050481
0.050665
0.046760
0.045172
0.046104
0.043182
0.041585
0.044638
0.050854
0.048208
0.045820
0.044894
0.044640
0.036651
0.043905
0.038749
0.044231
0.040841
0.043260
0.036786
0.040792
0.038151
0.038341
0.042077
0.037213
0.035729
0.034848
0.040060
0.033417
0.037446
0.034592
0.036065
0.039290
0.044235
0.043292
0.044746
0.037012
0.036631
0.037577
0.038386
0.039111
0.040694
0.039998
0.039840
0.041948
0.031455
0.035733
0.035527
0.034725
0.036527
0.033374
0.034436
0.033616
0.029270
0.034680
0.031212
0.029251
0.027102
0.030951
0.024297
0.028907
0.028666
0.026790
0.031367
0.030663
0.029412
0.036412
0.032255
0.037080
0.022568
0.027338
0.022285
0.023181
0.020255
0.025947
0.023127
0.024693
0.025277
0.026541
0.021504
0.021017
0.024715
0.025756
0.016206
0.019852
0.021498
0.023043
0.016122
0.014824
0.013761
0.019058
0.015606
0.017091
0.016056
0.012772
0.017254
0.019961
0.021772
0.030744
0.018735
0.022385
0.026194
0.022958
0.020465
