0.121204
0.085715
0.074632
0.071681
0.070813
0.058132
0.058494
0.053668
0.053471
0.050861
0.045504
0.047055
0.044693
0.044757
0.046473
0.039584
0.041943
0.040683
0.038158
0.038733
0.039294
0.039297
0.038980
0.035855
0.034897
0.034404
0.035510
0.035463
0.036304
0.032780
0.036190
0.033607
0.035154
0.036560
0.032560
0.031463
0.033094
0.029633
0.030212
0.031319
0.030879
0.031220
0.031990
0.030647
0.031262
0.029998
0.027594
0.032899
0.030567
0.028895
0.026738
0.027003
0.027849
0.028131
0.025908
0.026414
0.025624
0.023357
0.024624
0.028659
0.024990
0.022857
0.023492
0.024742
0.022404
0.023618
0.021447
0.021838
0.021382
0.020147
0.019009
0.018873
0.018403
0.018206
0.020745
0.017656
0.017173
0.016444
0.016876
0.017246
0.015243
0.014065
0.015391
0.015508
0.013934
0.014185
0.014343
0.013591
0.013898
0.013889
0.014382
0.012712
0.012612
0.012918
0.012900
0.012408
0.012300
0.012849
0.012940
0.012820
0.012685
0.011568
0.012379
0.012776
0.013213
0.011628
0.011068
0.012149
0.012725
0.011143
0.010772
0.012732
0.010203
0.010958
0.011671
0.010637
0.010333
0.011522
0.010086
0.010531
0.010803
0.010949
0.010554
0.009159
0.009202
0.010723
0.010012
0.011855
0.011309
0.010290
0.008996
0.009196
0.009708
0.009375
0.009514
0.009521
0.008856
0.008690
0.009163
0.008495
0.008911
0.009596
0.010124
0.008528
0.006659
0.008060
0.009028
0.007766
0.007613
0.009086
