0.130740
0.107061
0.078793
0.083284
0.072570
0.067021
0.062405
0.050977
0.043681
0.046984
0.046881
0.042043
0.042877
0.038539
0.037341
0.036634
0.035399
0.039204
0.036562
0.033901
0.032778
0.033184
0.033682
0.031210
0.029816
0.032471
0.032385
0.029671
0.029868
0.030819
0.032849
0.031014
0.031674
0.031813
0.031177
0.032605
0.028659
0.029681
0.031651
0.029779
0.030060
0.028717
0.027375
0.025637
0.026534
0.026124
0.025622
0.024624
0.023081
0.023297
0.023134
0.023085
0.023349
0.022472
0.022682
0.023930
0.021847
0.020504
0.022539
0.021865
0.022244
0.019954
0.021709
0.019851
0.020171
0.018564
0.018295
0.020645
0.018500
0.019215
0.019643
0.019464
0.019576
0.019999
0.019213
0.016304
0.017687
0.016292
0.016851
0.017660
0.017403
0.016886
0.017691
0.017343
0.016431
0.016529
0.015637
0.014998
0.016183
0.016214
0.014985
0.015360
0.013680
0.014613
0.013663
0.014256
0.015522
0.014323
0.014741
0.013850
0.013273
0.014396
0.013685
0.013982
0.014570
0.012938
0.013184
0.012627
0.012896
0.012761
0.012886
0.015003
0.013050
0.012801
0.014241
0.013286
0.012640
0.012768
0.011573
0.013642
0.011944
0.011331
0.011530
0.012141
0.010975
0.011608
0.011540
0.011157
0.011747
0.009388
0.011197
0.012568
0.011054
0.011845
0.012029
0.010273
0.010147
0.010451
0.010274
0.010079
0.009782
0.009278
0.010328
0.009519
0.010951
0.009670
0.009788
0.010058
0.010061
0.009578
