0.142213
0.073998
0.074746
0.072766
0.072926
0.070960
0.069499
0.070939
0.067835
0.067449
0.067287
0.066849
0.063582
0.063171
0.058868
0.064231
0.061671
0.063001
0.062018
0.060162
0.059537
0.059993
0.058428
0.060124
0.058773
0.057367
0.055660
0.059245
0.053332
0.053407
0.054588
0.052900
0.049820
0.051505
0.048411
0.048864
0.050930
0.045650
0.044639
0.044844
0.042288
0.042418
0.045078
0.040681
0.044061
0.043956
0.041986
0.040003
0.039647
0.037995
0.033341
0.036815
0.034708
0.033009
0.032300
0.030883
0.033015
0.028095
0.027107
0.026928
0.025943
0.025649
0.025956
0.022967
0.023322
0.021149
0.023716
0.021360
0.023671
0.020899
0.018744
0.019899
0.017022
0.016722
0.018134
0.017917
0.015809
0.018867
0.016188
0.018328
0.027789
0.015874
0.012224
0.013128
0.015329
0.012205
0.015299
0.013867
0.012167
0.020161
0.015872
0.013615
0.010446
0.013515
0.008142
0.009279
0.012174
0.009710
0.008386
0.009124
0.008871
0.008620
0.009146
0.008120
0.014548
0.012517
0.006891
0.010895
0.007065
0.009402
0.008814
0.015196
0.014007
0.005269
0.008628
0.008109
0.007726
0.007094
0.006346
0.004883
0.003138
0.006561
0.005192
0.006167
0.004784
0.003785
0.003410
0.003798
0.004683
0.008140
0.004519
0.004470
0.003361
0.007313
0.005456
0.009578
0.005371
0.006049
0.006828
0.002369
0.004454
0.005389
0.006075
0.004547
0.002302
0.006508
0.002566
0.004503
0.003771
0.000567
