0.082728
0.072476
0.071828
0.071670
0.071670
0.071399
0.070637
0.070637
0.070549
0.069386
0.066988
0.065370
0.064373
0.062477
0.062656
0.064887
0.064319
0.058667
0.061866
0.059132
0.057092
0.058388
0.061961
0.059494
0.056056
0.053960
0.055735
0.054801
0.051809
0.053236
0.056186
0.053229
0.054804
0.050960
0.047966
0.051480
0.048150
0.049441
0.048135
0.044389
0.042210
0.045185
0.045166
0.044197
0.038216
0.040464
0.039246
0.036809
0.039664
0.038303
0.041422
0.034716
0.031574
0.038582
0.030855
0.039507
0.031856
0.034673
0.032369
0.035145
0.034013
0.035806
0.032845
0.030176
0.029748
0.028016
0.026346
0.025456
0.027138
0.029343
0.024829
0.025664
0.021484
0.019758
0.018934
0.015941
0.016124
0.021784
0.017324
0.015613
0.013717
0.015690
0.012134
0.014277
0.014084
0.009389
0.012224
0.014610
0.016858
0.011949
0.013246
0.016763
0.011530
0.013618
0.012106
0.014187
0.013997
0.012530
0.012839
0.008697
0.010736
0.012246
0.007558
0.007174
0.007075
0.007816
0.007490
0.007049
0.004327
0.003499
0.003661
0.005480
0.004425
0.005052
0.006659
0.003116
0.005448
0.005056
0.002375
0.007167
0.004865
0.006934
0.003792
0.006653
0.004001
0.007100
0.008087
0.007714
0.004047
0.012928
0.005105
0.007660
0.006335
0.002726
0.009569
0.004990
0.009135
0.003177
0.010419
0.005969
0.004749
0.005790
0.004531
0.004408
0.010295
0.003215
0.003485
0.007848
0.003364
0.002470
