0.066043
0.061219
0.064629
0.061721
0.060924
0.060381
0.062420
0.063241
0.061240
0.060494
0.060559
0.058941
0.059460
0.055068
0.057266
0.055002
0.055118
0.058856
0.054090
0.051870
0.054070
0.052651
0.052354
0.054596
0.051275
0.045486
0.047386
0.051605
0.046348
0.048707
0.047168
0.046804
0.047665
0.050115
0.047480
0.050332
0.043940
0.043882
0.040421
0.038868
0.036602
0.037195
0.038054
0.035728
0.037935
0.036310
0.035506
0.036684
0.036747
0.033924
0.031014
0.031606
0.030971
0.028317
0.027585
0.026708
0.027899
0.028566
0.030567
0.028502
0.027624
0.026239
0.028215
0.023525
0.025675
0.023923
0.022341
0.021780
0.020576
0.022846
0.020533
0.024422
0.019188
0.021454
0.020085
0.017759
0.021684
0.018186
0.016481
0.015461
0.017589
0.017845
0.014578
0.016602
0.017301
0.015830
0.013762
0.013334
0.015754
0.013092
0.011567
0.010832
0.015004
0.013765
0.012912
0.012814
0.010215
0.011158
0.013580
0.010344
0.015573
0.017532
0.013108
0.010240
0.013360
0.012356
0.010765
0.011939
0.014628
0.012641
0.010713
0.010368
0.012422
0.008988
0.012426
0.011598
0.010806
0.009440
0.008524
0.008806
0.012112
0.009667
0.010652
0.013244
0.010342
0.011613
0.009864
0.010619
0.009684
0.008210
0.009408
0.008930
0.011270
0.008495
0.006610
0.006913
0.008464
0.008994
0.008278
0.007938
0.006655
0.006562
0.007283
0.006284
0.010244
0.006180
0.007731
0.006142
0.006446
0.006519
