0.246030
0.222458
0.079666
0.071128
0.077011
0.071802
0.071670
0.071670
0.071670
0.071670
0.071670
0.071670
0.070839
0.070411
0.077550
0.071540
0.070371
0.071670
0.071670
0.070254
0.071153
0.071880
0.068062
0.068315
0.069832
0.070843
0.070357
0.068628
0.069893
0.070004
0.068495
0.068637
0.069115
0.068559
0.068163
0.069912
0.066892
0.064712
0.065827
0.066709
0.067949
0.067905
0.066507
0.066768
0.066574
0.064554
0.065847
0.063305
0.063397
0.064608
0.065252
0.063115
0.062050
0.062186
0.063225
0.061003
0.060052
0.060486
0.061859
0.060418
0.061116
0.061033
0.059017
0.061240
0.058747
0.057002
0.058045
0.058122
0.057328
0.058225
0.059082
0.060831
0.060135
0.057570
0.058602
0.056413
0.055726
0.054415
0.054086
0.057074
0.055151
0.056128
0.056861
0.054404
0.054300
0.054734
0.053519
0.051951
0.051291
0.050680
0.052388
0.054131
0.052734
0.052296
0.053054
0.050806
0.052774
0.050804
0.052669
0.053242
0.052848
0.054141
0.050577
0.048065
0.050992
0.047785
0.048686
0.066419
0.046616
0.063128
0.056868
0.057387
0.058442
0.055297
0.052118
0.063452
0.057245
0.055855
0.051467
0.052855
0.049652
0.049684
0.046064
0.047594
0.044813
0.041485
0.043176
0.041272
0.045055
0.042464
0.041353
0.041548
0.034389
0.038298
0.038822
0.039567
0.038306
0.037001
0.038086
0.034682
0.033503
0.038730
0.035586
0.035657
0.034823
0.041367
0.033670
0.032377
0.033426
0.030890
