0.360155
0.159045
0.152054
0.159676
0.109590
0.089679
0.100430
0.081465
0.077994
0.073296
0.082779
0.078006
0.071720
0.073781
0.062354
0.054625
0.059398
0.059672
0.050989
0.064854
0.060273
0.059394
0.050769
0.048370
0.047212
0.050966
0.053281
0.042225
0.040062
0.046661
0.042263
0.044933
0.046533
0.042371
0.041132
0.037860
0.032605
0.032544
0.033361
0.029856
0.031114
0.030574
0.024038
0.022919
0.027995
0.028539
0.030020
0.027070
0.023580
0.027764
0.022385
0.027011
0.022253
0.017794
0.021789
0.016523
0.021455
0.018884
0.015467
0.014935
0.014588
0.013538
0.014669
0.011590
0.012838
0.017549
0.014494
0.015304
0.012594
0.012002
0.008029
0.009961
0.010911
0.009112
0.009582
0.006255
0.007193
0.008418
0.007910
0.005093
0.006993
0.008037
0.006679
0.005148
0.006315
0.006232
0.005129
0.007146
0.005089
0.005050
0.005355
0.005003
0.003859
0.004306
0.005125
0.004227
0.006278
0.003986
0.005743
0.004880
0.002886
0.003345
0.003393
0.003961
0.003788
0.003317
0.004238
0.005298
0.001992
0.002470
0.002300
0.001286
0.002177
0.001524
0.001699
0.002530
0.001757
0.001155
0.003120
0.001957
0.002819
0.003788
0.001886
0.002282
0.001879
0.000870
0.002307
0.001525
0.001736
0.001403
0.001753
0.000810
0.000617
0.000989
0.000448
0.000637
0.000642
0.000453
0.001153
0.000508
0.001034
0.000463
0.001159
0.000740
0.000381
0.000701
0.000440
0.000774
0.000653
0.000299
