0.094933
0.076783
0.067944
0.066650
0.067257
0.068147
0.068053
0.065437
0.063544
0.060171
0.063325
0.062030
0.061570
0.056022
0.054289
0.057272
0.056477
0.052275
0.056059
0.052455
0.048319
0.050002
0.050045
0.051596
0.048968
0.046747
0.047042
0.041358
0.043663
0.041932
0.041271
0.041182
0.040455
0.043629
0.039237
0.038382
0.034920
0.033846
0.035992
0.033053
0.033926
0.030652
0.026776
0.027871
0.024108
0.024634
0.022994
0.024581
0.029176
0.016194
0.021582
0.019379
0.020357
0.028599
0.012946
0.018097
0.020616
0.013160
0.015672
0.020377
0.012378
0.013923
0.012082
0.012683
0.011732
0.006568
0.008654
0.007891
0.007647
0.014258
0.004333
0.003888
0.004608
0.005390
0.002754
0.004181
0.003438
0.003180
0.003590
0.005366
0.003475
0.002450
0.002061
0.002436
0.002610
0.001752
0.001079
0.001171
0.003337
0.002840
0.001501
0.001217
0.000728
0.000798
0.000733
0.002111
0.001429
0.000799
0.004062
0.008541
0.006530
0.004621
0.000925
0.002062
0.002270
0.001233
0.002841
0.005398
0.003368
0.004592
0.006112
0.003856
0.013201
0.008389
0.004517
0.025717
0.006031
0.010137
0.002857
0.001940
0.007749
0.011380
0.004517
0.002065
0.002057
0.001355
0.006667
0.000948
0.001087
0.002119
0.005060
0.004394
0.001596
0.004251
0.000703
0.003555
0.003938
0.001447
0.000448
0.003859
0.004493
0.001296
0.002448
0.003602
0.000817
0.003546
0.000305
0.000361
0.000482
0.000406
