0.105162
0.075638
0.066112
0.068749
0.069470
0.068823
0.064424
0.060935
0.063138
0.062200
0.057806
0.057455
0.060249
0.058503
0.055555
0.050854
0.052969
0.052547
0.053459
0.050146
0.049022
0.047714
0.048844
0.048531
0.049921
0.048350
0.047744
0.049479
0.048169
0.046797
0.048951
0.046351
0.043970
0.044813
0.045420
0.043896
0.045564
0.044739
0.041965
0.046127
0.043003
0.042118
0.042338
0.040247
0.041127
0.040161
0.041822
0.043024
0.041085
0.038302
0.040649
0.037687
0.041762
0.037291
0.037379
0.035068
0.036027
0.035455
0.035882
0.034226
0.029975
0.038670
0.031603
0.027315
0.031656
0.026358
0.032398
0.027839
0.028706
0.022195
0.026312
0.027675
0.024776
0.028422
0.030826
0.030031
0.025422
0.021431
0.027325
0.023654
0.023037
0.021071
0.022324
0.021496
0.023558
0.020022
0.020415
0.019146
0.022815
0.021159
0.018269
0.017836
0.021965
0.016808
0.019050
0.014871
0.022693
0.018537
0.020213
0.018800
0.017667
0.019627
0.017191
0.021005
0.018319
0.012291
0.018777
0.013807
0.021308
0.015511
0.014136
0.017831
0.018380
0.018632
0.017343
0.015702
0.016778
0.015752
0.017697
0.015313
0.017879
0.009241
0.021088
0.011651
0.014905
0.020892
0.016346
0.013874
0.012179
0.012816
0.007179
0.009207
0.009336
0.008654
0.011374
0.007718
0.008209
0.007795
0.008716
0.009476
0.011829
0.011760
0.009450
0.013887
0.012913
0.017037
0.013210
0.016139
0.015162
0.008533
