0.210619
0.063404
0.061438
0.058887
0.057076
0.055413
0.052896
0.054461
0.055437
0.054635
0.056837
0.054959
0.054448
0.053224
0.054718
0.053096
0.052769
0.051521
0.051554
0.052448
0.051611
0.049785
0.052699
0.050754
0.051605
0.049079
0.054749
0.053648
0.053481
0.053508
0.052460
0.052523
0.053382
0.051523
0.054096
0.052436
0.053955
0.053127
0.052210
0.053086
0.053000
0.053906
0.052175
0.053005
0.052168
0.052975
0.052152
0.053835
0.052138
0.052150
0.052139
0.052162
0.052955
0.053007
0.052958
0.053807
0.051295
0.051271
0.053787
0.052965
0.052950
0.052963
0.052126
0.052958
0.052956
0.051274
0.053776
0.050455
0.053769
0.052145
0.053783
0.052942
0.053785
0.053794
0.052939
0.052954
0.052108
0.052940
0.053779
0.051300
0.052965
0.052160
0.052984
0.052979
0.052946
0.052094
0.052093
0.052943
0.053772
0.053767
0.050424
0.052093
0.052931
0.052936
0.052932
0.051246
0.052100
0.051246
0.052093
0.052929
0.053773
0.053769
0.053788
0.052927
0.053768
0.052096
0.053767
0.052924
0.052098
0.052084
0.052922
0.052924
0.053764
0.051240
0.052089
0.052084
0.053759
0.052087
0.052089
0.052918
0.052926
0.053760
0.053761
0.051247
0.052917
0.051258
0.052916
0.053757
0.052090
0.052079
0.053757
0.052081
0.052083
0.051241
0.052924
0.053757
0.052920
0.052077
0.051239
0.051256
0.053754
0.052088
0.052918
0.051262
0.052637
0.052080
0.051679
0.051561
0.045808
0.049196
