0.209289
0.075509
0.071830
0.071924
0.071518
0.070839
0.070735
0.071762
0.069436
0.067454
0.066628
0.069311
0.065447
0.066766
0.064227
0.064484
0.064018
0.065216
0.061121
0.062058
0.061527
0.061017
0.061779
0.061437
0.058874
0.060625
0.056014
0.056244
0.058578
0.058239
0.054154
0.054264
0.053364
0.055048
0.052241
0.053623
0.050432
0.048776
0.047460
0.049891
0.051299
0.051459
0.048457
0.047567
0.049650
0.046841
0.045981
0.048442
0.047794
0.047040
0.046784
0.046518
0.047197
0.047343
0.045374
0.044107
0.045254
0.046710
0.042904
0.043325
0.042767
0.045298
0.043827
0.042239
0.043493
0.040671
0.042305
0.041640
0.041077
0.041784
0.041546
0.043017
0.042409
0.040663
0.038555
0.040423
0.041715
0.041885
0.039702
0.041872
0.041733
0.043119
0.041936
0.038572
0.037687
0.041717
0.041533
0.042236
0.038977
0.039789
0.041418
0.039009
0.039753
0.041489
0.038036
0.039851
0.042469
0.041840
0.041522
0.038891
0.039531
0.041207
0.041378
0.043356
0.041534
0.039575
0.038649
0.039767
0.041723
0.041314
0.039706
0.040499
0.041291
0.038228
0.039779
0.039955
0.040546
0.037623
0.038109
0.039824
0.050630
0.043659
0.049143
0.054739
0.053313
0.053110
0.052509
0.047186
0.050726
0.046607
0.043494
0.044387
0.041685
0.040454
0.037621
0.040613
0.039164
0.037516
0.041272
0.042815
0.037198
0.039377
0.039527
0.040187
0.038921
0.037928
0.039891
0.038977
0.040295
0.036527
