0.139737
0.071246
0.070114
0.067240
0.063231
0.063042
0.062369
0.060777
0.058179
0.054300
0.053464
0.052463
0.052005
0.047417
0.046849
0.042802
0.040061
0.035222
0.039889
0.034245
0.034154
0.034323
0.034599
0.030781
0.028458
0.028521
0.024755
0.023343
0.023013
0.021986
0.020562
0.017942
0.018114
0.016140
0.017432
0.017185
0.016847
0.015347
0.014077
0.013376
0.015932
0.013132
0.014286
0.013781
0.012077
0.014898
0.013883
0.012155
0.013710
0.012539
0.012936
0.011207
0.009091
0.011030
0.011704
0.009752
0.009365
0.011396
0.010559
0.011211
0.011893
0.011911
0.009442
0.011024
0.010961
0.009939
0.009023
0.011303
0.009618
0.010032
0.011277
0.010924
0.009895
0.010380
0.010661
0.009900
0.010624
0.010560
0.008525
0.012086
0.010090
0.010832
0.009019
0.010128
0.009088
0.009153
0.010915
0.010976
0.008993
0.008231
0.007204
0.009852
0.009868
0.008150
0.010624
0.009684
0.007988
0.009729
0.010633
0.009784
0.007973
0.009739
0.008109
0.009606
0.008724
0.008720
0.007896
0.008733
0.008781
0.007061
0.007798
0.008748
0.007830
0.008734
0.009594
0.009628
0.010419
0.008737
0.008663
0.009529
0.010394
0.007808
0.007777
0.007819
0.008725
0.008680
0.008664
0.007792
0.010377
0.007846
0.008645
0.007802
0.007774
0.010310
0.007725
0.009480
0.008591
0.008603
0.008613
0.008591
0.008600
0.008595
0.007718
0.009460
0.007730
0.009437
0.009429
0.006837
0.009511
0.010302
