0.116443
0.084335
0.077829
0.082702
0.070687
0.067357
0.071489
0.065764
0.063356
0.059440
0.055956
0.058332
0.054631
0.057338
0.052323
0.047733
0.047121
0.049073
0.046686
0.045842
0.045324
0.042704
0.043701
0.042404
0.042854
0.041835
0.041683
0.040206
0.037363
0.037391
0.036611
0.036560
0.035492
0.033472
0.033659
0.032580
0.032045
0.032014
0.031516
0.032234
0.029314
0.027323
0.028163
0.027858
0.026542
0.026363
0.025740
0.025684
0.023090
0.024121
0.025186
0.023339
0.022752
0.023533
0.022728
0.022773
0.021879
0.021997
0.020951
0.020788
0.019189
0.017993
0.018571
0.018164
0.017153
0.015499
0.015156
0.015271
0.015238
0.015840
0.015149
0.014197
0.013713
0.013868
0.017303
0.014822
0.013796
0.012580
0.013603
0.014184
0.012495
0.011853
0.013090
0.012277
0.011294
0.011974
0.012087
0.011375
0.010996
0.010621
0.010599
0.010648
0.011346
0.009795
0.008875
0.008274
0.009379
0.009104
0.009266
0.008167
0.008217
0.007873
0.008165
0.008136
0.007981
0.008027
0.007648
0.007636
0.006511
0.007153
0.006228
0.006947
0.005616
0.005865
0.005780
0.006266
0.006267
0.005153
0.005023
0.005628
0.005113
0.006026
0.005221
0.005551
0.005135
0.005015
0.004947
0.004778
0.004365
0.004368
0.004683
0.005018
0.004238
0.004630
0.004582
0.004724
0.004462
0.004608
0.004936
0.004880
0.004585
0.005134
0.004295
0.004108
0.003966
0.003778
0.003985
0.004471
0.003983
0.003968
