0.185000
0.330000
0.460000
0.505000
0.600000
0.665000
0.690000
0.700000
0.705000
0.805000
0.800000
0.810000
0.785000
0.810000
0.845000
0.875000
0.895000
0.925000
0.945000
0.950000
0.955000
0.960000
0.950000
0.955000
0.965000
0.970000
0.980000
0.990000
0.985000
0.990000
0.990000
0.990000
0.980000
0.995000
0.995000
1.000000
0.995000
0.995000
1.000000
0.995000
1.000000
1.000000
0.995000
1.000000
1.000000
1.000000
0.995000
1.000000
1.000000
1.000000
1.000000
0.995000
0.985000
0.995000
0.995000
1.000000
1.000000
0.995000
1.000000
1.000000
0.995000
0.985000
0.970000
0.960000
0.980000
0.830000
0.785000
0.830000
0.830000
0.930000
0.925000
0.965000
0.965000
0.935000
0.965000
0.970000
0.960000
0.995000
0.980000
0.990000
0.990000
1.000000
1.000000
1.000000
1.000000
1.000000
1.000000
1.000000
1.000000
1.000000
1.000000
1.000000
1.000000
1.000000
1.000000
1.000000
1.000000
1.000000
1.000000
1.000000
1.000000
1.000000
1.000000
1.000000
1.000000
1.000000
1.000000
1.000000
1.000000
1.000000
1.000000
1.000000
1.000000
1.000000
1.000000
1.000000
1.000000
1.000000
1.000000
1.000000
1.000000
1.000000
1.000000
1.000000
1.000000
1.000000
1.000000
1.000000
1.000000
1.000000
1.000000
1.000000
1.000000
1.000000
1.000000
1.000000
1.000000
1.000000
1.000000
1.000000
1.000000
1.000000
1.000000
1.000000
1.000000
1.000000
1.000000
1.000000
1.000000
1.000000
