0.200000
0.220000
0.340000
0.435000
0.470000
0.515000
0.545000
0.610000
0.590000
0.670000
0.645000
0.630000
0.650000
0.705000
0.685000
0.725000
0.710000
0.745000
0.755000
0.780000
0.780000
0.785000
0.765000
0.815000
0.815000
0.815000
0.830000
0.810000
0.835000
0.835000
0.820000
0.835000
0.840000
0.830000
0.820000
0.835000
0.840000
0.825000
0.835000
0.850000
0.850000
0.845000
0.830000
0.850000
0.845000
0.850000
0.850000
0.850000
0.850000
0.850000
0.850000
0.850000
0.850000
0.850000
0.850000
0.850000
0.850000
0.850000
0.850000
0.850000
0.860000
0.895000
0.920000
0.955000
0.960000
0.985000
0.970000
0.975000
0.970000
0.945000
0.850000
0.915000
0.885000
0.840000
0.795000
0.690000
0.825000
0.790000
0.880000
0.895000
0.940000
0.925000
0.970000
0.970000
0.970000
0.985000
0.985000
0.990000
0.985000
0.990000
0.995000
0.995000
0.995000
1.000000
1.000000
1.000000
1.000000
1.000000
1.000000
1.000000
1.000000
1.000000
1.000000
1.000000
1.000000
1.000000
1.000000
1.000000
1.000000
1.000000
1.000000
1.000000
1.000000
1.000000
1.000000
1.000000
1.000000
1.000000
1.000000
1.000000
1.000000
1.000000
1.000000
1.000000
1.000000
1.000000
1.000000
1.000000
1.000000
1.000000
1.000000
1.000000
1.000000
1.000000
1.000000
1.000000
1.000000
1.000000
1.000000
1.000000
1.000000
1.000000
1.000000
1.000000
1.000000
1.000000
1.000000
1.000000
1.000000
1.000000
