0.205000
0.285000
0.345000
0.370000
0.435000
0.510000
0.565000
0.625000
0.645000
0.675000
0.655000
0.710000
0.705000
0.730000
0.735000
0.765000
0.790000
0.810000
0.825000
0.845000
0.895000
0.895000
0.895000
0.905000
0.910000
0.930000
0.885000
0.945000
0.910000
0.925000
0.940000
0.960000
0.960000
0.965000
0.975000
0.990000
0.985000
0.980000
0.990000
0.990000
0.980000
0.990000
0.990000
0.995000
0.995000
1.000000
1.000000
0.995000
0.995000
1.000000
1.000000
1.000000
1.000000
1.000000
1.000000
1.000000
1.000000
1.000000
1.000000
1.000000
1.000000
1.000000
1.000000
1.000000
1.000000
1.000000
1.000000
1.000000
1.000000
1.000000
1.000000
1.000000
1.000000
1.000000
1.000000
1.000000
1.000000
1.000000
1.000000
1.000000
1.000000
1.000000
1.000000
1.000000
1.000000
1.000000
1.000000
1.000000
1.000000
1.000000
1.000000
1.000000
1.000000
1.000000
1.000000
1.000000
1.000000
1.000000
1.000000
1.000000
1.000000
1.000000
1.000000
1.000000
1.000000
1.000000
1.000000
1.000000
1.000000
1.000000
1.000000
1.000000
1.000000
1.000000
1.000000
1.000000
1.000000
1.000000
1.000000
1.000000
1.000000
1.000000
1.000000
1.000000
1.000000
1.000000
1.000000
1.000000
1.000000
1.000000
1.000000
1.000000
1.000000
1.000000
1.000000
1.000000
1.000000
1.000000
1.000000
1.000000
1.000000
1.000000
1.000000
1.000000
1.000000
1.000000
1.000000
1.000000
1.000000
1.000000
