0.099432
0.067959
0.058197
0.045657
0.040338
0.034601
0.029733
0.029695
0.027148
0.023300
0.022469
0.020120
0.021295
0.019895
0.016061
0.013359
0.012950
0.010566
0.010162
0.008829
0.009369
0.009038
0.009455
0.008134
0.007503
0.006031
0.004809
0.004495
0.003927
0.003770
0.003598
0.003489
0.003451
0.002732
0.002430
0.001875
0.001714
0.001617
0.001700
0.001389
0.001234
0.001238
0.001073
0.000794
0.000665
0.000835
0.001101
0.000837
0.000699
0.000921
0.000815
0.001154
0.001798
0.001181
0.000964
0.000859
0.000519
0.000663
0.000801
0.000705
0.001357
0.002347
0.003636
0.004834
0.005917
0.019191
0.018679
0.015609
0.015051
0.007374
0.007223
0.005127
0.006167
0.007438
0.004753
0.003825
0.004041
0.003376
0.002312
0.001658
0.000949
0.000849
0.000599
0.000485
0.000434
0.000342
0.000332
0.000310
0.000216
0.000234
0.000221
0.000224
0.000187
0.000191
0.000194
0.000179
0.000159
0.000177
0.000229
0.000220
0.000149
0.000140
0.000154
0.000159
0.000108
0.000143
0.000100
0.000097
0.000104
0.000092
0.000097
0.000070
0.000085
0.000131
0.000098
0.000097
0.000080
0.000082
0.000075
0.000069
0.000076
0.000069
0.000069
0.000060
0.000061
0.000062
0.000061
0.000047
0.000050
0.000074
0.000043
0.000069
0.000056
0.000057
0.000056
0.000044
0.000047
0.000057
0.000047
0.000043
0.000045
0.000036
0.000039
0.000041
0.000044
0.000058
0.000054
0.000038
0.000047
0.000049
