0.067986
0.060873
0.056672
0.053795
0.050521
0.046435
0.043594
0.045470
0.040934
0.038141
0.034484
0.032695
0.030219
0.026587
0.024812
0.021280
0.022606
0.017980
0.016178
0.015824
0.016222
0.018144
0.014314
0.014778
0.015436
0.015074
0.013458
0.012535
0.013384
0.013996
0.011302
0.012708
0.010695
0.009468
0.009901
0.009666
0.008805
0.008359
0.008054
0.008225
0.008861
0.006257
0.007009
0.005709
0.005180
0.005128
0.004512
0.004359
0.005061
0.003658
0.004092
0.004584
0.003754
0.003022
0.002998
0.003901
0.003473
0.003577
0.002921
0.003506
0.003400
0.003326
0.002639
0.002472
0.003052
0.002665
0.002492
0.002447
0.002286
0.003084
0.002667
0.003112
0.003930
0.003355
0.006309
0.005748
0.005118
0.008634
0.006282
0.013211
0.013493
0.008683
0.005970
0.004879
0.003562
0.003132
0.003061
0.002921
0.003484
0.002146
0.002242
0.002024
0.001602
0.001527
0.001165
0.001018
0.000761
0.000760
0.000608
0.000583
0.000571
0.000546
0.000495
0.000735
0.000511
0.000519
0.000488
0.000549
0.000429
0.000399
0.000420
0.000404
0.000388
0.000382
0.000424
0.000347
0.000357
0.000364
0.000352
0.000356
0.000340
0.000311
0.000322
0.000329
0.000310
0.000263
0.000292
0.000505
0.000283
0.000349
0.000227
0.000222
0.000247
0.000225
0.000241
0.000221
0.000326
0.000216
0.000203
0.000230
0.000230
0.000233
0.000171
0.000220
0.000159
0.000133
0.000125
0.000107
0.000089
0.000102
