0.225000
0.235000
0.305000
0.445000
0.495000
0.440000
0.415000
0.470000
0.500000
0.510000
0.495000
0.570000
0.565000
0.585000
0.560000
0.605000
0.600000
0.575000
0.550000
0.585000
0.610000
0.630000
0.655000
0.660000
0.690000
0.745000
0.645000
0.640000
0.695000
0.745000
0.670000
0.640000
0.650000
0.705000
0.715000
0.745000
0.725000
0.730000
0.670000
0.600000
0.605000
0.600000
0.635000
0.640000
0.640000
0.640000
0.655000
0.660000
0.625000
0.655000
0.640000
0.665000
0.670000
0.670000
0.680000
0.680000
0.690000
0.710000
0.770000
0.815000
0.820000
0.795000
0.800000
0.795000
0.830000
0.840000
0.830000
0.840000
0.835000
0.840000
0.835000
0.840000
0.840000
0.840000
0.840000
0.835000
0.840000
0.840000
0.840000
0.840000
0.840000
0.840000
0.840000
0.840000
0.840000
0.840000
0.840000
0.840000
0.840000
0.840000
0.840000
0.840000
0.840000
0.840000
0.840000
0.840000
0.840000
0.840000
0.840000
0.840000
0.840000
0.840000
0.840000
0.840000
0.840000
0.840000
0.840000
0.840000
0.840000
0.840000
0.840000
0.840000
0.840000
0.840000
0.840000
0.840000
0.840000
0.840000
0.840000
0.840000
0.840000
0.840000
0.840000
0.840000
0.840000
0.840000
0.840000
0.840000
0.840000
0.840000
0.840000
0.840000
0.840000
0.840000
0.840000
0.840000
0.840000
0.840000
0.840000
0.840000
0.840000
0.840000
0.840000
0.840000
0.840000
0.840000
0.840000
0.840000
0.840000
0.840000
