0.455985
0.258022
0.174858
0.111494
0.060311
0.044933
0.046136
0.041834
0.038789
0.039377
0.037125
0.035543
0.033096
0.034747
0.036460
0.030418
0.034743
0.034783
0.037348
0.036384
0.030949
0.031461
0.029435
0.028993
0.028190
0.026650
0.030009
0.031847
0.030497
0.026470
0.028961
0.028877
0.031912
0.028858
0.025171
0.024473
0.024687
0.022897
0.026807
0.036443
0.033088
0.031186
0.029652
0.030730
0.029329
0.027745
0.027843
0.024680
0.026892
0.027442
0.026675
0.024879
0.026995
0.022685
0.024230
0.022419
0.022819
0.022251
0.018169
0.017333
0.015900
0.017336
0.017981
0.015889
0.013288
0.012261
0.011731
0.012984
0.011692
0.010678
0.012330
0.012135
0.010030
0.012429
0.011700
0.011222
0.011276
0.010430
0.012508
0.009735
0.009567
0.011948
0.009490
0.010213
0.009479
0.011127
0.010265
0.011027
0.011113
0.009315
0.010187
0.010163
0.009365
0.009269
0.010944
0.009251
0.010127
0.010076
0.010119
0.010908
0.010078
0.011734
0.010063
0.010886
0.010026
0.009220
0.010061
0.010061
0.010089
0.010035
0.010885
0.010031
0.010894
0.010907
0.010030
0.010845
0.010032
0.011695
0.009148
0.009990
0.011664
0.009155
0.009976
0.009974
0.009982
0.009969
0.009132
0.010791
0.009113
0.009122
0.011642
0.009957
0.010803
0.011654
0.009957
0.009968
0.009964
0.009967
0.011627
0.010830
0.010802
0.009125
0.010848
0.009961
0.010879
0.009137
0.010871
0.010801
0.009983
0.010779
