0.265735
0.062782
0.062712
0.062712
0.062712
0.062712
0.062712
0.062712
0.062712
0.062712
0.062712
0.062712
0.062712
0.062712
0.062712
0.062712
0.062712
0.062712
0.062712
0.062712
0.062712
0.062712
0.062712
0.062712
0.062712
0.062712
0.062712
0.062712
0.062712
0.062712
0.062595
0.062595
0.062595
0.062478
0.062478
0.062478
0.062361
0.062361
0.062244
0.062244
0.061933
0.062207
0.061816
0.060484
0.061819
0.062712
0.062712
0.062712
0.062712
0.062712
0.062712
0.062712
0.062712
0.062712
0.062712
0.062712
0.062712
0.062712
0.062712
0.062712
0.062712
0.062712
0.062712
0.062712
0.062712
0.062325
0.062478
0.062441
0.061247
0.062015
0.061387
0.060307
0.061008
0.061196
0.060733
0.061040
0.060803
0.060069
0.059234
0.060603
0.059739
0.059712
0.059938
0.059670
0.060150
0.059362
0.058734
0.058823
0.058895
0.058312
0.057611
0.060025
0.060904
0.060554
0.060611
0.061875
0.060069
0.059098
0.060070
0.059677
0.059206
0.059132
0.058503
0.059407
0.059209
0.059209
0.059478
0.058466
0.058505
0.057919
0.058542
0.058269
0.058427
0.059010
0.058503
0.058426
0.057603
0.058114
0.058854
0.058192
0.058542
0.057530
0.058269
0.058584
0.058077
0.058071
0.057215
0.057763
0.057527
0.057166
0.057567
0.059365
0.058115
0.057491
0.057487
0.074896
0.062712
0.062712
0.062712
0.062712
0.062712
0.062517
0.060769
0.062685
0.061156
0.061318
0.060420
0.061680
0.060612
0.060577
