0.523213
0.246958
0.065196
0.061350
0.058627
0.059767
0.056932
0.053120
0.050922
0.053592
0.051643
0.051473
0.051766
0.049756
0.049531
0.048483
0.045697
0.045939
0.046922
0.044357
0.045951
0.045345
0.043422
0.046160
0.043862
0.045175
0.046861
0.044214
0.041927
0.043793
0.044880
0.042550
0.042387
0.043221
0.043820
0.041590
0.041920
0.043076
0.042969
0.042102
0.042763
0.042839
0.041066
0.043568
0.041956
0.042832
0.042734
0.042755
0.040265
0.039378
0.041076
0.044374
0.042714
0.041862
0.042708
0.043519
0.042709
0.041014
0.041851
0.041868
0.041068
0.041854
0.041901
0.043536
0.041047
0.041827
0.044345
0.041850
0.042661
0.041034
0.040981
0.040991
0.041844
0.044295
0.042882
0.042816
0.043455
0.044279
0.042952
0.043631
0.043100
0.043902
0.044333
0.045606
0.046049
0.045334
0.044157
0.043254
0.047371
0.050418
0.047366
0.044922
0.043304
0.043242
0.044767
0.045773
0.044185
0.045074
0.043290
0.040538
0.043107
0.042668
0.043024
0.041848
0.041846
0.042660
0.041806
0.043472
0.041822
0.041830
0.041776
0.042621
0.043473
0.041776
0.042620
0.038431
0.041796
0.040958
0.041766
0.043444
0.044304
0.042630
0.040946
0.042612
0.041766
0.042645
0.041782
0.041760
0.041765
0.042612
0.042601
0.041767
0.040092
0.042602
0.042599
0.041767
0.041774
0.042596
0.040088
0.039251
0.042593
0.042601
0.041764
0.041759
0.042605
0.042596
0.040922
0.041755
0.041764
0.043442
