0.146293
0.063062
0.064033
0.061426
0.055094
0.054272
0.053670
0.053589
0.053157
0.053038
0.054081
0.051085
0.051895
0.051885
0.053545
0.051842
0.051985
0.051837
0.051847
0.053533
0.052669
0.051012
0.053511
0.051818
0.052668
0.053512
0.051830
0.051825
0.052657
0.052667
0.051839
0.051820
0.052662
0.050976
0.053506
0.051830
0.053492
0.052657
0.051822
0.052661
0.052653
0.053496
0.051829
0.052654
0.051822
0.052653
0.051812
0.053491
0.051817
0.051818
0.050972
0.051811
0.052648
0.052654
0.052652
0.053486
0.050970
0.050979
0.053488
0.052646
0.052649
0.052654
0.051810
0.052647
0.051811
0.050972
0.053486
0.050132
0.053488
0.051808
0.053484
0.051810
0.053487
0.053484
0.052648
0.052649
0.051810
0.052647
0.053484
0.050977
0.052643
0.051807
0.052647
0.052645
0.052646
0.051806
0.051804
0.052643
0.053484
0.053486
0.049295
0.051804
0.052642
0.052646
0.052647
0.050967
0.051803
0.050966
0.051807
0.052645
0.053482
0.053482
0.053486
0.051807
0.053483
0.051805
0.052642
0.052646
0.051806
0.051804
0.052641
0.052642
0.053483
0.050969
0.051802
0.051800
0.053482
0.051805
0.051802
0.052640
0.052642
0.053482
0.053482
0.050967
0.051801
0.050964
0.052641
0.053481
0.051805
0.051803
0.053481
0.051802
0.051805
0.050962
0.052641
0.053481
0.052641
0.051802
0.050962
0.050962
0.053480
0.051802
0.052642
0.051802
0.053480
0.053479
0.052641
0.053480
0.048446
0.051800
