0.087236
0.078072
0.077939
0.070276
0.072452
0.069821
0.069580
0.067165
0.068359
0.067535
0.066008
0.061067
0.064280
0.062660
0.060595
0.058298
0.058251
0.061038
0.057808
0.056711
0.061870
0.049066
0.050036
0.051907
0.047839
0.050005
0.042597
0.036399
0.047359
0.038406
0.037886
0.036174
0.036532
0.038564
0.036256
0.037142
0.037575
0.039899
0.029986
0.030879
0.030669
0.026089
0.024633
0.022712
0.022398
0.024941
0.025825
0.020307
0.021333
0.019282
0.018630
0.016058
0.016919
0.019500
0.013943
0.014540
0.012243
0.017586
0.015172
0.013840
0.013975
0.015966
0.013016
0.013806
0.025626
0.014896
0.025493
0.019776
0.024807
0.029811
0.016028
0.014507
0.018711
0.021553
0.013510
0.012532
0.013517
0.021102
0.012615
0.012570
0.046515
0.015855
0.022069
0.017338
0.019144
0.018625
0.013994
0.015538
0.036281
0.012424
0.008720
0.006798
0.007069
0.010986
0.005385
0.006550
0.003181
0.005813
0.012357
0.002870
0.004233
0.003570
0.004651
0.003065
0.001141
0.002017
0.001533
0.001467
0.002009
0.001096
0.001317
0.000945
0.000519
0.000843
0.001415
0.000758
0.001270
0.000712
0.000802
0.001186
0.000354
0.000219
0.000459
0.000486
0.002967
0.000639
0.000445
0.000205
0.001701
0.000192
0.000525
0.000239
0.001645
0.000406
0.000294
0.000853
0.000499
0.000650
0.004360
0.001152
0.000711
0.002008
0.001263
0.000292
0.001481
0.000304
0.000512
0.000456
0.000380
0.004814
