0.392722
0.277348
0.243479
0.176086
0.218799
0.206026
0.188812
0.204679
0.179156
0.180716
0.195935
0.169058
0.162348
0.090309
0.111729
0.146198
0.169150
0.163777
0.137306
0.165210
0.180103
0.166855
0.177361
0.123197
0.115488
0.121043
0.130332
0.148883
0.093586
0.094257
0.105839
0.126765
0.117112
0.083683
0.107234
0.101643
0.103814
0.119621
0.125791
0.119088
0.130377
0.108627
0.094281
0.101827
0.097391
0.099713
0.092445
0.138360
0.095817
0.112836
0.124313
0.174844
0.150190
0.148441
0.136648
0.129724
0.107818
0.114674
0.101289
0.098826
0.113562
0.126946
0.163768
0.138177
0.111932
0.122145
0.152955
0.099048
0.080520
0.084152
0.116350
0.134477
0.130539
0.124020
0.108977
0.131062
0.109985
0.088427
0.087790
0.159991
0.107273
0.125709
0.175006
0.103081
0.094474
0.095281
0.118234
0.172397
0.109318
0.117635
0.124324
0.164426
0.168869
0.120033
0.122205
0.123825
0.115242
0.137388
0.147684
0.127718
0.100485
0.093971
0.101824
0.104423
0.094064
0.103633
0.115304
0.158092
0.095089
0.134311
0.099316
0.110883
0.113520
0.114559
0.147833
0.120005
0.111706
0.100429
0.090563
0.106501
0.138140
0.137461
0.138053
0.095743
0.172103
0.123122
0.195264
0.105668
0.150216
0.122109
0.098692
0.150843
0.142163
0.162424
0.159795
0.268010
0.190807
0.167139
0.131857
0.135407
0.103001
0.142228
0.114459
0.163090
0.166735
0.139407
0.167036
0.188279
0.116527
0.157495
