0.292177
0.087478
0.071670
0.071670
0.071707
0.071670
0.072957
0.074521
0.071670
0.071670
0.071670
0.071670
0.071670
0.071670
0.071670
0.071670
0.071670
0.071670
0.071670
0.071670
0.071670
0.071670
0.071670
0.071670
0.071670
0.071670
0.071670
0.071670
0.071670
0.071670
0.071670
0.071670
0.071670
0.071670
0.071670
0.071670
0.071670
0.071670
0.071670
0.071670
0.071670
0.071670
0.071670
0.071670
0.071670
0.071670
0.071670
0.071670
0.071670
0.071670
0.071670
0.071670
0.074521
0.073549
0.073063
0.073374
0.071151
0.073582
0.072957
0.071670
0.071670
0.073374
0.074035
0.074521
0.071707
0.071670
0.071670
0.071670
0.071670
0.073374
0.074521
0.071082
0.071670
0.071670
0.071670
0.073688
0.071670
0.074521
0.071670
0.072957
0.071670
0.072263
0.072332
0.071670
0.075008
0.073227
0.071670
0.071670
0.071670
0.071670
0.071670
0.071670
0.071670
0.071670
0.071670
0.071670
0.071670
0.071670
0.074207
0.073374
0.072957
0.071670
0.071670
0.071670
0.072263
0.074485
0.071670
0.071670
0.071670
0.071670
0.071670
0.071670
0.071670
0.071670
0.071670
0.071670
0.071670
0.072332
0.071670
0.071670
0.071670
0.071670
0.071670
0.071670
0.071670
0.071670
0.071670
0.071670
0.071670
0.071670
0.071670
0.071670
0.071670
0.071670
0.071670
0.071670
0.071670
0.071670
0.071670
0.071670
0.071670
0.071670
0.071670
0.071670
0.071670
0.071670
0.071670
0.071670
0.071670
0.071670
