0.110358
0.087999
0.077437
0.075912
0.065964
0.058148
0.052190
0.053212
0.050996
0.049835
0.047808
0.043628
0.045938
0.039129
0.038433
0.036321
0.036915
0.032906
0.034496
0.032222
0.034828
0.031503
0.031456
0.032487
0.030403
0.030070
0.027054
0.030000
0.029705
0.031083
0.026117
0.025495
0.023779
0.024754
0.025823
0.025212
0.024423
0.022290
0.024918
0.023004
0.023230
0.020832
0.021200
0.020839
0.022698
0.021069
0.021296
0.022354
0.021518
0.018142
0.018811
0.017505
0.018981
0.016717
0.015969
0.014651
0.016114
0.016002
0.016429
0.014627
0.014332
0.014996
0.015921
0.015279
0.014617
0.014589
0.014727
0.014287
0.013555
0.014731
0.012196
0.012233
0.012926
0.012873
0.012365
0.012746
0.011584
0.011321
0.012650
0.010731
0.010701
0.010499
0.011372
0.010632
0.009676
0.008329
0.009555
0.008882
0.008245
0.008151
0.009305
0.009156
0.007502
0.008626
0.008379
0.009337
0.008519
0.008485
0.008754
0.008837
0.009692
0.007896
0.007584
0.008242
0.008198
0.006856
0.008309
0.008150
0.007196
0.008183
0.007329
0.007695
0.006886
0.007049
0.006998
0.007017
0.007538
0.008177
0.007069
0.006699
0.006352
0.006791
0.006784
0.006171
0.007293
0.006586
0.006699
0.007462
0.007283
0.006187
0.006755
0.006693
0.007007
0.006471
0.005803
0.007020
0.005871
0.006169
0.006135
0.005437
0.005630
0.005737
0.005176
0.005825
0.005916
0.005763
0.006017
0.006112
0.005724
0.005029
