0.317237
0.180966
0.166449
0.151223
0.123502
0.126748
0.116295
0.088839
0.092364
0.073400
0.073334
0.065988
0.062588
0.063693
0.059672
0.057203
0.053195
0.046307
0.048429
0.045745
0.048062
0.042832
0.041473
0.045491
0.044902
0.044627
0.040123
0.039593
0.034749
0.035081
0.031575
0.033525
0.039476
0.030045
0.039572
0.026797
0.038053
0.030100
0.033582
0.031608
0.029802
0.030032
0.030267
0.028193
0.028448
0.025319
0.027540
0.029699
0.024503
0.024826
0.023064
0.021450
0.020490
0.023282
0.020811
0.021555
0.018917
0.020867
0.017307
0.019247
0.017836
0.020060
0.017019
0.020989
0.018061
0.018997
0.016505
0.014629
0.016586
0.018502
0.012176
0.016057
0.014923
0.016403
0.015963
0.015975
0.014094
0.010767
0.011592
0.010555
0.010709
0.011315
0.008459
0.008702
0.008753
0.007463
0.005279
0.003636
0.007937
0.008990
0.005240
0.006124
0.003365
0.002444
0.004428
0.002437
0.002607
0.003408
0.003255
0.003237
0.003808
0.002739
0.007265
0.009390
0.032357
0.006819
0.012374
0.024586
0.011071
0.014521
0.006834
0.010080
0.007532
0.006714
0.007270
0.013217
0.004666
0.004836
0.006783
0.003452
0.002610
0.004245
0.002621
0.004420
0.003706
0.002017
0.002133
0.002002
0.002980
0.001953
0.000929
0.000819
0.001482
0.001265
0.000810
0.000715
0.000492
0.000483
0.000632
0.000757
0.001296
0.000946
0.000461
0.001021
0.000544
0.000759
0.000485
0.000276
0.000377
0.000624
