0.081236
0.074174
0.071670
0.071670
0.071670
0.071670
0.071670
0.071670
0.071670
0.071670
0.071670
0.071670
0.071670
0.071670
0.071670
0.071670
0.071670
0.071670
0.071670
0.071670
0.071670
0.071670
0.071670
0.071670
0.071670
0.071670
0.071670
0.071670
0.071670
0.071670
0.071670
0.071670
0.071670
0.071670
0.071670
0.071670
0.071670
0.071670
0.071670
0.071670
0.071670
0.071670
0.071670
0.071670
0.071670
0.071670
0.071670
0.071670
0.071670
0.071670
0.071670
0.071670
0.071670
0.071670
0.071670
0.071670
0.071670
0.071670
0.071670
0.071670
0.071670
0.071670
0.071670
0.071670
0.071670
0.071670
0.071670
0.071670
0.071670
0.071670
0.071670
0.071670
0.071670
0.071670
0.071670
0.071670
0.071670
0.071670
0.071670
0.071670
0.071670
0.071670
0.071670
0.071670
0.071670
0.071670
0.071670
0.071670
0.071670
0.071670
0.071670
0.071670
0.071670
0.071670
0.071670
0.071670
0.071670
0.071670
0.071670
0.071670
0.071670
0.071670
0.071670
0.071670
0.071670
0.071670
0.071670
0.071670
0.071670
0.071670
0.071670
0.071670
0.071670
0.071670
0.071670
0.071670
0.071670
0.071670
0.071670
0.071670
0.071670
0.071670
0.071670
0.071670
0.071670
0.071670
0.071670
0.071670
0.071670
0.071670
0.071670
0.071670
0.071670
0.071670
0.071670
0.071670
0.071670
0.071670
0.071670
0.071670
0.071670
0.071670
0.071670
0.071670
0.071670
0.071670
0.071670
0.071670
0.071670
0.071670
