0.102776
0.089227
0.075866
0.082519
0.067516
0.064072
0.063336
0.059881
0.056567
0.057249
0.054798
0.050689
0.049955
0.050174
0.046036
0.046672
0.047948
0.046956
0.047532
0.044444
0.040036
0.041980
0.039522
0.039974
0.039610
0.037212
0.038002
0.034088
0.034757
0.034310
0.034646
0.030474
0.031359
0.030997
0.033710
0.031780
0.031078
0.029344
0.028814
0.030135
0.024198
0.028448
0.027332
0.026794
0.025737
0.026443
0.024288
0.022599
0.022869
0.023442
0.022039
0.020504
0.020548
0.020199
0.019190
0.018929
0.017380
0.017325
0.016101
0.015887
0.015280
0.016687
0.014085
0.016206
0.014536
0.014807
0.013242
0.013687
0.011882
0.012611
0.012919
0.012296
0.011119
0.011211
0.012393
0.014126
0.010332
0.013124
0.011062
0.011573
0.010625
0.013221
0.010941
0.011150
0.009499
0.008769
0.012215
0.007695
0.009099
0.008273
0.007463
0.008527
0.008797
0.007910
0.007430
0.008053
0.007812
0.006749
0.006665
0.006334
0.007261
0.005870
0.006052
0.004976
0.006185
0.006137
0.006230
0.006462
0.005338
0.004880
0.005123
0.004785
0.004471
0.004381
0.004369
0.004237
0.004563
0.005223
0.003923
0.004338
0.003889
0.004096
0.003795
0.003781
0.003266
0.004138
0.003076
0.003629
0.003317
0.003779
0.003168
0.003149
0.003212
0.003314
0.003382
0.003338
0.003374
0.003163
0.003319
0.003090
0.003033
0.002972
0.002903
0.003038
0.003145
0.003095
0.002993
0.002916
0.003462
0.002935
