0.103275
0.084903
0.085005
0.077670
0.070682
0.067563
0.061522
0.063633
0.061644
0.060095
0.058189
0.051335
0.053632
0.051467
0.054045
0.052574
0.048123
0.047366
0.047729
0.046512
0.048896
0.048675
0.044550
0.046106
0.045978
0.044091
0.045995
0.041960
0.041867
0.041365
0.042250
0.043304
0.041336
0.036200
0.037450
0.038760
0.035541
0.037667
0.034870
0.038046
0.036855
0.035647
0.034575
0.035929
0.035512
0.031684
0.029849
0.030880
0.032475
0.030275
0.028270
0.031492
0.026966
0.028621
0.025785
0.023760
0.028078
0.025593
0.023513
0.022038
0.023037
0.023699
0.023588
0.020797
0.021776
0.022867
0.021584
0.023935
0.022423
0.018998
0.020801
0.017478
0.016509
0.014995
0.016356
0.016223
0.015054
0.013426
0.016155
0.013621
0.015318
0.014773
0.016173
0.013378
0.013911
0.013153
0.013395
0.011816
0.011054
0.012008
0.012008
0.011454
0.011776
0.012104
0.012684
0.012810
0.011004
0.009604
0.009030
0.009567
0.008000
0.010885
0.008420
0.011112
0.008597
0.009050
0.008655
0.007321
0.007914
0.008848
0.007589
0.007101
0.006506
0.007933
0.007679
0.007729
0.007365
0.006849
0.006304
0.007034
0.005905
0.005680
0.006422
0.006160
0.006174
0.005564
0.005182
0.006317
0.005493
0.004828
0.005234
0.004786
0.007075
0.005034
0.005618
0.005233
0.004799
0.005212
0.005600
0.004707
0.004779
0.004596
0.006590
0.004252
0.005492
0.003856
0.004166
0.004309
0.003931
0.004405
