0.082386
0.063687
0.060212
0.054008
0.056757
0.053555
0.048751
0.046846
0.042629
0.041430
0.038287
0.033680
0.035057
0.032673
0.031522
0.030274
0.026896
0.027300
0.028106
0.027486
0.023724
0.022509
0.022033
0.024928
0.024403
0.024503
0.018928
0.016883
0.013828
0.013109
0.012640
0.025917
0.023301
0.024569
0.019783
0.017334
0.013747
0.012672
0.013612
0.016356
0.012651
0.010804
0.009314
0.011351
0.010226
0.008198
0.007492
0.006664
0.006752
0.005213
0.005031
0.004355
0.004750
0.004913
0.005972
0.007548
0.005435
0.006186
0.004630
0.005044
0.004064
0.003083
0.004588
0.004974
0.004216
0.003186
0.003012
0.002740
0.002671
0.002449
0.002802
0.003522
0.003349
0.003011
0.003022
0.002637
0.001994
0.001438
0.001668
0.002151
0.001380
0.002124
0.002467
0.004097
0.005980
0.016114
0.016763
0.017037
0.017710
0.010597
0.011402
0.007676
0.007972
0.005862
0.006316
0.005760
0.004616
0.004854
0.003737
0.007111
0.010098
0.007704
0.010063
0.010609
0.006282
0.007705
0.005163
0.004434
0.002991
0.002807
0.002434
0.001904
0.002548
0.002139
0.001574
0.001475
0.002438
0.002163
0.001601
0.001610
0.001744
0.001323
0.001334
0.001559
0.001324
0.001065
0.000941
0.000803
0.000840
0.000769
0.000693
0.000745
0.000603
0.000866
0.000825
0.000950
0.001354
0.001629
0.000686
0.000754
0.001243
0.000713
0.000739
0.000924
0.000821
0.000941
0.000843
0.000923
0.000730
0.001001
