0.091969
0.075989
0.067314
0.067372
0.068390
0.068277
0.068970
0.065324
0.063562
0.061159
0.063777
0.063775
0.061079
0.056591
0.057814
0.059186
0.052200
0.054056
0.059192
0.051765
0.054027
0.048589
0.049455
0.049775
0.048897
0.048610
0.046701
0.047864
0.047767
0.046610
0.043285
0.045714
0.043001
0.041583
0.042157
0.038348
0.041158
0.035185
0.037735
0.038617
0.036439
0.032363
0.029688
0.031178
0.028818
0.031466
0.031410
0.029659
0.026531
0.026167
0.027021
0.028728
0.024355
0.019409
0.023041
0.019846
0.023955
0.019238
0.019882
0.021163
0.017482
0.017995
0.017490
0.016565
0.013916
0.018170
0.016414
0.013677
0.014429
0.010586
0.013307
0.012760
0.014108
0.010831
0.010269
0.012003
0.011503
0.008883
0.010165
0.009952
0.007996
0.007804
0.007381
0.005754
0.006065
0.005998
0.006616
0.007266
0.006834
0.008002
0.006696
0.007544
0.005956
0.012924
0.005916
0.007325
0.006269
0.008371
0.004574
0.007786
0.014432
0.010392
0.008743
0.010815
0.005536
0.007615
0.010123
0.007458
0.010539
0.009157
0.007035
0.009567
0.006418
0.006397
0.008160
0.007927
0.007795
0.011083
0.006990
0.004014
0.005001
0.004398
0.006665
0.006086
0.005231
0.005094
0.004347
0.003757
0.004260
0.003604
0.004737
0.004110
0.002751
0.003694
0.002689
0.003676
0.003476
0.004020
0.003858
0.003452
0.004699
0.004427
0.003509
0.003439
0.003439
0.003347
0.003366
0.002509
0.002565
0.003467
