0.071670
0.071670
0.071670
0.071670
0.071311
0.070320
0.066038
0.065006
0.060357
0.060241
0.053411
0.053665
0.053921
0.051864
0.051517
0.049682
0.043266
0.049656
0.038016
0.036899
0.043584
0.041590
0.038222
0.035678
0.033741
0.033519
0.031909
0.033602
0.032894
0.031302
0.032409
0.030972
0.026568
0.030529
0.031275
0.024735
0.026160
0.029175
0.026369
0.028568
0.025792
0.027712
0.030279
0.024962
0.027390
0.026204
0.023314
0.022684
0.020218
0.021069
0.023294
0.022233
0.025286
0.019567
0.022828
0.015263
0.020882
0.013837
0.014518
0.016611
0.017044
0.014523
0.014782
0.013372
0.012144
0.014383
0.012158
0.015518
0.010155
0.015331
0.011492
0.013636
0.020763
0.019683
0.016427
0.019505
0.009812
0.021728
0.010291
0.012747
0.008577
0.007897
0.015275
0.013252
0.006960
0.007028
0.008095
0.008611
0.006138
0.011733
0.009536
0.005969
0.005752
0.009359
0.002823
0.028180
0.011508
0.034814
0.011472
0.031387
0.027608
0.013329
0.014257
0.018824
0.019790
0.017070
0.008983
0.011235
0.022012
0.010635
0.015886
0.022272
0.013112
0.015184
0.019364
0.029044
0.021093
0.011915
0.020366
0.010396
0.011831
0.010330
0.011598
0.013760
0.023754
0.011310
0.012623
0.018831
0.010484
0.011056
0.016916
0.017279
0.009528
0.007969
0.013282
0.009033
0.005870
0.004604
0.005809
0.007425
0.003150
0.007359
0.003963
0.006013
0.004440
0.005404
0.007606
0.005349
0.005917
0.004439
