0.064882
0.052129
0.051521
0.040884
0.038068
0.036077
0.035159
0.032152
0.023404
0.028196
0.019567
0.022269
0.017486
0.019437
0.022736
0.016428
0.016707
0.014609
0.014105
0.011006
0.014644
0.017762
0.011171
0.023730
0.019817
0.018614
0.014425
0.013115
0.013177
0.011028
0.010104
0.026510
0.030148
0.023780
0.024184
0.024172
0.016907
0.013786
0.012919
0.011333
0.011657
0.019896
0.016154
0.017896
0.016425
0.011126
0.009894
0.009715
0.009874
0.008188
0.006209
0.008447
0.006546
0.009119
0.032252
0.029368
0.027395
0.020144
0.019594
0.021438
0.016612
0.013760
0.014064
0.013738
0.010682
0.007607
0.013246
0.011248
0.009159
0.007322
0.005920
0.009764
0.014054
0.009040
0.006321
0.007998
0.011487
0.011271
0.016026
0.007952
0.010101
0.013530
0.010411
0.011588
0.011260
0.006950
0.007874
0.006853
0.010543
0.009338
0.008390
0.007565
0.007650
0.006475
0.007956
0.006103
0.009223
0.007148
0.005924
0.010916
0.008287
0.005335
0.009274
0.005474
0.005051
0.008217
0.004691
0.008791
0.005548
0.008377
0.010768
0.026762
0.019372
0.018481
0.019210
0.014405
0.019221
0.013073
0.018972
0.018872
0.014882
0.011521
0.012425
0.012456
0.011104
0.010087
0.013400
0.010844
0.010634
0.008406
0.009680
0.008224
0.008994
0.005897
0.007566
0.010393
0.011472
0.011118
0.007272
0.005361
0.007963
0.006807
0.008278
0.007935
0.007974
0.008103
0.007178
0.006011
0.007984
0.005476
