0.081660
0.048717
0.046751
0.039139
0.035599
0.034023
0.034573
0.032011
0.032860
0.025535
0.026544
0.025605
0.026172
0.026595
0.025514
0.050459
0.036789
0.025140
0.025389
0.021787
0.019755
0.017655
0.025606
0.025151
0.055967
0.052561
0.036330
0.036787
0.036642
0.053168
0.043918
0.040542
0.040944
0.042547
0.044202
0.048578
0.039669
0.044433
0.047075
0.037245
0.037737
0.037892
0.039889
0.036118
0.038590
0.033739
0.034093
0.034477
0.033244
0.030798
0.034819
0.035105
0.032295
0.030281
0.033605
0.029099
0.030832
0.028722
0.032623
0.029478
0.028067
0.025553
0.022521
0.022641
0.052630
0.035212
0.026772
0.025110
0.030684
0.026250
0.024133
0.022413
0.024193
0.024228
0.020378
0.023867
0.019724
0.027522
0.019884
0.022558
0.020495
0.023069
0.016905
0.016849
0.017987
0.014976
0.016197
0.017299
0.014373
0.014249
0.012230
0.012915
0.012440
0.013218
0.014185
0.015558
0.015903
0.011187
0.017421
0.015618
0.014659
0.015949
0.018018
0.015552
0.013502
0.013191
0.010157
0.010626
0.009089
0.024327
0.032835
0.036821
0.036806
0.035445
0.032264
0.030092
0.029456
0.028611
0.026413
0.026377
0.025357
0.024641
0.024811
0.026095
0.025215
0.023370
0.025177
0.025920
0.024998
0.024128
0.027829
0.021887
0.024240
0.019181
0.019679
0.021479
0.019782
0.020264
0.019558
0.020431
0.022733
0.026126
0.020999
0.019164
0.018429
0.020740
0.019079
0.018219
0.017742
0.017131
