0.167665
0.263473
0.341317
0.335329
0.407186
0.467066
0.491018
0.604790
0.646707
0.664671
0.664671
0.640719
0.694611
0.688623
0.694611
0.736527
0.724551
0.718563
0.718563
0.736527
0.760479
0.772455
0.790419
0.784431
0.790419
0.754491
0.796407
0.790419
0.802395
0.838323
0.874251
0.916168
0.922156
0.934132
0.934132
0.946108
0.946108
0.940120
0.940120
0.934132
0.946108
0.946108
0.946108
0.952096
0.952096
0.940120
0.952096
0.946108
0.958084
0.946108
0.934132
0.946108
0.952096
0.958084
0.928144
0.958084
0.940120
0.952096
0.940120
0.952096
0.952096
0.958084
0.958084
0.946108
0.940120
0.958084
0.952096
0.964072
0.964072
0.964072
0.964072
0.976048
0.964072
0.964072
0.964072
0.964072
0.976048
0.958084
0.970060
0.970060
0.970060
0.970060
0.970060
0.970060
0.976048
0.970060
0.976048
0.976048
0.976048
0.982036
0.982036
0.982036
0.982036
0.982036
0.982036
0.976048
0.982036
0.982036
0.976048
0.970060
0.970060
0.976048
0.982036
0.976048
0.976048
0.976048
0.982036
0.970060
0.976048
0.970060
0.976048
0.964072
0.976048
0.982036
0.976048
0.976048
0.976048
0.982036
0.982036
0.982036
0.976048
0.982036
0.982036
0.982036
0.970060
0.982036
0.970060
0.982036
0.976048
0.976048
0.976048
0.970060
0.970060
0.970060
0.982036
0.982036
0.982036
0.982036
0.982036
0.982036
0.982036
0.982036
0.976048
0.976048
0.982036
0.970060
0.982036
0.982036
0.982036
0.982036
