0.209581
0.245509
0.401198
0.467066
0.467066
0.580838
0.574850
0.574850
0.598802
0.670659
0.682635
0.700599
0.730539
0.724551
0.838323
0.850299
0.850299
0.892216
0.892216
0.928144
0.910180
0.922156
0.952096
0.958084
0.952096
0.952096
0.964072
0.970060
0.976048
0.970060
0.970060
0.964072
0.976048
0.976048
0.976048
0.976048
0.976048
0.976048
0.982036
0.976048
0.976048
0.976048
0.976048
0.976048
0.982036
0.982036
0.976048
0.976048
0.976048
0.964072
0.982036
0.982036
0.976048
0.976048
0.976048
0.976048
0.976048
0.982036
0.982036
0.976048
0.976048
0.982036
0.982036
0.982036
0.982036
0.970060
0.982036
0.976048
0.982036
0.976048
0.976048
0.982036
0.982036
0.970060
0.988024
0.982036
0.982036
0.982036
0.982036
0.982036
0.982036
0.976048
0.976048
0.970060
0.976048
0.982036
0.982036
0.982036
0.970060
0.982036
0.982036
0.982036
0.982036
0.982036
0.982036
0.982036
0.982036
0.982036
0.982036
0.982036
0.982036
0.982036
0.982036
0.982036
0.982036
0.982036
0.982036
0.982036
0.982036
0.982036
0.982036
0.982036
0.982036
0.982036
0.982036
0.982036
0.982036
0.982036
0.982036
0.982036
0.982036
0.982036
0.982036
0.982036
0.976048
0.970060
0.982036
0.982036
0.976048
0.964072
0.982036
0.982036
0.970060
0.970060
0.970060
0.976048
0.976048
0.982036
0.982036
0.982036
0.982036
0.982036
0.982036
0.982036
0.982036
0.982036
0.982036
0.982036
0.982036
0.982036
