0.073090
0.072011
0.072768
0.071894
0.067472
0.068254
0.067369
0.061077
0.054304
0.055116
0.054742
0.051396
0.049666
0.046836
0.050244
0.045321
0.041522
0.043350
0.042391
0.041352
0.040164
0.036040
0.037394
0.035140
0.031989
0.033229
0.031264
0.028921
0.033313
0.031903
0.026695
0.027823
0.028384
0.023603
0.023101
0.022092
0.021719
0.020338
0.020885
0.021576
0.019463
0.018493
0.013248
0.010740
0.011971
0.014303
0.009480
0.016274
0.009613
0.014256
0.010887
0.012839
0.008950
0.009790
0.009986
0.014174
0.007252
0.007351
0.005062
0.009338
0.006893
0.010596
0.007558
0.016835
0.011971
0.006808
0.007333
0.011952
0.009269
0.006958
0.006420
0.009289
0.006907
0.007142
0.004943
0.002744
0.007157
0.005045
0.007645
0.005612
0.003861
0.004956
0.003004
0.005769
0.005209
0.009043
0.004141
0.002993
0.004162
0.002094
0.004351
0.004334
0.005965
0.005504
0.003367
0.001996
0.007131
0.002018
0.004795
0.001627
0.001435
0.001531
0.002831
0.001795
0.004051
0.001980
0.001549
0.003000
0.003269
0.002208
0.004084
0.001563
0.001211
0.001690
0.001619
0.001192
0.002312
0.001443
0.003028
0.001227
0.002526
0.002108
0.002411
0.002004
0.002964
0.002458
0.001274
0.002827
0.002090
0.002549
0.001548
0.008911
0.008087
0.001341
0.001113
0.001508
0.002654
0.003114
0.001009
0.000973
0.004135
0.001722
0.002561
0.001112
0.001208
0.000465
0.001390
0.002190
0.001062
0.000473
