0.074402
0.066863
0.067356
0.065421
0.065670
0.066251
0.065009
0.065539
0.060046
0.060666
0.059303
0.059180
0.059225
0.051561
0.052343
0.048304
0.048605
0.051491
0.044946
0.042579
0.043263
0.041530
0.036600
0.039377
0.035723
0.035117
0.032978
0.030016
0.030786
0.028888
0.027210
0.026817
0.026581
0.023677
0.021903
0.020446
0.020908
0.017917
0.020921
0.016761
0.015692
0.017963
0.013960
0.015241
0.013708
0.019170
0.015169
0.013683
0.013855
0.008894
0.010183
0.009699
0.010528
0.010582
0.008945
0.008710
0.009520
0.013699
0.008765
0.008128
0.008727
0.006474
0.008161
0.008233
0.003911
0.007054
0.009013
0.007485
0.005038
0.004158
0.006610
0.006362
0.005171
0.006148
0.005036
0.007102
0.004621
0.003975
0.008906
0.003610
0.003061
0.004141
0.004330
0.004865
0.003668
0.005516
0.006708
0.003166
0.002229
0.005079
0.004417
0.006266
0.003834
0.003832
0.002415
0.003947
0.002527
0.008950
0.003795
0.002296
0.003982
0.002781
0.004474
0.006873
0.005742
0.003003
0.002047
0.002299
0.002169
0.001803
0.002638
0.004285
0.002257
0.003806
0.002696
0.001823
0.013509
0.002765
0.005454
0.015502
0.003526
0.003422
0.003351
0.002811
0.001496
0.001474
0.003392
0.002516
0.002442
0.002290
0.002440
0.001619
0.003934
0.002564
0.001724
0.003530
0.002284
0.001393
0.003137
0.002462
0.006401
0.001781
0.003936
0.002898
0.002822
0.001685
0.002328
0.003380
0.002684
0.002012
