0.290062
0.122953
0.077980
0.072545
0.070311
0.071116
0.070498
0.070767
0.070983
0.069252
0.067732
0.067781
0.067994
0.066931
0.066225
0.066981
0.066238
0.067575
0.065953
0.065946
0.065598
0.066312
0.065477
0.065477
0.064263
0.065598
0.066180
0.065568
0.065418
0.065248
0.065175
0.064994
0.064762
0.063972
0.064885
0.064144
0.064651
0.064074
0.064725
0.065499
0.063307
0.065728
0.064325
0.064725
0.063099
0.063770
0.063477
0.063264
0.065214
0.065426
0.065986
0.063833
0.060594
0.062553
0.063124
0.063161
0.061072
0.059392
0.058163
0.057016
0.059109
0.058404
0.057556
0.054707
0.055153
0.054489
0.054352
0.052748
0.055026
0.054223
0.050592
0.054087
0.050972
0.050046
0.045747
0.046493
0.049394
0.044439
0.045732
0.045078
0.045355
0.043497
0.044453
0.045197
0.041666
0.043110
0.041715
0.040930
0.041530
0.037654
0.038817
0.035578
0.034084
0.034382
0.034969
0.034112
0.035119
0.037627
0.034457
0.035924
0.032935
0.035677
0.029771
0.032679
0.031426
0.028084
0.031396
0.030892
0.031352
0.031760
0.031849
0.028784
0.027174
0.029014
0.027314
0.028843
0.027674
0.027840
0.029166
0.026714
0.027045
0.029159
0.026916
0.027534
0.027072
0.026372
0.024620
0.025386
0.024420
0.025803
0.022584
0.025729
0.023592
0.023449
0.023682
0.024371
0.021427
0.024393
0.022956
0.021833
0.021634
0.021864
0.024896
0.021887
0.023208
0.019966
0.022389
0.026005
0.020828
0.022930
