0.161602
0.084912
0.069708
0.070519
0.072848
0.071518
0.070637
0.070709
0.069373
0.068035
0.068802
0.067861
0.067246
0.066226
0.066165
0.066165
0.065453
0.066074
0.065997
0.065243
0.064878
0.065550
0.065244
0.063820
0.063477
0.062365
0.061994
0.059193
0.061898
0.058569
0.060512
0.062027
0.058549
0.059506
0.058879
0.055736
0.056411
0.055199
0.058774
0.057371
0.055123
0.049541
0.052807
0.049525
0.050394
0.049394
0.050066
0.046450
0.046382
0.043962
0.044646
0.048623
0.042018
0.041955
0.042609
0.040652
0.042740
0.039649
0.038935
0.041386
0.035819
0.038960
0.034266
0.036509
0.032799
0.030910
0.030054
0.028408
0.030350
0.028299
0.028461
0.024897
0.028508
0.025210
0.027002
0.026164
0.026663
0.025329
0.023906
0.024845
0.023970
0.020661
0.021871
0.021035
0.020725
0.019792
0.017380
0.019011
0.016585
0.015180
0.017296
0.015430
0.016373
0.016633
0.016178
0.014495
0.013800
0.014831
0.013254
0.013028
0.012754
0.013328
0.011397
0.011827
0.010899
0.009530
0.010269
0.010573
0.009124
0.010044
0.009571
0.008796
0.009054
0.008341
0.009604
0.009313
0.009746
0.008974
0.009642
0.009629
0.007625
0.008463
0.007539
0.008366
0.007722
0.007153
0.007611
0.007082
0.006734
0.007633
0.007442
0.007218
0.007961
0.006687
0.006212
0.006812
0.006747
0.005629
0.007884
0.006825
0.006782
0.006022
0.005949
0.005549
0.005696
0.004602
0.005752
0.004253
0.005362
0.004170
