0.083811
0.072023
0.071070
0.070600
0.069531
0.068268
0.066275
0.067171
0.071173
0.065902
0.065015
0.060363
0.057665
0.054079
0.050798
0.054091
0.045540
0.047840
0.049988
0.046756
0.043096
0.041527
0.038214
0.039634
0.035880
0.037542
0.034448
0.035949
0.031470
0.028589
0.029604
0.032005
0.026300
0.029942
0.030649
0.023258
0.028086
0.022248
0.027231
0.018008
0.020024
0.020149
0.022181
0.016506
0.018505
0.014896
0.015982
0.015350
0.013234
0.009665
0.013070
0.009947
0.012818
0.012906
0.009602
0.008860
0.010000
0.006997
0.008303
0.006624
0.010461
0.006518
0.010682
0.010650
0.008197
0.006186
0.008918
0.006383
0.012152
0.009629
0.014653
0.005159
0.010308
0.011742
0.009280
0.009048
0.018847
0.011428
0.009469
0.014660
0.007851
0.011443
0.018536
0.009479
0.010360
0.006931
0.012563
0.009512
0.010224
0.005564
0.009871
0.006012
0.012352
0.010488
0.007324
0.004140
0.010302
0.005375
0.005915
0.008232
0.004512
0.004861
0.003119
0.003036
0.002370
0.003032
0.004997
0.003846
0.002593
0.006854
0.003153
0.009022
0.003181
0.003565
0.005152
0.003185
0.003634
0.006667
0.001534
0.004242
0.001090
0.001360
0.002777
0.007897
0.003398
0.005395
0.008412
0.043691
0.018167
0.017158
0.019246
0.027323
0.011370
0.007385
0.003992
0.005800
0.003942
0.000996
0.007591
0.006253
0.005308
0.004572
0.004629
0.003375
0.003477
0.002165
0.001739
0.002191
0.001683
0.001492
