0.329637
0.217815
0.158302
0.156863
0.144872
0.134289
0.116381
0.089635
0.086172
0.076692
0.072614
0.056818
0.068649
0.063417
0.057581
0.054420
0.048945
0.042733
0.043146
0.037618
0.037616
0.030688
0.033328
0.023186
0.024989
0.022703
0.021814
0.024732
0.018610
0.021315
0.017496
0.015061
0.015369
0.017199
0.014881
0.014166
0.014062
0.010255
0.014025
0.009419
0.010420
0.008149
0.007873
0.006956
0.005804
0.008946
0.006996
0.006204
0.008113
0.005528
0.003266
0.005264
0.005244
0.003368
0.003467
0.003459
0.002130
0.002576
0.003672
0.003740
0.002636
0.002348
0.002351
0.002281
0.001623
0.001363
0.001588
0.001689
0.002007
0.001787
0.001306
0.001116
0.001988
0.001523
0.001497
0.000911
0.001181
0.001165
0.000875
0.000957
0.000819
0.001020
0.000935
0.000670
0.000680
0.000802
0.000879
0.001079
0.000616
0.000604
0.000888
0.000888
0.000803
0.000956
0.000642
0.000546
0.000591
0.000632
0.000884
0.000477
0.000543
0.000563
0.000599
0.000598
0.000372
0.000317
0.000375
0.000377
0.000349
0.000543
0.000331
0.000444
0.000484
0.000251
0.000320
0.000398
0.000318
0.000470
0.000270
0.000328
0.000280
0.000215
0.000399
0.000218
0.000246
0.000189
0.000268
0.000277
0.000265
0.000119
0.000190
0.000174
0.000159
0.000197
0.000256
0.000169
0.000180
0.000198
0.000165
0.000137
0.000118
0.000202
0.000180
0.000180
0.000128
0.000133
0.000142
0.000162
0.000084
0.000102
