0.090063
0.071059
0.072466
0.071610
0.070809
0.070128
0.070357
0.068639
0.070735
0.071291
0.070877
0.067906
0.070353
0.068885
0.067260
0.067668
0.064116
0.064575
0.065510
0.063179
0.065025
0.061297
0.063194
0.061905
0.060601
0.058840
0.058668
0.058305
0.056493
0.056559
0.051431
0.056590
0.055268
0.053347
0.052035
0.052485
0.052071
0.050166
0.051463
0.047117
0.042195
0.043883
0.044557
0.043545
0.042847
0.041990
0.039352
0.040629
0.040171
0.035289
0.032127
0.031469
0.029390
0.032602
0.029530
0.032884
0.027636
0.024756
0.027402
0.023134
0.022258
0.026165
0.032322
0.029267
0.035805
0.026670
0.023711
0.025258
0.021482
0.020275
0.019360
0.016412
0.019916
0.015392
0.016075
0.013604
0.016209
0.013161
0.016950
0.015162
0.013092
0.014567
0.015397
0.011600
0.013149
0.012312
0.013106
0.014471
0.010509
0.013171
0.018093
0.021026
0.010405
0.011649
0.011799
0.014497
0.011617
0.009982
0.010131
0.009889
0.008820
0.011327
0.008073
0.006152
0.008458
0.007643
0.009331
0.006599
0.010701
0.006169
0.006896
0.015703
0.005950
0.005522
0.005883
0.005465
0.006919
0.007425
0.005335
0.004085
0.003056
0.007220
0.004569
0.006363
0.003462
0.003871
0.003599
0.006720
0.003345
0.003143
0.004367
0.003373
0.004386
0.004005
0.002224
0.002463
0.003620
0.002412
0.002728
0.001980
0.008374
0.003118
0.004295
0.004750
0.003572
0.003402
0.002546
0.002677
0.002956
0.001321
