0.116940
0.087167
0.074306
0.072111
0.070672
0.069176
0.069141
0.069147
0.068153
0.070737
0.069604
0.067837
0.066842
0.067493
0.065433
0.063053
0.066472
0.066523
0.066916
0.065488
0.063939
0.065024
0.065438
0.064913
0.062766
0.060510
0.056953
0.057443
0.058621
0.058678
0.056364
0.056870
0.057117
0.054743
0.053657
0.056183
0.054933
0.050008
0.052488
0.049108
0.054714
0.055014
0.048938
0.047467
0.044218
0.047869
0.044452
0.040576
0.042989
0.040360
0.039694
0.041353
0.037883
0.034638
0.038461
0.033822
0.032106
0.033734
0.032016
0.030992
0.029941
0.035543
0.029806
0.027590
0.027453
0.022968
0.024173
0.024211
0.024573
0.020534
0.023650
0.027118
0.020458
0.019961
0.017655
0.021267
0.019514
0.016260
0.018039
0.016117
0.017824
0.015976
0.018271
0.023982
0.018863
0.018984
0.017992
0.018064
0.016923
0.017620
0.018071
0.013248
0.014184
0.017756
0.013315
0.010317
0.010556
0.010394
0.007567
0.008245
0.007374
0.012200
0.009483
0.010593
0.008647
0.009303
0.009888
0.009124
0.006696
0.011083
0.011053
0.011565
0.006584
0.006935
0.006023
0.006540
0.009642
0.006034
0.006483
0.005038
0.010081
0.002489
0.003768
0.010611
0.004719
0.004856
0.004718
0.006168
0.003800
0.006342
0.003254
0.003831
0.003047
0.002470
0.012652
0.004050
0.016587
0.010384
0.013777
0.015184
0.016164
0.007099
0.015996
0.009792
0.007976
0.004985
0.003654
0.011422
0.004244
0.014314
