0.071924
0.070425
0.071828
0.071015
0.071603
0.069186
0.068214
0.064819
0.060073
0.056631
0.058310
0.055256
0.053078
0.052682
0.052052
0.054262
0.052883
0.053769
0.052461
0.048805
0.052624
0.047150
0.045442
0.045779
0.046672
0.045163
0.045409
0.042640
0.041812
0.037121
0.034978
0.038565
0.037508
0.039383
0.036481
0.036067
0.035872
0.034757
0.035481
0.034832
0.038587
0.036770
0.036991
0.034167
0.036625
0.038662
0.029203
0.027905
0.030479
0.035765
0.031363
0.030780
0.030959
0.028655
0.029523
0.030240
0.031629
0.030076
0.024345
0.029149
0.026726
0.028031
0.020986
0.021765
0.022899
0.023747
0.023966
0.020500
0.030276
0.017326
0.026446
0.022553
0.019377
0.020714
0.020490
0.015844
0.013475
0.015748
0.016566
0.015469
0.015185
0.017335
0.022898
0.013575
0.026000
0.017529
0.032213
0.022925
0.019864
0.017268
0.023137
0.029284
0.030434
0.024445
0.028829
0.022246
0.021658
0.023963
0.029143
0.020012
0.023347
0.014439
0.018152
0.014134
0.026109
0.015346
0.016269
0.017599
0.017528
0.019899
0.012979
0.012437
0.021804
0.015221
0.011853
0.016317
0.010571
0.013629
0.010321
0.010207
0.007563
0.011554
0.013154
0.008411
0.006723
0.019650
0.030484
0.007030
0.010089
0.009374
0.011048
0.005617
0.005929
0.005754
0.008261
0.005093
0.013833
0.007568
0.008718
0.006480
0.006709
0.006795
0.005764
0.008264
0.012500
0.004309
0.009199
0.006780
0.010480
0.008489
