0.067175
0.064297
0.065962
0.064104
0.060800
0.063546
0.061331
0.057787
0.059097
0.060991
0.054325
0.053338
0.052817
0.049140
0.052876
0.051108
0.048139
0.045008
0.044694
0.048207
0.042907
0.042573
0.043680
0.045569
0.037764
0.036189
0.040465
0.041030
0.034619
0.040987
0.033853
0.035648
0.034696
0.039222
0.032479
0.036775
0.032769
0.037435
0.033241
0.033992
0.030227
0.030893
0.030163
0.029451
0.024089
0.031710
0.023439
0.027544
0.029314
0.030762
0.032077
0.026682
0.025366
0.023172
0.025005
0.023398
0.023300
0.027951
0.021524
0.023182
0.017941
0.025928
0.026116
0.024825
0.028528
0.022090
0.024483
0.018126
0.016886
0.019161
0.015921
0.022648
0.020084
0.010861
0.015884
0.025250
0.018585
0.016668
0.022000
0.013882
0.014237
0.020340
0.015415
0.020642
0.015695
0.013457
0.011968
0.015364
0.015676
0.023826
0.013733
0.027042
0.019277
0.015507
0.025161
0.017770
0.011493
0.017515
0.015325
0.013029
0.015024
0.010866
0.011935
0.012142
0.008682
0.014630
0.020584
0.013746
0.018300
0.014041
0.017017
0.013980
0.009812
0.013904
0.012239
0.022595
0.018716
0.023787
0.020571
0.020261
0.017810
0.019349
0.015492
0.011293
0.015459
0.015706
0.008848
0.013566
0.018102
0.011739
0.011352
0.010764
0.008537
0.009886
0.008916
0.010684
0.006750
0.011883
0.008150
0.006322
0.008591
0.006380
0.008484
0.006690
0.007284
0.009498
0.007686
0.004662
0.010510
0.012587
