0.106380
0.093222
0.079341
0.080587
0.069987
0.066208
0.069268
0.066965
0.062642
0.068517
0.058160
0.065508
0.063244
0.071738
0.071392
0.067997
0.064549
0.059118
0.065173
0.058547
0.059570
0.059577
0.051815
0.057862
0.050208
0.046975
0.052276
0.044538
0.042735
0.041227
0.041485
0.042454
0.039264
0.036415
0.035273
0.030568
0.037303
0.033207
0.031018
0.035805
0.026361
0.028786
0.022665
0.023165
0.020634
0.020650
0.017548
0.015679
0.021805
0.013566
0.014732
0.013573
0.015365
0.013358
0.020107
0.010318
0.009935
0.011122
0.010330
0.008815
0.008110
0.006789
0.006463
0.007728
0.002971
0.006194
0.004443
0.006297
0.007407
0.006739
0.003391
0.002467
0.001441
0.004479
0.002153
0.001971
0.002124
0.002410
0.003419
0.000988
0.001324
0.000764
0.001175
0.000454
0.000477
0.000577
0.000786
0.000558
0.000579
0.000396
0.000305
0.000904
0.000551
0.000271
0.001169
0.000261
0.000728
0.000787
0.000282
0.000999
0.000652
0.000678
0.000404
0.000961
0.000288
0.000518
0.000327
0.000971
0.000407
0.000943
0.000646
0.000253
0.000811
0.000252
0.000689
0.000320
0.003307
0.004711
0.007542
0.002756
0.016637
0.013485
0.007523
0.001328
0.001969
0.002407
0.004041
0.003050
0.008003
0.001204
0.010780
0.010347
0.008911
0.001689
0.003158
0.005891
0.003857
0.002018
0.002529
0.012188
0.002434
0.001068
0.000554
0.007148
0.001304
0.015283
0.008407
0.001903
0.014670
0.032078
