0.150071
0.125497
0.092924
0.086661
0.075737
0.073868
0.070637
0.070854
0.066836
0.059927
0.066009
0.067165
0.061313
0.064132
0.059109
0.058036
0.057786
0.052274
0.051242
0.052082
0.047313
0.049304
0.046810
0.042120
0.038840
0.041981
0.036144
0.037699
0.036707
0.036377
0.031274
0.025268
0.032588
0.027380
0.031751
0.029757
0.027869
0.023797
0.018601
0.021220
0.018564
0.019892
0.018124
0.019571
0.020894
0.015541
0.018366
0.015409
0.012973
0.013457
0.008862
0.013597
0.007348
0.010396
0.007072
0.008871
0.004934
0.006021
0.008532
0.006618
0.003973
0.004911
0.005914
0.005128
0.005312
0.004539
0.003102
0.002600
0.002225
0.001853
0.001526
0.002781
0.001504
0.001543
0.001470
0.003227
0.001479
0.002099
0.000792
0.000826
0.000932
0.001002
0.000891
0.000644
0.000694
0.001658
0.001514
0.015224
0.012510
0.019166
0.009823
0.008639
0.004529
0.002448
0.004880
0.009154
0.002295
0.034788
0.014925
0.013971
0.027411
0.022626
0.039408
0.025780
0.015333
0.016219
0.005971
0.004990
0.011633
0.006845
0.008831
0.003326
0.035321
0.017952
0.012766
0.021093
0.007326
0.006620
0.014946
0.013770
0.002903
0.005315
0.005393
0.003679
0.004868
0.001463
0.001984
0.003464
0.001178
0.003003
0.000847
0.002432
0.000858
0.000641
0.001284
0.000417
0.000656
0.001247
0.001074
0.000497
0.000519
0.000647
0.000334
0.000475
0.000249
0.000288
0.000242
0.000229
0.000341
0.000275
