0.070071
0.067715
0.066849
0.062144
0.059783
0.058603
0.060289
0.060373
0.056886
0.056535
0.052776
0.056038
0.053288
0.049409
0.051266
0.051931
0.047023
0.046459
0.040909
0.038599
0.037974
0.038270
0.033797
0.039693
0.035209
0.026170
0.033993
0.029887
0.031152
0.022055
0.032522
0.023549
0.022788
0.026904
0.028860
0.029781
0.022947
0.023107
0.016029
0.023755
0.018715
0.017412
0.018967
0.018421
0.015336
0.016756
0.017066
0.015585
0.019926
0.018177
0.022568
0.022139
0.016433
0.011582
0.012454
0.017334
0.014824
0.012818
0.010428
0.012249
0.012105
0.010992
0.012264
0.014097
0.014331
0.013535
0.012345
0.013344
0.008711
0.009275
0.014519
0.009363
0.011749
0.005840
0.014886
0.005322
0.006198
0.010450
0.006884
0.007062
0.003466
0.004560
0.008083
0.007259
0.006415
0.007548
0.007634
0.011796
0.004366
0.004585
0.011842
0.005145
0.007139
0.003460
0.005225
0.003748
0.004498
0.008002
0.010985
0.005284
0.018594
0.004935
0.005839
0.004885
0.005146
0.003565
0.004951
0.003950
0.004416
0.002606
0.001846
0.007019
0.009150
0.014930
0.018376
0.021541
0.007483
0.003931
0.008646
0.007046
0.007103
0.012365
0.010779
0.014337
0.012984
0.009569
0.005095
0.008362
0.015063
0.012137
0.011425
0.011689
0.009462
0.011777
0.007530
0.008390
0.015041
0.017213
0.006473
0.006648
0.007875
0.006672
0.008990
0.004563
0.008566
0.004282
0.002594
0.014111
0.008305
0.003674
