0.073551
0.071675
0.070341
0.070886
0.069311
0.068428
0.068643
0.069892
0.068682
0.066734
0.068323
0.064625
0.062222
0.060690
0.054451
0.054889
0.046914
0.045066
0.042270
0.047292
0.041115
0.040302
0.042035
0.034250
0.035043
0.035200
0.038104
0.032219
0.032656
0.031497
0.027652
0.031399
0.029130
0.022715
0.023106
0.025058
0.019693
0.022178
0.020795
0.019148
0.019326
0.019355
0.015623
0.014185
0.017434
0.024190
0.014122
0.019416
0.013681
0.014134
0.012200
0.010971
0.010667
0.014675
0.013838
0.011114
0.015552
0.009217
0.010844
0.017275
0.013302
0.007609
0.011889
0.009008
0.005956
0.011331
0.009408
0.009558
0.006438
0.009061
0.014372
0.005435
0.005549
0.004859
0.005094
0.005468
0.005036
0.006222
0.010322
0.005821
0.002723
0.003737
0.002559
0.005166
0.004178
0.013690
0.013421
0.005266
0.023264
0.007782
0.011557
0.010902
0.014009
0.004573
0.004321
0.017105
0.012172
0.006495
0.006423
0.008724
0.006555
0.002765
0.008269
0.006027
0.012757
0.010791
0.011553
0.009955
0.020568
0.013209
0.007400
0.014481
0.007577
0.004360
0.006184
0.002457
0.003192
0.003952
0.005799
0.004006
0.002547
0.001584
0.002064
0.002274
0.002389
0.001272
0.002480
0.000741
0.002423
0.000867
0.000969
0.001314
0.000684
0.001196
0.001873
0.000663
0.000570
0.000846
0.001857
0.000571
0.000486
0.004387
0.002688
0.000852
0.005099
0.002580
0.001375
0.003434
0.005612
0.005869
