0.063255
0.045482
0.036680
0.027584
0.022018
0.018915
0.016029
0.012309
0.010190
0.008412
0.006539
0.005966
0.005471
0.004271
0.003544
0.003407
0.002856
0.002622
0.001992
0.001784
0.001611
0.001422
0.000990
0.001348
0.001247
0.001382
0.001523
0.001312
0.001465
0.002838
0.001859
0.002413
0.001976
0.002139
0.001245
0.000897
0.000543
0.000569
0.000471
0.000298
0.000221
0.000251
0.000154
0.000145
0.000209
0.000224
0.000195
0.000145
0.000125
0.000122
0.000091
0.000100
0.000119
0.000090
0.000087
0.000073
0.000070
0.000067
0.000045
0.000063
0.000061
0.000050
0.000049
0.000044
0.000045
0.000038
0.000035
0.000037
0.000043
0.000037
0.000036
0.000036
0.000027
0.000035
0.000074
0.000804
0.010063
0.014473
0.015374
0.009923
0.004549
0.002959
0.003002
0.001765
0.001753
0.001699
0.001108
0.001211
0.000535
0.000785
0.000421
0.000335
0.000279
0.000304
0.000223
0.000155
0.000133
0.000140
0.000146
0.000126
0.000090
0.000078
0.000090
0.000087
0.000068
0.000104
0.000064
0.000067
0.000059
0.000054
0.000044
0.000068
0.000075
0.000073
0.000051
0.000046
0.000098
0.000144
0.000073
0.000076
0.000059
0.000067
0.000065
0.000045
0.000044
0.000039
0.000035
0.000034
0.000040
0.000023
0.000032
0.000033
0.000034
0.000034
0.000034
0.000028
0.000028
0.000030
0.000024
0.000030
0.000023
0.000032
0.000024
0.000021
0.000024
0.000025
0.000023
0.000019
0.000020
0.000023
