0.063140
0.044908
0.035453
0.028471
0.024858
0.019312
0.015902
0.012890
0.011806
0.009786
0.007418
0.008244
0.006164
0.006254
0.004503
0.003688
0.003682
0.003157
0.002902
0.002377
0.002505
0.003407
0.002268
0.003284
0.004046
0.003405
0.003606
0.002843
0.002690
0.001878
0.001653
0.000719
0.000682
0.000566
0.000402
0.000621
0.001601
0.001154
0.000988
0.000954
0.002740
0.001319
0.000644
0.000438
0.000246
0.000222
0.000182
0.000161
0.000188
0.000172
0.000173
0.000228
0.000180
0.000178
0.000415
0.000259
0.000362
0.001289
0.000368
0.000213
0.000206
0.000157
0.000071
0.000062
0.000060
0.000056
0.000076
0.000105
0.000048
0.000098
0.000095
0.000042
0.000043
0.000037
0.000045
0.000055
0.000039
0.000032
0.000036
0.000044
0.000037
0.000024
0.000023
0.000025
0.000031
0.000029
0.000022
0.000019
0.000029
0.000021
0.000024
0.000018
0.000019
0.000020
0.000022
0.000021
0.000022
0.000025
0.000021
0.000018
0.000023
0.000021
0.000019
0.000027
0.000021
0.000017
0.000021
0.000015
0.000015
0.000016
0.000012
0.000012
0.000013
0.000014
0.000013
0.000015
0.000019
0.000016
0.000021
0.000013
0.000016
0.000012
0.000014
0.000012
0.000020
0.000019
0.000020
0.000009
0.000012
0.000012
0.000011
0.000009
0.000013
0.000011
0.000010
0.000010
0.000010
0.000011
0.000011
0.000007
0.000008
0.000026
0.000012
0.000023
0.000308
0.000462
0.000483
0.000805
0.014066
0.018039
