0.059400
0.044729
0.035083
0.027933
0.020607
0.016650
0.015205
0.014283
0.013402
0.011231
0.009443
0.006746
0.007164
0.006293
0.005299
0.004248
0.004699
0.004400
0.004043
0.003679
0.003582
0.002788
0.002062
0.002291
0.002171
0.001869
0.001598
0.001433
0.000998
0.001275
0.000804
0.000851
0.001503
0.001393
0.004355
0.003769
0.003538
0.002953
0.002758
0.004800
0.009656
0.007967
0.007510
0.004790
0.003425
0.002707
0.002068
0.001064
0.001195
0.001024
0.000570
0.000345
0.000373
0.000315
0.000325
0.000331
0.000267
0.000384
0.000258
0.000203
0.000231
0.000153
0.000140
0.000171
0.000180
0.000138
0.000150
0.000182
0.000157
0.000375
0.000459
0.000199
0.000134
0.000122
0.000111
0.000130
0.000078
0.000082
0.000090
0.000097
0.000070
0.000068
0.000072
0.000065
0.000055
0.000066
0.000057
0.000070
0.000052
0.000037
0.000057
0.000063
0.000043
0.000047
0.000064
0.000051
0.000037
0.000041
0.000043
0.000047
0.000036
0.000038
0.000052
0.000042
0.000031
0.000035
0.000174
0.000199
0.000583
0.000553
0.001102
0.001309
0.002085
0.002000
0.001868
0.002831
0.004672
0.005560
0.004669
0.007033
0.009174
0.009484
0.004669
0.004598
0.002841
0.002693
0.001644
0.001210
0.001142
0.000571
0.000428
0.000354
0.000435
0.000476
0.000487
0.000593
0.000244
0.000266
0.000287
0.000173
0.000150
0.000143
0.000077
0.000085
0.000066
0.000113
0.000074
0.000063
0.000144
0.000239
