0.170000
0.165000
0.165000
0.165000
0.165000
0.165000
0.165000
0.165000
0.165000
0.165000
0.165000
0.165000
0.165000
0.165000
0.165000
0.165000
0.165000
0.165000
0.165000
0.165000
0.165000
0.165000
0.165000
0.165000
0.165000
0.165000
0.165000
0.165000
0.165000
0.165000
0.165000
0.165000
0.165000
0.165000
0.165000
0.165000
0.165000
0.165000
0.165000
0.165000
0.165000
0.165000
0.165000
0.165000
0.165000
0.165000
0.165000
0.165000
0.165000
0.165000
0.165000
0.165000
0.165000
0.165000
0.165000
0.165000
0.165000
0.165000
0.165000
0.165000
0.200000
0.215000
0.265000
0.245000
0.265000
0.245000
0.260000
0.280000
0.225000
0.210000
0.290000
0.225000
0.225000
0.250000
0.230000
0.245000
0.280000
0.260000
0.245000
0.260000
0.270000
0.285000
0.250000
0.285000
0.270000
0.300000
0.270000
0.300000
0.295000
0.305000
0.270000
0.295000
0.305000
0.305000
0.305000
0.305000
0.320000
0.325000
0.325000
0.320000
0.325000
0.325000
0.325000
0.320000
0.325000
0.325000
0.325000
0.325000
0.325000
0.325000
0.325000
0.325000
0.335000
0.330000
0.335000
0.335000
0.335000
0.335000
0.335000
0.335000
0.335000
0.335000
0.335000
0.335000
0.335000
0.335000
0.335000
0.335000
0.335000
0.335000
0.335000
0.335000
0.335000
0.335000
0.335000
0.335000
0.335000
0.335000
0.335000
0.335000
0.335000
0.340000
0.335000
0.335000
0.340000
0.340000
0.340000
0.355000
0.335000
0.335000
