0.242894
0.062597
0.062712
0.062712
0.062712
0.062712
0.062712
0.062712
0.062712
0.062712
0.062712
0.062712
0.062323
0.062830
0.062712
0.062712
0.062752
0.062406
0.062400
0.062521
0.062362
0.062287
0.061933
0.061740
0.061897
0.062015
0.061778
0.061348
0.062333
0.062283
0.062478
0.061237
0.061584
0.062010
0.061184
0.061967
0.061662
0.060212
0.059653
0.061949
0.062712
0.061188
0.060986
0.060751
0.060087
0.059798
0.060078
0.059099
0.060726
0.060572
0.060239
0.058453
0.058820
0.059879
0.058485
0.058744
0.061180
0.062712
0.062712
0.062712
0.062712
0.062712
0.062712
0.062712
0.062712
0.062712
0.062712
0.062712
0.062712
0.062712
0.062712
0.062712
0.062712
0.062712
0.062712
0.062712
0.062712
0.062712
0.062712
0.062712
0.062712
0.062712
0.062712
0.062712
0.062712
0.062712
0.062712
0.062712
0.062712
0.062712
0.062712
0.062712
0.062712
0.062712
0.062712
0.062712
0.062712
0.062712
0.062712
0.062712
0.062712
0.062712
0.062712
0.062712
0.062712
0.062712
0.062595
0.065754
0.062712
0.062712
0.062712
0.062712
0.062712
0.062712
0.062712
0.062712
0.062712
0.062712
0.062712
0.062712
0.062712
0.062712
0.062712
0.062712
0.062712
0.062712
0.062712
0.062712
0.062712
0.062712
0.062712
0.062712
0.062712
0.062712
0.062712
0.062712
0.062712
0.062712
0.062712
0.062712
0.062712
0.062712
0.062712
0.062712
0.062712
0.062712
0.062712
0.062712
0.062712
0.062712
