0.194229
0.131588
0.097383
0.068167
0.069302
0.069796
0.068016
0.069349
0.066531
0.065548
0.062868
0.064999
0.070450
0.062751
0.061075
0.063093
0.059535
0.061570
0.060609
0.058720
0.057973
0.055351
0.058217
0.057513
0.051652
0.049363
0.050371
0.049065
0.049636
0.049257
0.038503
0.041609
0.041123
0.031327
0.030484
0.030449
0.031321
0.026913
0.029912
0.022896
0.021870
0.029000
0.019987
0.018116
0.019113
0.020952
0.023818
0.020186
0.018038
0.019478
0.017558
0.015385
0.018805
0.013822
0.013966
0.010670
0.012353
0.012304
0.011144
0.007749
0.008903
0.014327
0.012437
0.010957
0.009199
0.007935
0.009208
0.006240
0.008992
0.006922
0.010054
0.007176
0.011186
0.005896
0.009212
0.006247
0.007353
0.006896
0.010236
0.011456
0.002763
0.026178
0.013153
0.029399
0.023476
0.020819
0.008577
0.016378
0.012219
0.008826
0.006832
0.007941
0.006270
0.005347
0.005873
0.004223
0.002997
0.005786
0.007102
0.003406
0.008255
0.005170
0.002426
0.001500
0.002945
0.003128
0.005177
0.003717
0.006433
0.001540
0.010858
0.004760
0.002509
0.009949
0.003015
0.005848
0.004396
0.003458
0.005319
0.002715
0.008899
0.004822
0.004456
0.001891
0.002662
0.004247
0.003342
0.003662
0.005412
0.001673
0.001262
0.007366
0.001944
0.001410
0.002690
0.001673
0.002449
0.001445
0.001640
0.001000
0.000704
0.001729
0.000748
0.003794
0.002716
0.001138
0.009290
0.001564
0.003631
0.000646
