0.242950
0.152798
0.138017
0.108123
0.108096
0.086977
0.085609
0.085209
0.080072
0.076913
0.061055
0.064493
0.051153
0.057072
0.054309
0.050558
0.049857
0.049350
0.050565
0.044765
0.047865
0.044805
0.047102
0.041299
0.042763
0.041357
0.040244
0.034318
0.037722
0.034822
0.037780
0.033618
0.028920
0.025978
0.029575
0.024085
0.028632
0.027227
0.021608
0.028247
0.024084
0.019253
0.023496
0.018290
0.022128
0.015531
0.017718
0.020004
0.011690
0.017156
0.016963
0.015803
0.015671
0.014384
0.016640
0.016559
0.012524
0.014601
0.008325
0.013675
0.008625
0.011322
0.008999
0.008481
0.008515
0.006829
0.006784
0.011387
0.007445
0.004570
0.007355
0.006293
0.006549
0.007427
0.006308
0.006375
0.004997
0.009061
0.008252
0.004921
0.010575
0.009275
0.010070
0.006909
0.011713
0.009424
0.005623
0.009783
0.005725
0.002791
0.005803
0.002352
0.003453
0.007204
0.004891
0.003497
0.002174
0.002228
0.001021
0.002127
0.001409
0.000997
0.001942
0.001492
0.001465
0.001380
0.000748
0.000504
0.000655
0.000691
0.001015
0.002724
0.000605
0.000850
0.000796
0.000376
0.001097
0.000889
0.000835
0.000636
0.000774
0.001205
0.000506
0.001455
0.000436
0.001008
0.000903
0.000644
0.000905
0.000530
0.000376
0.000522
0.000281
0.000243
0.000371
0.000581
0.000234
0.000319
0.000365
0.000287
0.001679
0.001554
0.000721
0.000416
0.002639
0.003442
0.002003
0.002160
0.001294
0.003302
