0.140302
0.089806
0.083685
0.075163
0.070537
0.071280
0.070934
0.070687
0.070812
0.071298
0.070344
0.069287
0.067914
0.068817
0.069180
0.071251
0.072924
0.066718
0.065814
0.066810
0.064936
0.066851
0.066553
0.065223
0.067592
0.064318
0.066796
0.064138
0.065388
0.065959
0.068119
0.065195
0.062436
0.066238
0.062765
0.060988
0.061971
0.065271
0.061862
0.062831
0.061014
0.063603
0.059051
0.060522
0.060893
0.058820
0.059341
0.056454
0.058068
0.058261
0.059188
0.057728
0.057590
0.057148
0.054535
0.052678
0.057179
0.055642
0.054226
0.055633
0.054881
0.053076
0.052037
0.052782
0.053762
0.051711
0.053917
0.051978
0.049988
0.052789
0.050244
0.049136
0.047273
0.049499
0.049063
0.053524
0.047467
0.051557
0.047235
0.051137
0.045335
0.046575
0.048751
0.044496
0.046026
0.041536
0.043171
0.037655
0.038706
0.046091
0.038403
0.041434
0.037446
0.035339
0.037702
0.036721
0.034138
0.030705
0.032705
0.034404
0.032912
0.032619
0.031226
0.031539
0.028745
0.033876
0.028147
0.032524
0.030850
0.031003
0.026451
0.026696
0.028866
0.025476
0.026482
0.024629
0.026304
0.025295
0.022969
0.025960
0.020762
0.023177
0.020401
0.024665
0.022002
0.018954
0.018764
0.020830
0.018678
0.023861
0.021440
0.017142
0.018900
0.017662
0.017983
0.017598
0.018606
0.018981
0.013236
0.019032
0.015405
0.018675
0.020001
0.020953
0.016821
0.013468
0.016973
0.014892
0.013675
0.014113
