0.130009
0.080607
0.062266
0.060033
0.063505
0.061978
0.061045
0.061663
0.059740
0.060082
0.058854
0.058725
0.061607
0.059611
0.059537
0.060449
0.059534
0.059392
0.059427
0.059380
0.060370
0.059393
0.061242
0.059516
0.060160
0.059337
0.061888
0.059975
0.059649
0.059061
0.059366
0.058990
0.060446
0.057393
0.058170
0.054606
0.055450
0.055175
0.054254
0.052724
0.052197
0.054018
0.050291
0.052116
0.050693
0.049893
0.048527
0.048236
0.051952
0.052080
0.053269
0.050734
0.048828
0.047175
0.045785
0.044035
0.051128
0.044637
0.043922
0.048082
0.044775
0.046695
0.041286
0.041389
0.037872
0.041095
0.038917
0.042079
0.038540
0.040987
0.037209
0.040884
0.038318
0.039277
0.040043
0.037712
0.039968
0.037546
0.038663
0.040642
0.038499
0.038469
0.038321
0.035761
0.037070
0.032511
0.036637
0.040812
0.038294
0.035069
0.034351
0.043332
0.037880
0.042376
0.034652
0.045579
0.039455
0.041937
0.041514
0.040456
0.035820
0.039025
0.030431
0.031957
0.033606
0.031690
0.037163
0.037043
0.032372
0.034162
0.032327
0.029723
0.034536
0.029055
0.037854
0.036319
0.037615
0.032200
0.029529
0.034271
0.031432
0.033556
0.035760
0.027948
0.033451
0.029268
0.031399
0.033144
0.030545
0.029484
0.031921
0.031317
0.025608
0.030898
0.024494
0.025750
0.025386
0.025794
0.029089
0.020154
0.022328
0.022999
0.019040
0.023502
0.020000
0.021037
0.019657
0.016802
0.018004
0.019139
