0.122597
0.088003
0.075364
0.077850
0.078558
0.075589
0.072800
0.065996
0.064990
0.062000
0.065433
0.065643
0.060504
0.064259
0.059793
0.057912
0.059757
0.060732
0.054910
0.054386
0.058540
0.064268
0.058190
0.054367
0.055410
0.053692
0.051871
0.051867
0.051594
0.051805
0.047982
0.049318
0.047788
0.047033
0.048770
0.044317
0.043462
0.044883
0.043116
0.043303
0.041126
0.039292
0.040138
0.037765
0.043179
0.037154
0.037385
0.037338
0.037156
0.034795
0.035003
0.035126
0.034391
0.035763
0.035680
0.034586
0.036076
0.033293
0.031745
0.032807
0.035446
0.031302
0.031833
0.032433
0.034592
0.029874
0.032968
0.030848
0.028410
0.033103
0.031295
0.027327
0.030012
0.029254
0.028489
0.031280
0.027029
0.026308
0.026031
0.027084
0.024919
0.026085
0.023826
0.025982
0.024529
0.023864
0.024179
0.024396
0.022792
0.025145
0.024267
0.022217
0.023488
0.024037
0.023759
0.021178
0.021024
0.021637
0.020537
0.021575
0.023829
0.021322
0.022325
0.022322
0.021149
0.023284
0.022039
0.019337
0.021313
0.018932
0.018190
0.017925
0.019413
0.019559
0.021157
0.019057
0.017671
0.017443
0.017949
0.017242
0.017610
0.016679
0.018836
0.016137
0.015961
0.016433
0.016539
0.015950
0.016376
0.015546
0.014342
0.014722
0.014338
0.015609
0.014071
0.014147
0.014542
0.013664
0.011856
0.012447
0.012813
0.011996
0.011551
0.012012
0.011303
0.011871
0.011993
0.011432
0.010050
0.011684
