0.080750
0.073063
0.071670
0.071670
0.071670
0.071670
0.071670
0.071670
0.071670
0.071670
0.071670
0.071670
0.071670
0.071670
0.071670
0.071670
0.071670
0.071670
0.071670
0.071670
0.071670
0.071670
0.071670
0.071670
0.071670
0.071670
0.071670
0.071670
0.071670
0.071670
0.071670
0.071670
0.071670
0.071670
0.071670
0.071670
0.071670
0.071670
0.071670
0.071670
0.071670
0.071670
0.071670
0.071670
0.071670
0.071670
0.071670
0.071670
0.071670
0.071670
0.071670
0.071670
0.071670
0.071670
0.071670
0.071670
0.071670
0.071670
0.071670
0.071670
0.079505
0.071670
0.071670
0.071670
0.071670
0.071670
0.071670
0.071670
0.071670
0.071670
0.071670
0.071670
0.071670
0.071670
0.071670
0.071670
0.071670
0.071670
0.071670
0.071670
0.071670
0.071670
0.073549
0.074521
0.071670
0.071670
0.071670
0.071670
0.071670
0.071670
0.071670
0.071670
0.073549
0.072957
0.071670
0.071670
0.071670
0.072577
0.074832
0.071670
0.075596
0.073688
0.071670
0.072957
0.071670
0.074521
0.074521
0.071670
0.071670
0.074485
0.075146
0.071670
0.071670
0.071670
0.073549
0.074035
0.073549
0.077508
0.074174
0.072332
0.073549
0.072332
0.071670
0.071670
0.074521
0.071670
0.071670
0.071670
0.073549
0.074485
0.071670
0.071670
0.071670
0.074521
0.071670
0.071670
0.071670
0.074207
0.074521
0.071670
0.071670
0.071670
0.071670
0.071670
0.071670
0.071670
0.071670
0.074521
0.071670
0.071670
