0.355068
0.170701
0.210393
0.179717
0.130781
0.083278
0.075748
0.077141
0.071519
0.072876
0.071233
0.069304
0.066784
0.067275
0.064832
0.062578
0.061248
0.059694
0.058765
0.057830
0.055847
0.053401
0.057323
0.056112
0.051984
0.052585
0.048955
0.052916
0.049010
0.050451
0.053613
0.049593
0.045466
0.041114
0.045509
0.044689
0.047033
0.042985
0.043382
0.046708
0.042095
0.041151
0.042821
0.040200
0.039545
0.040969
0.040637
0.037544
0.044766
0.042392
0.044060
0.042106
0.043267
0.043591
0.045574
0.044084
0.041536
0.038663
0.038580
0.037204
0.035778
0.031073
0.031671
0.026669
0.027492
0.033200
0.030073
0.028460
0.031862
0.026411
0.034190
0.028555
0.031500
0.021520
0.030372
0.027403
0.027822
0.024394
0.024990
0.025098
0.022970
0.030941
0.023101
0.022406
0.022895
0.020058
0.018519
0.023718
0.028760
0.022402
0.046527
0.029455
0.024262
0.029364
0.026956
0.045761
0.040320
0.044343
0.041270
0.044208
0.046371
0.045917
0.040718
0.057235
0.041021
0.044031
0.044434
0.028209
0.031425
0.030458
0.030440
0.027535
0.025482
0.026520
0.024860
0.029789
0.025516
0.021457
0.023524
0.024137
0.022231
0.020935
0.020967
0.027287
0.021360
0.025380
0.023498
0.023955
0.024211
0.019800
0.020309
0.020383
0.022936
0.019435
0.021689
0.021122
0.018964
0.020522
0.019373
0.018834
0.017227
0.016484
0.016099
0.020978
0.020300
0.015347
0.016436
0.019138
0.016996
0.019469
