0.078918
0.072012
0.070480
0.071495
0.071093
0.071920
0.071828
0.071015
0.070371
0.069436
0.069820
0.070061
0.070705
0.070656
0.071544
0.070433
0.069982
0.069496
0.070223
0.070660
0.068509
0.066325
0.067111
0.065765
0.063529
0.066343
0.067783
0.063829
0.064019
0.065506
0.062774
0.068491
0.066642
0.067442
0.063711
0.064760
0.062839
0.067043
0.065832
0.061724
0.070272
0.065217
0.066270
0.066432
0.060760
0.065528
0.065981
0.062634
0.065492
0.066796
0.060842
0.061099
0.059596
0.064420
0.060965
0.063286
0.061401
0.063543
0.059218
0.059904
0.057286
0.058745
0.059998
0.058412
0.057422
0.061865
0.059328
0.059306
0.061022
0.057867
0.058726
0.057769
0.057351
0.058135
0.059260
0.055282
0.058660
0.054956
0.056160
0.055842
0.060049
0.054109
0.056673
0.057051
0.056040
0.056071
0.053244
0.057107
0.052814
0.054454
0.057476
0.055268
0.056135
0.053100
0.052872
0.052997
0.051795
0.054371
0.057781
0.054226
0.058621
0.056108
0.057419
0.050817
0.055335
0.053097
0.052225
0.058965
0.055092
0.056918
0.058283
0.060919
0.058725
0.057135
0.056668
0.055436
0.050115
0.052292
0.055041
0.050122
0.049834
0.054328
0.048655
0.048767
0.048857
0.051173
0.051504
0.055212
0.050316
0.049851
0.049943
0.049338
0.051956
0.049699
0.050126
0.049974
0.048233
0.052958
0.052068
0.051552
0.055391
0.061170
0.057281
0.053745
0.088222
0.057938
0.066123
0.066214
0.066810
0.065819
