0.097164
0.070411
0.070839
0.070534
0.071870
0.070974
0.070659
0.070235
0.069621
0.069670
0.070069
0.069616
0.069532
0.070138
0.068216
0.070156
0.069295
0.069593
0.070066
0.069422
0.069957
0.069112
0.068942
0.069375
0.068289
0.073379
0.069004
0.069655
0.068937
0.067915
0.068454
0.068781
0.068774
0.068156
0.069247
0.068988
0.069107
0.068581
0.069229
0.068387
0.068047
0.067410
0.068054
0.067549
0.067655
0.066150
0.066632
0.068276
0.067560
0.067194
0.065883
0.066973
0.066092
0.065989
0.066649
0.065551
0.066775
0.064720
0.063857
0.064425
0.064202
0.063321
0.069147
0.065272
0.065069
0.066468
0.065805
0.065533
0.065887
0.064933
0.065689
0.066645
0.065922
0.065404
0.064694
0.063941
0.064482
0.066650
0.063712
0.062161
0.062097
0.063607
0.062287
0.064490
0.062159
0.061569
0.061943
0.062474
0.059267
0.062251
0.062304
0.062178
0.061784
0.059870
0.060165
0.061305
0.061322
0.059886
0.059853
0.060006
0.060145
0.059659
0.059716
0.059441
0.059265
0.060612
0.059804
0.059072
0.059670
0.058060
0.058150
0.058302
0.059847
0.057025
0.055284
0.055836
0.055917
0.057044
0.058023
0.056573
0.056092
0.052735
0.055324
0.055431
0.055274
0.050885
0.054714
0.046529
0.058172
0.048467
0.054919
0.051105
0.050720
0.055672
0.047874
0.049816
0.048922
0.047895
0.049891
0.053999
0.050747
0.046980
0.043905
0.046472
0.048038
0.046107
0.042129
0.045395
0.043192
0.042475
