0.158241
0.096618
0.096921
0.092784
0.076532
0.066991
0.062949
0.067348
0.066820
0.060871
0.062107
0.056550
0.056792
0.052060
0.053942
0.048737
0.045738
0.043845
0.050558
0.044783
0.039647
0.038505
0.041991
0.041133
0.035072
0.033408
0.034281
0.034334
0.031375
0.032043
0.031714
0.033256
0.028620
0.028680
0.024779
0.030063
0.023845
0.021839
0.022440
0.022968
0.021730
0.022954
0.019922
0.019376
0.020264
0.019081
0.019107
0.019757
0.017035
0.016971
0.019137
0.013710
0.013806
0.014605
0.013623
0.013464
0.014222
0.011181
0.010919
0.011694
0.010620
0.010529
0.012635
0.010284
0.009932
0.009299
0.009557
0.008302
0.009276
0.008872
0.008288
0.008514
0.007743
0.007548
0.006466
0.006571
0.007144
0.005822
0.006108
0.005780
0.005382
0.005467
0.005066
0.004960
0.004765
0.004248
0.004429
0.003882
0.004211
0.003120
0.003593
0.003142
0.003777
0.003282
0.003284
0.003016
0.003366
0.002880
0.003145
0.002899
0.002891
0.002765
0.002276
0.002195
0.002371
0.001962
0.001989
0.001599
0.001691
0.001522
0.001458
0.001327
0.001457
0.001374
0.001299
0.001579
0.001147
0.001376
0.001109
0.001315
0.001096
0.001239
0.001103
0.001283
0.000846
0.001041
0.001090
0.001022
0.000895
0.000842
0.000754
0.000740
0.000584
0.000709
0.000549
0.000566
0.000621
0.000580
0.000465
0.000597
0.000632
0.000530
0.000485
0.000531
0.000441
0.000514
0.000479
0.000411
0.000401
0.000449
