0.088463
0.070828
0.072575
0.068150
0.069080
0.064068
0.061810
0.056213
0.052150
0.045683
0.043991
0.041984
0.039480
0.037007
0.030783
0.030152
0.031974
0.028204
0.027473
0.020492
0.021885
0.021365
0.019282
0.019239
0.016634
0.020494
0.018563
0.020044
0.015211
0.014784
0.017245
0.018130
0.010578
0.016558
0.014922
0.019097
0.010171
0.012952
0.012169
0.010858
0.012773
0.009844
0.010103
0.010607
0.012055
0.012974
0.016009
0.011027
0.009883
0.010637
0.008574
0.009607
0.007131
0.011026
0.009006
0.021133
0.011180
0.016415
0.012098
0.013237
0.012648
0.013012
0.014032
0.009590
0.011998
0.009163
0.009266
0.010235
0.007298
0.008096
0.006106
0.006720
0.007190
0.007688
0.005123
0.008087
0.005297
0.007421
0.004337
0.008373
0.007883
0.007276
0.003440
0.009403
0.004908
0.009567
0.009092
0.005939
0.006511
0.006194
0.005755
0.008834
0.008550
0.006304
0.004274
0.017756
0.007528
0.007371
0.004722
0.004176
0.006752
0.006313
0.007649
0.006242
0.006787
0.006120
0.005759
0.008878
0.003689
0.006131
0.005256
0.009909
0.005027
0.010367
0.007753
0.007368
0.008929
0.007313
0.005687
0.008212
0.009079
0.007460
0.006651
0.010581
0.004894
0.013384
0.025636
0.013058
0.018370
0.009799
0.028231
0.017894
0.026208
0.033125
0.021490
0.038601
0.015974
0.017750
0.027865
0.012495
0.018178
0.010716
0.015444
0.009516
0.007541
0.012240
0.007991
0.007860
0.019376
0.004724
