0.072959
0.072510
0.070171
0.069449
0.068155
0.068296
0.069071
0.066924
0.068456
0.064817
0.064346
0.065386
0.064470
0.064791
0.063694
0.065308
0.061921
0.062641
0.061099
0.058654
0.061879
0.058311
0.061563
0.059434
0.057896
0.055907
0.057071
0.055354
0.058843
0.056934
0.056138
0.053712
0.057505
0.054143
0.057860
0.056410
0.053855
0.051696
0.050396
0.052190
0.050542
0.055122
0.047029
0.049513
0.049263
0.045010
0.047121
0.047642
0.046267
0.051411
0.046128
0.043194
0.045356
0.040287
0.046595
0.045286
0.043802
0.055377
0.036387
0.037470
0.040061
0.044415
0.035388
0.039903
0.042079
0.037973
0.044484
0.036555
0.038523
0.042086
0.042969
0.034196
0.033965
0.033010
0.029775
0.033291
0.032339
0.032693
0.038054
0.030736
0.031803
0.032696
0.032644
0.028581
0.029937
0.024627
0.030647
0.030829
0.033229
0.030185
0.024288
0.025669
0.023676
0.024028
0.024165
0.026734
0.021892
0.020253
0.021286
0.019705
0.019546
0.018405
0.024277
0.019900
0.022280
0.022861
0.024868
0.028203
0.021647
0.020154
0.017928
0.024812
0.022039
0.020539
0.017423
0.016472
0.024999
0.014436
0.023209
0.017522
0.018703
0.012935
0.023506
0.012561
0.010502
0.017933
0.012812
0.019963
0.017012
0.014656
0.011243
0.016693
0.015617
0.011846
0.016237
0.011698
0.010004
0.009692
0.010504
0.007743
0.007912
0.012343
0.012718
0.009248
0.007024
0.006427
0.007888
0.006700
0.008884
0.011103
