0.077413
0.069288
0.071670
0.071670
0.071670
0.071670
0.070874
0.070689
0.069589
0.069238
0.067742
0.068509
0.066935
0.067247
0.067160
0.067071
0.066191
0.066825
0.065535
0.066573
0.067018
0.064912
0.064961
0.065157
0.065228
0.067959
0.063244
0.063212
0.064747
0.061287
0.063349
0.061133
0.063551
0.064737
0.066028
0.063888
0.061800
0.059736
0.060123
0.059693
0.058258
0.057911
0.055225
0.056053
0.056089
0.052724
0.053385
0.054763
0.051947
0.055398
0.051591
0.050815
0.050665
0.048273
0.050773
0.051705
0.053699
0.049179
0.049582
0.052351
0.050908
0.046802
0.045326
0.050738
0.045664
0.050876
0.041355
0.048513
0.043525
0.045528
0.044507
0.039352
0.043476
0.042055
0.041872
0.047104
0.038490
0.043556
0.039256
0.040716
0.038074
0.036509
0.036068
0.036017
0.031859
0.037229
0.031388
0.035725
0.037638
0.035887
0.028346
0.031945
0.032738
0.032689
0.028891
0.031963
0.032346
0.028013
0.032020
0.030954
0.029028
0.028194
0.028040
0.028065
0.030624
0.037091
0.029365
0.028492
0.033431
0.030415
0.026698
0.031609
0.030013
0.032469
0.030803
0.030401
0.022716
0.026573
0.029513
0.026231
0.023088
0.021398
0.025273
0.027372
0.019206
0.021165
0.022469
0.017998
0.022115
0.028760
0.022360
0.024495
0.022124
0.024399
0.017609
0.019481
0.017781
0.017564
0.013363
0.010827
0.011747
0.011050
0.012888
0.010162
0.013366
0.012887
0.010430
0.009291
0.008805
0.013987
