0.073623
0.067033
0.066819
0.065411
0.063109
0.064638
0.064024
0.062981
0.061426
0.061544
0.057978
0.056821
0.057451
0.057136
0.057951
0.055591
0.054808
0.056914
0.053251
0.054420
0.048449
0.051497
0.047076
0.047190
0.046405
0.043692
0.043680
0.043549
0.042892
0.039285
0.039155
0.035547
0.036355
0.039989
0.033843
0.035026
0.033983
0.029979
0.031309
0.030365
0.027579
0.030579
0.026649
0.027204
0.029719
0.027790
0.026761
0.022838
0.023941
0.022006
0.021245
0.021070
0.016976
0.018415
0.018746
0.018766
0.018268
0.016418
0.017701
0.012834
0.012768
0.014103
0.013259
0.014892
0.013108
0.012358
0.010602
0.009608
0.009567
0.009533
0.008889
0.009062
0.009449
0.008629
0.007331
0.009067
0.010548
0.008668
0.009941
0.007921
0.008108
0.006433
0.006053
0.007430
0.005793
0.004979
0.006697
0.007107
0.007222
0.005316
0.008379
0.008213
0.006225
0.007486
0.006407
0.005641
0.005855
0.004328
0.007070
0.005206
0.003592
0.003938
0.006213
0.003732
0.007264
0.006316
0.004190
0.003168
0.003594
0.003694
0.002943
0.002609
0.003256
0.003589
0.002550
0.003009
0.003290
0.002691
0.003220
0.002394
0.002487
0.002715
0.003144
0.002812
0.001972
0.002648
0.002142
0.001912
0.001723
0.003315
0.004062
0.002048
0.001934
0.001866
0.001913
0.004718
0.002455
0.003138
0.002235
0.002361
0.002166
0.001886
0.003719
0.002029
0.002048
0.002371
0.001874
0.002824
0.003475
0.001856
