0.210000
0.210000
0.275000
0.315000
0.365000
0.390000
0.420000
0.450000
0.455000
0.455000
0.470000
0.495000
0.485000
0.420000
0.510000
0.515000
0.460000
0.535000
0.545000
0.525000
0.570000
0.550000
0.595000
0.595000
0.585000
0.615000
0.655000
0.665000
0.710000
0.645000
0.670000
0.640000
0.705000
0.700000
0.695000
0.705000
0.720000
0.670000
0.695000
0.735000
0.770000
0.720000
0.780000
0.745000
0.780000
0.755000
0.770000
0.790000
0.805000
0.800000
0.795000
0.780000
0.810000
0.810000
0.800000
0.805000
0.800000
0.805000
0.800000
0.805000
0.800000
0.815000
0.805000
0.790000
0.815000
0.820000
0.830000
0.825000
0.815000
0.820000
0.805000
0.825000
0.825000
0.825000
0.800000
0.825000
0.825000
0.820000
0.835000
0.830000
0.835000
0.825000
0.820000
0.830000
0.835000
0.830000
0.820000
0.815000
0.815000
0.785000
0.785000
0.790000
0.775000
0.810000
0.805000
0.815000
0.820000
0.795000
0.850000
0.920000
0.965000
0.960000
0.965000
0.970000
0.930000
0.970000
0.960000
0.970000
0.955000
0.955000
0.950000
0.955000
0.965000
0.905000
0.880000
0.785000
0.870000
0.940000
0.910000
0.930000
0.965000
0.980000
0.985000
0.980000
0.975000
0.980000
0.980000
0.995000
0.975000
0.975000
0.970000
0.970000
0.960000
0.975000
0.975000
0.985000
0.985000
0.995000
1.000000
1.000000
1.000000
1.000000
1.000000
1.000000
1.000000
1.000000
1.000000
1.000000
1.000000
1.000000
