0.215000
0.360000
0.475000
0.455000
0.530000
0.580000
0.615000
0.630000
0.625000
0.630000
0.635000
0.635000
0.675000
0.655000
0.700000
0.680000
0.735000
0.660000
0.660000
0.675000
0.745000
0.760000
0.790000
0.790000
0.740000
0.795000
0.825000
0.845000
0.870000
0.800000
0.775000
0.800000
0.875000
0.835000
0.850000
0.845000
0.905000
0.880000
0.915000
0.930000
0.935000
0.960000
0.950000
0.965000
0.960000
0.940000
0.975000
0.905000
0.940000
0.940000
0.950000
0.920000
0.915000
0.955000
0.935000
0.955000
0.975000
0.970000
0.960000
0.975000
0.950000
0.935000
0.970000
0.970000
0.975000
0.910000
0.905000
0.930000
0.975000
0.965000
0.970000
0.995000
0.995000
0.995000
1.000000
0.980000
0.995000
0.985000
1.000000
1.000000
1.000000
1.000000
1.000000
1.000000
1.000000
1.000000
1.000000
1.000000
1.000000
1.000000
1.000000
1.000000
1.000000
1.000000
1.000000
1.000000
1.000000
1.000000
1.000000
1.000000
1.000000
1.000000
1.000000
0.990000
1.000000
1.000000
1.000000
1.000000
1.000000
1.000000
1.000000
1.000000
1.000000
1.000000
1.000000
1.000000
1.000000
1.000000
1.000000
1.000000
1.000000
1.000000
1.000000
1.000000
1.000000
1.000000
1.000000
1.000000
1.000000
1.000000
1.000000
1.000000
1.000000
1.000000
1.000000
1.000000
1.000000
1.000000
1.000000
1.000000
1.000000
1.000000
1.000000
1.000000
1.000000
1.000000
1.000000
1.000000
1.000000
1.000000
