0.200000
0.290000
0.335000
0.315000
0.355000
0.415000
0.415000
0.455000
0.480000
0.475000
0.515000
0.505000
0.465000
0.495000
0.525000
0.515000
0.505000
0.495000
0.555000
0.540000
0.540000
0.600000
0.585000
0.585000
0.595000
0.590000
0.595000
0.605000
0.605000
0.605000
0.600000
0.590000
0.615000
0.630000
0.630000
0.640000
0.615000
0.640000
0.650000
0.640000
0.635000
0.660000
0.730000
0.695000
0.665000
0.740000
0.710000
0.740000
0.755000
0.740000
0.760000
0.790000
0.795000
0.785000
0.785000
0.790000
0.775000
0.785000
0.780000
0.785000
0.795000
0.790000
0.785000
0.795000
0.805000
0.800000
0.820000
0.815000
0.815000
0.815000
0.815000
0.810000
0.810000
0.800000
0.810000
0.815000
0.815000
0.815000
0.820000
0.825000
0.815000
0.805000
0.770000
0.810000
0.820000
0.815000
0.820000
0.810000
0.820000
0.815000
0.800000
0.810000
0.805000
0.815000
0.795000
0.805000
0.805000
0.810000
0.820000
0.805000
0.805000
0.800000
0.790000
0.805000
0.820000
0.820000
0.810000
0.810000
0.825000
0.825000
0.820000
0.820000
0.825000
0.820000
0.825000
0.820000
0.825000
0.820000
0.825000
0.825000
0.825000
0.825000
0.820000
0.825000
0.825000
0.825000
0.820000
0.815000
0.815000
0.810000
0.815000
0.820000
0.815000
0.820000
0.815000
0.820000
0.815000
0.815000
0.640000
0.700000
0.765000
0.795000
0.825000
0.815000
0.800000
0.810000
0.815000
0.815000
0.820000
0.825000
