0.190000
0.275000
0.390000
0.370000
0.460000
0.460000
0.515000
0.585000
0.610000
0.650000
0.675000
0.685000
0.685000
0.655000
0.695000
0.790000
0.730000
0.720000
0.635000
0.700000
0.800000
0.785000
0.830000
0.820000
0.850000
0.815000
0.895000
0.870000
0.855000
0.810000
0.865000
0.795000
0.850000
0.855000
0.880000
0.875000
0.900000
0.920000
0.910000
0.900000
0.925000
0.875000
0.885000
0.905000
0.905000
0.885000
0.925000
0.810000
0.840000
0.885000
0.795000
0.890000
0.890000
0.850000
0.905000
0.885000
0.930000
0.950000
0.965000
0.955000
0.970000
0.970000
0.995000
0.970000
0.995000
0.985000
0.980000
0.980000
0.990000
0.990000
0.985000
0.990000
0.970000
0.990000
0.970000
0.990000
0.990000
1.000000
0.995000
0.990000
1.000000
0.990000
1.000000
0.995000
1.000000
1.000000
0.995000
1.000000
1.000000
0.995000
1.000000
1.000000
1.000000
1.000000
1.000000
0.995000
0.995000
1.000000
1.000000
1.000000
1.000000
0.995000
0.995000
0.980000
0.975000
0.985000
0.980000
0.995000
0.990000
1.000000
1.000000
0.995000
0.995000
0.995000
0.995000
0.965000
0.945000
0.910000
0.925000
0.965000
0.970000
0.960000
0.965000
0.970000
0.970000
0.950000
0.920000
0.930000
0.920000
0.950000
0.920000
0.870000
0.915000
0.910000
0.880000
0.980000
0.930000
0.960000
0.920000
0.950000
0.940000
0.960000
0.960000
0.975000
0.990000
0.995000
0.990000
0.990000
0.990000
0.995000
