0.067196
0.062242
0.058170
0.058204
0.055244
0.055933
0.052974
0.052246
0.050887
0.050239
0.049531
0.048469
0.047419
0.050238
0.048178
0.045526
0.046423
0.044051
0.043691
0.041638
0.041044
0.039920
0.040139
0.039368
0.036810
0.036949
0.033531
0.031271
0.031714
0.032983
0.031145
0.029615
0.030532
0.030577
0.033398
0.032197
0.028616
0.030991
0.030799
0.027672
0.022559
0.023367
0.024916
0.023351
0.022941
0.023345
0.020232
0.020054
0.019356
0.019006
0.017661
0.018321
0.017008
0.016814
0.018406
0.017376
0.018234
0.016616
0.015605
0.018538
0.018710
0.018838
0.018440
0.017583
0.013972
0.015282
0.013715
0.013635
0.015548
0.013288
0.013244
0.012355
0.012002
0.013782
0.014411
0.014590
0.011950
0.013149
0.011982
0.012967
0.014390
0.012456
0.015548
0.015977
0.013336
0.013915
0.014317
0.014773
0.014596
0.017750
0.019289
0.020034
0.017118
0.016512
0.015717
0.015298
0.016245
0.017565
0.012382
0.010403
0.008790
0.005959
0.007386
0.006809
0.006927
0.005630
0.005268
0.005536
0.005631
0.006504
0.006339
0.005821
0.006719
0.009807
0.012659
0.021190
0.012065
0.007156
0.008352
0.006256
0.005265
0.003710
0.002240
0.002328
0.002658
0.002557
0.002729
0.001381
0.002671
0.001901
0.003243
0.002682
0.005846
0.002319
0.002535
0.002592
0.001691
0.001176
0.000789
0.000729
0.000605
0.000551
0.000685
0.000530
0.000472
0.000378
0.000358
0.000344
0.000370
0.000366
