0.082135
0.053979
0.053750
0.048254
0.041222
0.041048
0.041967
0.037765
0.034186
0.035360
0.031200
0.031670
0.029726
0.028419
0.028037
0.026351
0.027816
0.026588
0.021240
0.021794
0.022635
0.020779
0.019984
0.018449
0.019352
0.016874
0.016241
0.017839
0.016579
0.013791
0.014951
0.010619
0.009510
0.009331
0.008822
0.009459
0.007340
0.008517
0.006306
0.009988
0.007302
0.007770
0.004580
0.007147
0.005545
0.005161
0.005670
0.005774
0.007375
0.010172
0.012493
0.008927
0.007111
0.005793
0.003904
0.003279
0.003180
0.002558
0.002849
0.002489
0.003179
0.001840
0.002113
0.002069
0.001975
0.001805
0.001041
0.001198
0.001549
0.001584
0.002559
0.001175
0.001325
0.001278
0.000947
0.000901
0.001347
0.000946
0.000537
0.000948
0.000854
0.001608
0.001352
0.000785
0.000496
0.000679
0.000374
0.000571
0.000441
0.000441
0.000320
0.000398
0.000310
0.000350
0.000301
0.000221
0.000262
0.000188
0.000304
0.000272
0.000249
0.000138
0.000279
0.000211
0.000209
0.000181
0.000151
0.000148
0.000112
0.000132
0.000126
0.000133
0.000204
0.000161
0.000194
0.000226
0.000255
0.000244
0.000127
0.000199
0.000174
0.000297
0.000189
0.000230
0.000263
0.000104
0.000178
0.000178
0.000105
0.000118
0.000146
0.000136
0.000085
0.000144
0.000080
0.000192
0.000123
0.000101
0.000098
0.000085
0.000074
0.000066
0.000077
0.000063
0.000085
0.000130
0.000064
0.000075
0.000057
0.000061
