0.069540
0.060434
0.056366
0.056399
0.051657
0.052137
0.049490
0.049566
0.046185
0.042789
0.042580
0.043516
0.042083
0.045025
0.041129
0.043972
0.042584
0.042126
0.038576
0.040148
0.037476
0.035824
0.035846
0.036109
0.032322
0.034198
0.034683
0.032832
0.034066
0.032706
0.031923
0.032350
0.032930
0.031522
0.030550
0.030770
0.028596
0.028362
0.026434
0.028549
0.028365
0.030561
0.026723
0.029198
0.028110
0.027943
0.028289
0.027080
0.022244
0.025302
0.023030
0.021788
0.022055
0.020919
0.017742
0.021316
0.018381
0.020685
0.019814
0.017210
0.016672
0.017153
0.017608
0.019576
0.018145
0.015791
0.016293
0.016652
0.016650
0.015451
0.014168
0.014493
0.016327
0.014390
0.015219
0.017359
0.016615
0.014488
0.013963
0.013873
0.016388
0.018053
0.019144
0.015647
0.016104
0.014903
0.013638
0.015581
0.014532
0.014643
0.014663
0.017753
0.017724
0.014760
0.015759
0.016204
0.017088
0.015475
0.016195
0.014919
0.016440
0.018622
0.018918
0.014847
0.016807
0.014252
0.014363
0.014798
0.014082
0.015156
0.012592
0.012422
0.011888
0.011807
0.012536
0.011332
0.011927
0.014050
0.011746
0.012057
0.011613
0.012860
0.012203
0.011402
0.012354
0.010818
0.014130
0.014053
0.013416
0.013170
0.013589
0.011744
0.013925
0.012819
0.012044
0.012131
0.012592
0.018962
0.030100
0.024267
0.022283
0.016390
0.016753
0.014020
0.015271
0.016999
0.014497
0.012752
0.012406
0.012040
