0.077983
0.071483
0.071483
0.070547
0.068517
0.063610
0.061089
0.057167
0.054972
0.053021
0.054601
0.051330
0.049462
0.048881
0.047245
0.046673
0.045209
0.045446
0.046135
0.044364
0.041862
0.041543
0.038645
0.038676
0.037664
0.036422
0.038834
0.038664
0.036280
0.039225
0.037865
0.034931
0.034992
0.035207
0.034434
0.038900
0.038029
0.035960
0.031963
0.035089
0.033821
0.030146
0.036104
0.032577
0.028516
0.029483
0.028471
0.027235
0.029049
0.027718
0.028710
0.028368
0.028185
0.029661
0.026396
0.023700
0.026177
0.025542
0.021320
0.022138
0.026588
0.019937
0.024530
0.023650
0.022338
0.019622
0.017646
0.019610
0.019183
0.021142
0.015822
0.018233
0.014944
0.018193
0.016141
0.017520
0.017230
0.014419
0.014640
0.018185
0.015275
0.023163
0.015463
0.016015
0.019565
0.014695
0.015179
0.015448
0.015097
0.018963
0.015585
0.021709
0.017093
0.020918
0.020584
0.015122
0.021320
0.021736
0.015507
0.018260
0.015445
0.012282
0.002625
0.014826
0.000246
0.026359
0.003925
0.001970
0.014476
0.004750
0.000735
0.001770
0.003473
0.001671
0.003808
0.001153
0.001014
0.001260
0.003896
0.002681
0.004920
0.001930
0.001857
0.004143
0.000723
0.001465
0.000093
0.000138
0.002276
0.000086
0.000422
0.000077
0.000271
0.000937
0.000297
0.001562
0.000131
0.001602
0.000212
0.000104
0.000144
0.000117
0.000091
0.000634
0.000097
0.000201
0.000143
0.000081
0.000234
0.000042
