0.107493
0.075436
0.067443
0.064795
0.061705
0.059387
0.063399
0.058662
0.056355
0.058740
0.056969
0.052893
0.055626
0.051499
0.046237
0.042918
0.041927
0.035646
0.036474
0.031971
0.029551
0.030318
0.026978
0.028252
0.028355
0.027295
0.023691
0.023812
0.019548
0.020222
0.017968
0.017701
0.017930
0.018309
0.017077
0.017984
0.016126
0.015404
0.015383
0.014550
0.013143
0.014794
0.014145
0.013058
0.014136
0.011604
0.009052
0.010834
0.009270
0.008578
0.009629
0.009491
0.007532
0.008188
0.012773
0.007536
0.010188
0.010120
0.008315
0.010191
0.006111
0.007648
0.008098
0.006443
0.002833
0.005817
0.002731
0.002506
0.003777
0.002088
0.001001
0.003663
0.001177
0.000640
0.001425
0.002149
0.000976
0.003683
0.001375
0.000642
0.000553
0.001380
0.000281
0.000131
0.004640
0.000129
0.000225
0.000283
0.000091
0.000197
0.000378
0.000242
0.000120
0.000244
0.000098
0.000082
0.000142
0.000064
0.000082
0.000065
0.000055
0.000045
0.000048
0.000043
0.000094
0.000071
0.000036
0.000053
0.000076
0.000111
0.000079
0.000039
0.000040
0.000093
0.000039
0.000062
0.000046
0.000051
0.000044
0.000034
0.000035
0.000032
0.000044
0.000045
0.000039
0.000034
0.000044
0.000080
0.000061
0.000033
0.000025
0.000031
0.000033
0.000056
0.000024
0.000026
0.000026
0.000019
0.000030
0.000034
0.000031
0.000056
0.000217
0.000015
0.000024
0.000019
0.000020
0.000023
0.000025
0.000033
