0.079335
0.073147
0.072108
0.070839
0.069028
0.072463
0.070376
0.070371
0.070008
0.069073
0.067292
0.064847
0.065038
0.064184
0.061440
0.062030
0.060594
0.060916
0.060413
0.061917
0.056668
0.059660
0.060048
0.058430
0.057614
0.056510
0.052701
0.055686
0.049411
0.053544
0.045971
0.046190
0.046151
0.044843
0.041914
0.044876
0.040384
0.038626
0.038671
0.039721
0.040263
0.041039
0.034701
0.036744
0.028335
0.033783
0.034748
0.030493
0.031089
0.028488
0.028172
0.025906
0.023542
0.023265
0.025563
0.026627
0.024348
0.025957
0.023570
0.021212
0.021268
0.024306
0.017844
0.020702
0.016778
0.014677
0.018167
0.015105
0.015239
0.010851
0.022073
0.016487
0.020694
0.018854
0.007539
0.015255
0.009781
0.012667
0.014616
0.007677
0.009561
0.007901
0.008698
0.008493
0.005815
0.004180
0.005085
0.004108
0.004659
0.003631
0.004093
0.003395
0.001495
0.006026
0.002191
0.001907
0.001565
0.002766
0.001050
0.002224
0.001705
0.001130
0.000937
0.000956
0.001183
0.001611
0.000827
0.000831
0.000957
0.000984
0.001492
0.000581
0.000581
0.000412
0.000473
0.000928
0.000776
0.000435
0.000327
0.000481
0.000433
0.000361
0.000393
0.000626
0.000459
0.000258
0.000289
0.000317
0.000401
0.000304
0.000123
0.000139
0.000137
0.000152
0.000180
0.000263
0.000362
0.000339
0.000217
0.000136
0.000188
0.000136
0.000097
0.000183
0.000097
0.000101
0.000137
0.000327
0.000137
0.000098
