0.117816
0.074507
0.069552
0.071360
0.069944
0.067961
0.065058
0.062172
0.059129
0.060488
0.061689
0.061641
0.058615
0.059792
0.058653
0.054594
0.056222
0.058929
0.057221
0.054522
0.055444
0.057121
0.051804
0.054934
0.052351
0.052051
0.053891
0.052059
0.046230
0.045549
0.045373
0.046065
0.046502
0.047002
0.042888
0.041179
0.037799
0.039074
0.038502
0.036488
0.038853
0.037244
0.032404
0.026498
0.033558
0.029869
0.027459
0.028856
0.027540
0.023751
0.024747
0.023153
0.028795
0.021115
0.025334
0.024020
0.019372
0.020673
0.021278
0.019974
0.022440
0.026041
0.020620
0.019154
0.015466
0.017756
0.019206
0.016452
0.013709
0.013975
0.011011
0.013949
0.011191
0.010032
0.008533
0.007461
0.009077
0.007589
0.005206
0.007269
0.007141
0.003672
0.006033
0.004756
0.003720
0.003145
0.003692
0.002670
0.002564
0.007725
0.002937
0.001624
0.004161
0.001722
0.001501
0.001327
0.001621
0.001901
0.004541
0.001132
0.002868
0.004500
0.001355
0.001680
0.000765
0.000967
0.001288
0.000748
0.000492
0.000623
0.000492
0.000595
0.000666
0.000608
0.000750
0.000896
0.000735
0.000427
0.000472
0.000273
0.000386
0.000216
0.000382
0.000454
0.000315
0.000331
0.000249
0.000295
0.000168
0.000143
0.000257
0.000242
0.000228
0.000272
0.000257
0.000204
0.000208
0.000185
0.000189
0.000156
0.000196
0.000175
0.000124
0.002073
0.000287
0.006005
0.000781
0.001293
0.000643
0.000785
