0.302036
0.184289
0.176940
0.148642
0.133107
0.157148
0.142440
0.122697
0.112643
0.105574
0.088346
0.084374
0.073352
0.068871
0.055693
0.061031
0.055850
0.052864
0.050490
0.048804
0.055817
0.054233
0.048095
0.043376
0.044596
0.040583
0.043952
0.042388
0.036971
0.037190
0.036836
0.035343
0.036799
0.038578
0.034690
0.034404
0.031822
0.037625
0.032502
0.033378
0.035196
0.033408
0.035023
0.028541
0.035630
0.032519
0.030976
0.027680
0.024669
0.023800
0.023803
0.029090
0.023792
0.023259
0.023777
0.027387
0.021380
0.021390
0.022687
0.024576
0.019902
0.033698
0.024818
0.030054
0.026485
0.027513
0.021390
0.020812
0.019698
0.024977
0.020775
0.021838
0.019657
0.022465
0.022575
0.020817
0.019805
0.015885
0.019470
0.018387
0.017507
0.014820
0.022785
0.013993
0.017261
0.014407
0.011195
0.009590
0.013739
0.008265
0.010516
0.009402
0.007052
0.009493
0.010323
0.007562
0.007603
0.007616
0.010574
0.007544
0.006679
0.008588
0.008610
0.007616
0.007626
0.007977
0.006358
0.007646
0.007201
0.009294
0.007964
0.005818
0.004999
0.008187
0.005915
0.005377
0.006639
0.005177
0.007597
0.006729
0.005326
0.005842
0.005160
0.005941
0.004387
0.002904
0.002203
0.002907
0.003198
0.002448
0.003066
0.002201
0.012481
0.002351
0.004527
0.004752
0.002881
0.002698
0.003174
0.005478
0.001299
0.003445
0.001235
0.002499
0.002714
0.001430
0.002713
0.002082
0.002099
0.000966
