0.074321
0.071675
0.071670
0.071670
0.072454
0.069364
0.068791
0.066228
0.069483
0.066119
0.067188
0.070290
0.067945
0.067089
0.069568
0.068907
0.069233
0.067734
0.069239
0.067835
0.067656
0.064131
0.065889
0.061888
0.062627
0.062344
0.061172
0.062190
0.058297
0.053537
0.057128
0.056271
0.056550
0.056076
0.055988
0.050693
0.053603
0.049769
0.050837
0.052985
0.048922
0.045555
0.040983
0.045419
0.043795
0.041603
0.049985
0.046534
0.043092
0.040802
0.044311
0.043162
0.039831
0.039751
0.041619
0.039231
0.041241
0.040505
0.039601
0.034558
0.036838
0.028234
0.036192
0.035131
0.035871
0.033257
0.030464
0.026936
0.025811
0.024650
0.025876
0.024667
0.028868
0.026027
0.030267
0.020779
0.023798
0.026347
0.022857
0.020817
0.023839
0.023485
0.025788
0.022102
0.027882
0.022229
0.024618
0.022090
0.019616
0.015788
0.025965
0.022094
0.023763
0.020348
0.025909
0.022318
0.013139
0.019897
0.014212
0.020138
0.016482
0.015806
0.015060
0.014972
0.016850
0.013496
0.009992
0.016547
0.013188
0.015638
0.017009
0.013818
0.008416
0.020203
0.012171
0.009927
0.006411
0.006502
0.011408
0.011343
0.017941
0.021063
0.018076
0.015019
0.014598
0.017125
0.010688
0.012813
0.017096
0.011969
0.007675
0.010499
0.013956
0.010558
0.010355
0.012305
0.011665
0.014809
0.015743
0.012480
0.014295
0.020202
0.012088
0.024825
0.019678
0.013723
0.013754
0.012287
0.013463
0.018513
