0.084040
0.071363
0.073087
0.069270
0.070818
0.065148
0.066812
0.067565
0.064049
0.066977
0.067156
0.064133
0.063973
0.064598
0.064611
0.062598
0.069782
0.064756
0.066454
0.064202
0.061776
0.064089
0.063089
0.064678
0.060805
0.056160
0.060021
0.057327
0.059034
0.059524
0.057777
0.057159
0.051742
0.052794
0.053220
0.053498
0.049049
0.053404
0.048341
0.048920
0.047960
0.046932
0.048878
0.046122
0.046076
0.045602
0.041959
0.042582
0.039873
0.033490
0.041459
0.036040
0.032831
0.037257
0.036018
0.033544
0.031141
0.030319
0.036501
0.040418
0.031279
0.033879
0.035427
0.032212
0.026687
0.030741
0.027895
0.025366
0.037322
0.025377
0.025576
0.027488
0.025223
0.023531
0.025836
0.024629
0.024010
0.027383
0.022823
0.025764
0.031730
0.021041
0.024213
0.023357
0.025477
0.021322
0.023921
0.032254
0.023579
0.023658
0.024739
0.025395
0.022945
0.025232
0.016578
0.021273
0.024880
0.021206
0.020402
0.028456
0.025238
0.022744
0.018680
0.024143
0.016403
0.023240
0.013210
0.014656
0.013097
0.015628
0.013316
0.013851
0.009428
0.019820
0.010598
0.011875
0.012068
0.009996
0.008717
0.014719
0.020377
0.011095
0.021243
0.021974
0.015149
0.017371
0.009073
0.017509
0.007760
0.019678
0.019827
0.016942
0.016241
0.018014
0.015753
0.029046
0.013187
0.029615
0.018877
0.020833
0.024296
0.010402
0.023824
0.016884
0.013759
0.010706
0.011794
0.017439
0.019198
0.012227
