0.096553
0.070996
0.071031
0.071188
0.074223
0.068885
0.070492
0.070610
0.071284
0.069927
0.070254
0.070254
0.071203
0.070874
0.070254
0.070689
0.071127
0.068628
0.069754
0.069391
0.069149
0.069368
0.068915
0.069744
0.068272
0.069464
0.069559
0.071149
0.069096
0.069229
0.067312
0.069300
0.067325
0.069228
0.069434
0.068519
0.072429
0.069630
0.069038
0.070605
0.068478
0.070151
0.075347
0.069540
0.070571
0.069693
0.070711
0.069602
0.069383
0.068862
0.070138
0.069226
0.069142
0.068832
0.069277
0.069229
0.067923
0.067573
0.068911
0.068398
0.067389
0.068801
0.068547
0.067371
0.067423
0.065818
0.064762
0.065784
0.064690
0.065058
0.065007
0.064884
0.063341
0.064208
0.064717
0.063804
0.062815
0.064855
0.061161
0.063024
0.063470
0.065107
0.064826
0.063588
0.062893
0.061716
0.064218
0.062301
0.061376
0.060225
0.059786
0.060674
0.060193
0.060429
0.058513
0.060538
0.059050
0.059527
0.059488
0.061103
0.059108
0.054902
0.054617
0.057355
0.056561
0.056181
0.056983
0.051036
0.059654
0.056934
0.055171
0.052873
0.054341
0.056402
0.055231
0.054365
0.056699
0.054119
0.049715
0.051245
0.047716
0.048639
0.048940
0.051496
0.064034
0.052029
0.051563
0.055547
0.057229
0.061424
0.052862
0.056466
0.049636
0.059228
0.054875
0.054034
0.056301
0.052581
0.059664
0.056899
0.055682
0.056334
0.052676
0.053760
0.050989
0.054516
0.052185
0.061152
0.055708
0.046758
