0.647486
0.306259
0.376242
0.245666
0.212722
0.163130
0.090583
0.073559
0.071022
0.071088
0.070809
0.070376
0.070506
0.069972
0.069629
0.068144
0.068148
0.067874
0.069226
0.068142
0.068937
0.067045
0.067773
0.067824
0.068180
0.067219
0.068759
0.067886
0.066503
0.068751
0.066260
0.068118
0.066772
0.067017
0.069600
0.068457
0.067928
0.065430
0.067189
0.063528
0.063564
0.064887
0.063402
0.062890
0.065199
0.063099
0.065299
0.065653
0.065818
0.063564
0.063785
0.063946
0.063084
0.063331
0.063098
0.065002
0.067368
0.063807
0.064335
0.065869
0.063247
0.065430
0.065278
0.064120
0.063683
0.063588
0.063470
0.064000
0.060996
0.059894
0.062532
0.060423
0.061692
0.061381
0.061164
0.060836
0.060117
0.059619
0.060818
0.058049
0.057450
0.057251
0.057120
0.056437
0.055279
0.058532
0.056358
0.054642
0.055540
0.057029
0.053422
0.054362
0.053473
0.053924
0.053561
0.050428
0.051458
0.049863
0.047655
0.051173
0.049500
0.051438
0.045382
0.051278
0.053570
0.050519
0.050303
0.048850
0.046050
0.048626
0.044531
0.043156
0.044799
0.042924
0.045210
0.038003
0.039417
0.040420
0.040131
0.040215
0.036805
0.035255
0.038406
0.037866
0.034222
0.034169
0.035545
0.033702
0.033402
0.030856
0.032878
0.033366
0.033151
0.039511
0.034877
0.036486
0.034061
0.030666
0.026608
0.031392
0.027048
0.030980
0.028657
0.032147
0.025772
0.033257
0.035375
0.028124
0.030465
0.029283
