0.372346
0.221561
0.214121
0.155676
0.139347
0.141306
0.102440
0.079488
0.101686
0.070437
0.047123
0.060235
0.045394
0.032639
0.044226
0.037085
0.031569
0.036728
0.032224
0.027461
0.032709
0.033479
0.024867
0.032690
0.025212
0.025432
0.021985
0.021439
0.021649
0.029870
0.016936
0.025174
0.028690
0.023743
0.026876
0.027457
0.023503
0.026254
0.022440
0.017737
0.027859
0.012970
0.018944
0.018469
0.013095
0.021923
0.014448
0.015723
0.011720
0.011543
0.009183
0.011423
0.010848
0.008217
0.008157
0.007554
0.012240
0.008081
0.010391
0.007004
0.006800
0.007522
0.010846
0.008753
0.007747
0.009190
0.006183
0.008018
0.013414
0.019776
0.008699
0.010075
0.010089
0.005295
0.012845
0.005572
0.013168
0.009221
0.005885
0.007503
0.004123
0.006873
0.005369
0.004665
0.003876
0.005874
0.004294
0.005393
0.008658
0.004546
0.004794
0.005011
0.005367
0.003536
0.002767
0.003157
0.004369
0.002789
0.005812
0.003800
0.003186
0.005945
0.004236
0.003347
0.003841
0.003410
0.006946
0.003285
0.004461
0.005904
0.003215
0.005934
0.006489
0.003831
0.007822
0.003385
0.004115
0.005036
0.003712
0.006805
0.002609
0.002226
0.005154
0.004066
0.002980
0.003142
0.005691
0.004756
0.002474
0.002304
0.002753
0.002820
0.002258
0.001247
0.002968
0.006377
0.002974
0.003854
0.001737
0.004978
0.001946
0.002932
0.004565
0.003243
0.001899
0.002456
0.001826
0.002460
0.002874
0.001778
