0.110000
0.235000
0.275000
0.440000
0.430000
0.555000
0.610000
0.690000
0.695000
0.800000
0.830000
0.840000
0.770000
0.905000
0.890000
0.890000
0.955000
0.955000
0.970000
0.980000
0.985000
0.970000
0.985000
1.000000
1.000000
1.000000
0.985000
1.000000
0.995000
1.000000
0.995000
1.000000
1.000000
0.995000
0.995000
1.000000
1.000000
1.000000
1.000000
1.000000
1.000000
1.000000
1.000000
1.000000
1.000000
1.000000
1.000000
1.000000
1.000000
1.000000
1.000000
1.000000
1.000000
1.000000
1.000000
1.000000
0.995000
0.955000
0.970000
0.985000
0.985000
0.995000
0.990000
1.000000
1.000000
0.990000
0.975000
0.960000
0.965000
0.960000
0.930000
0.935000
0.930000
0.925000
0.840000
0.935000
0.940000
0.960000
0.960000
0.990000
0.990000
0.980000
0.990000
0.980000
0.995000
1.000000
0.995000
1.000000
0.995000
0.990000
1.000000
0.995000
0.995000
0.990000
0.970000
0.995000
0.995000
1.000000
0.995000
0.990000
1.000000
1.000000
1.000000
1.000000
1.000000
1.000000
1.000000
1.000000
1.000000
1.000000
1.000000
1.000000
1.000000
1.000000
1.000000
1.000000
0.995000
1.000000
1.000000
1.000000
1.000000
1.000000
1.000000
1.000000
1.000000
1.000000
1.000000
1.000000
1.000000
1.000000
1.000000
1.000000
1.000000
1.000000
1.000000
1.000000
1.000000
1.000000
1.000000
1.000000
1.000000
1.000000
1.000000
1.000000
1.000000
1.000000
1.000000
1.000000
1.000000
1.000000
