0.185000
0.295000
0.315000
0.405000
0.485000
0.555000
0.605000
0.630000
0.600000
0.635000
0.680000
0.700000
0.705000
0.770000
0.800000
0.775000
0.825000
0.810000
0.845000
0.915000
0.860000
0.855000
0.895000
0.895000
0.925000
0.935000
0.920000
0.925000
0.940000
0.915000
0.950000
0.935000
0.975000
0.900000
0.925000
0.895000
0.875000
0.910000
0.875000
0.870000
0.820000
0.785000
0.885000
0.890000
0.920000
0.900000
0.965000
0.930000
0.965000
0.970000
0.965000
0.985000
0.985000
0.975000
0.970000
0.985000
0.985000
0.995000
0.995000
1.000000
0.990000
1.000000
1.000000
1.000000
1.000000
1.000000
1.000000
1.000000
1.000000
1.000000
1.000000
1.000000
1.000000
1.000000
1.000000
1.000000
1.000000
1.000000
1.000000
1.000000
1.000000
1.000000
1.000000
1.000000
1.000000
1.000000
1.000000
1.000000
1.000000
1.000000
1.000000
1.000000
1.000000
1.000000
1.000000
1.000000
1.000000
1.000000
1.000000
1.000000
1.000000
1.000000
1.000000
1.000000
1.000000
1.000000
1.000000
1.000000
1.000000
1.000000
1.000000
1.000000
1.000000
1.000000
1.000000
1.000000
1.000000
1.000000
1.000000
0.995000
0.980000
0.985000
0.970000
0.960000
0.975000
0.950000
0.900000
0.930000
0.915000
0.905000
0.870000
0.890000
0.885000
0.875000
0.935000
0.910000
0.960000
0.895000
0.940000
0.950000
0.960000
0.960000
0.960000
0.935000
0.965000
0.975000
0.970000
0.990000
0.970000
0.980000
