0.160000
0.295000
0.330000
0.440000
0.505000
0.540000
0.580000
0.595000
0.635000
0.695000
0.710000
0.705000
0.765000
0.800000
0.780000
0.815000
0.810000
0.780000
0.785000
0.850000
0.860000
0.865000
0.910000
0.895000
0.900000
0.915000
0.920000
0.890000
0.920000
0.940000
0.960000
0.960000
0.965000
0.985000
0.970000
0.985000
0.980000
0.990000
0.985000
0.995000
0.965000
0.985000
0.990000
1.000000
0.990000
0.990000
0.995000
1.000000
1.000000
1.000000
1.000000
1.000000
1.000000
1.000000
1.000000
1.000000
1.000000
1.000000
1.000000
1.000000
1.000000
1.000000
1.000000
1.000000
1.000000
1.000000
1.000000
1.000000
1.000000
1.000000
1.000000
1.000000
1.000000
1.000000
1.000000
1.000000
1.000000
1.000000
1.000000
1.000000
1.000000
1.000000
1.000000
1.000000
1.000000
1.000000
1.000000
1.000000
1.000000
1.000000
1.000000
1.000000
1.000000
1.000000
1.000000
1.000000
1.000000
1.000000
1.000000
1.000000
1.000000
1.000000
1.000000
1.000000
1.000000
1.000000
1.000000
1.000000
1.000000
1.000000
0.995000
1.000000
1.000000
0.950000
0.965000
0.935000
0.730000
0.745000
0.740000
0.830000
0.780000
0.770000
0.765000
0.760000
0.820000
0.905000
0.950000
0.950000
0.970000
0.990000
0.990000
0.980000
0.975000
0.965000
0.975000
0.970000
0.970000
0.990000
0.990000
1.000000
0.995000
1.000000
1.000000
1.000000
1.000000
1.000000
1.000000
1.000000
1.000000
1.000000
