0.160000
0.240000
0.255000
0.330000
0.355000
0.460000
0.495000
0.545000
0.575000
0.620000
0.600000
0.615000
0.655000
0.670000
0.710000
0.735000
0.750000
0.770000
0.785000
0.840000
0.890000
0.865000
0.900000
0.890000
0.900000
0.915000
0.930000
0.910000
0.920000
0.875000
0.875000
0.945000
0.940000
0.965000
0.960000
0.965000
0.980000
0.970000
0.980000
0.980000
0.950000
0.995000
0.995000
0.995000
1.000000
0.990000
1.000000
1.000000
1.000000
1.000000
1.000000
1.000000
1.000000
1.000000
1.000000
1.000000
1.000000
0.995000
0.950000
0.900000
0.845000
0.860000
0.915000
0.890000
0.940000
0.925000
0.985000
0.990000
0.950000
0.950000
0.945000
0.995000
0.975000
1.000000
1.000000
1.000000
1.000000
1.000000
1.000000
1.000000
1.000000
1.000000
1.000000
1.000000
1.000000
1.000000
1.000000
1.000000
1.000000
1.000000
1.000000
1.000000
1.000000
1.000000
1.000000
1.000000
1.000000
1.000000
1.000000
1.000000
1.000000
1.000000
1.000000
1.000000
1.000000
1.000000
1.000000
1.000000
1.000000
1.000000
1.000000
1.000000
1.000000
1.000000
1.000000
1.000000
1.000000
1.000000
1.000000
1.000000
1.000000
1.000000
1.000000
1.000000
1.000000
1.000000
1.000000
1.000000
1.000000
1.000000
1.000000
1.000000
1.000000
1.000000
1.000000
1.000000
1.000000
1.000000
1.000000
1.000000
1.000000
1.000000
1.000000
1.000000
1.000000
1.000000
1.000000
1.000000
1.000000
1.000000
