0.070452
0.060179
0.057562
0.053010
0.049226
0.048547
0.044811
0.040469
0.039577
0.040862
0.035646
0.032129
0.032915
0.033500
0.029553
0.028355
0.026599
0.027221
0.024979
0.022293
0.021049
0.021163
0.020238
0.023074
0.019496
0.019976
0.017613
0.017781
0.016737
0.017353
0.014772
0.013363
0.013499
0.013732
0.009026
0.010459
0.011874
0.011250
0.012552
0.012353
0.016050
0.017246
0.011984
0.010689
0.010182
0.009179
0.006576
0.006512
0.005574
0.004707
0.004875
0.002732
0.003436
0.002949
0.002994
0.002120
0.002099
0.001242
0.001276
0.001263
0.001379
0.000719
0.000933
0.000633
0.000664
0.000621
0.000411
0.000541
0.000544
0.000491
0.000450
0.000413
0.000434
0.000480
0.000333
0.000307
0.000321
0.000221
0.000248
0.000239
0.000188
0.000180
0.000214
0.000217
0.000216
0.000135
0.000161
0.000162
0.000147
0.000204
0.000141
0.000138
0.000165
0.000144
0.000155
0.000163
0.000169
0.000134
0.000131
0.000100
0.000104
0.000093
0.000118
0.000165
0.000169
0.000072
0.000090
0.000105
0.000124
0.000115
0.000107
0.000106
0.000137
0.000098
0.000107
0.000092
0.000129
0.000090
0.000112
0.000625
0.001795
0.002326
0.002995
0.003955
0.003970
0.005579
0.009217
0.007945
0.008211
0.008693
0.013154
0.012295
0.014896
0.011256
0.007305
0.008321
0.007663
0.007150
0.006511
0.005552
0.004833
0.003517
0.004393
0.005236
0.003593
0.002939
0.002459
0.003286
0.003202
0.004348
