0.072667
0.071670
0.071670
0.070893
0.069686
0.070655
0.069370
0.065390
0.064416
0.065530
0.066190
0.065570
0.062867
0.060180
0.060507
0.058633
0.059166
0.061525
0.057810
0.058228
0.057535
0.061855
0.056375
0.055315
0.054647
0.052348
0.044996
0.043633
0.047557
0.038217
0.038476
0.037735
0.038182
0.034795
0.034137
0.030139
0.033711
0.039681
0.030952
0.027826
0.028509
0.029174
0.025340
0.030333
0.024073
0.023594
0.024473
0.028048
0.025565
0.023116
0.031256
0.022998
0.028080
0.025270
0.034183
0.031718
0.030783
0.042220
0.018084
0.020692
0.024532
0.018457
0.023832
0.023685
0.020236
0.018245
0.014826
0.031112
0.012994
0.011341
0.018943
0.015064
0.020541
0.016625
0.015096
0.012336
0.038748
0.017318
0.055940
0.042540
0.015383
0.037848
0.018570
0.012626
0.014858
0.019303
0.017245
0.010788
0.014836
0.016916
0.009837
0.009681
0.009835
0.008673
0.009817
0.012631
0.008610
0.009647
0.007318
0.010528
0.007298
0.007749
0.008617
0.005649
0.013887
0.010615
0.006858
0.008183
0.009231
0.006703
0.008552
0.006975
0.009743
0.005937
0.005309
0.009342
0.007260
0.012293
0.010053
0.008762
0.007951
0.013379
0.008090
0.012280
0.007057
0.004640
0.007435
0.013442
0.007887
0.005570
0.011097
0.009424
0.007756
0.007084
0.006564
0.010094
0.009075
0.005732
0.005605
0.006951
0.005856
0.005657
0.009626
0.004640
0.005162
0.006344
0.004269
0.005308
0.005218
0.007502
