0.069843
0.064995
0.065152
0.061655
0.060590
0.055370
0.059191
0.057975
0.058658
0.056950
0.053548
0.049927
0.049213
0.049808
0.043004
0.045766
0.050860
0.048612
0.045770
0.045078
0.042990
0.041244
0.042634
0.037974
0.040068
0.040967
0.034093
0.029418
0.027636
0.027012
0.024264
0.027995
0.027718
0.022272
0.020514
0.020280
0.019542
0.016524
0.023124
0.018166
0.023846
0.020116
0.019771
0.016355
0.016822
0.017903
0.013615
0.015669
0.010693
0.015828
0.018157
0.014603
0.005920
0.013028
0.015680
0.013047
0.007739
0.022790
0.022590
0.056040
0.035705
0.016362
0.009501
0.016809
0.016153
0.009531
0.018231
0.014538
0.009205
0.015575
0.019614
0.013570
0.011470
0.009666
0.012397
0.007723
0.008933
0.005863
0.005322
0.008550
0.004453
0.005435
0.003259
0.003825
0.003028
0.005136
0.005205
0.005381
0.002618
0.004368
0.004390
0.004419
0.004508
0.003235
0.008361
0.003174
0.007012
0.007223
0.004509
0.007457
0.008928
0.005198
0.003979
0.007415
0.008128
0.007757
0.008391
0.020326
0.005391
0.005846
0.003819
0.007532
0.005250
0.002901
0.003452
0.001348
0.005298
0.005578
0.006592
0.008407
0.008708
0.010835
0.006407
0.009795
0.002734
0.018474
0.010162
0.011398
0.002655
0.010814
0.007853
0.016502
0.012837
0.005232
0.006497
0.009486
0.006741
0.003626
0.002633
0.004928
0.004839
0.004585
0.021516
0.001827
0.006225
0.004003
0.003772
0.003778
0.004673
0.003820
