0.221557
0.191617
0.191617
0.191617
0.191617
0.191617
0.209581
0.209581
0.257485
0.371257
0.413174
0.377246
0.359281
0.347305
0.371257
0.526946
0.485030
0.550898
0.449102
0.550898
0.532934
0.508982
0.568862
0.592814
0.592814
0.694611
0.706587
0.718563
0.676647
0.718563
0.766467
0.766467
0.784431
0.772455
0.778443
0.790419
0.790419
0.790419
0.790419
0.790419
0.784431
0.790419
0.790419
0.790419
0.838323
0.862275
0.922156
0.964072
0.970060
0.976048
0.988024
0.982036
0.988024
0.988024
0.994012
1.000000
0.994012
1.000000
1.000000
1.000000
1.000000
1.000000
1.000000
1.000000
1.000000
1.000000
1.000000
1.000000
1.000000
1.000000
1.000000
1.000000
1.000000
1.000000
1.000000
1.000000
1.000000
1.000000
1.000000
1.000000
1.000000
1.000000
1.000000
1.000000
1.000000
1.000000
1.000000
1.000000
1.000000
1.000000
1.000000
1.000000
1.000000
1.000000
1.000000
1.000000
1.000000
1.000000
1.000000
1.000000
1.000000
1.000000
1.000000
1.000000
1.000000
1.000000
1.000000
1.000000
1.000000
1.000000
1.000000
1.000000
1.000000
1.000000
1.000000
1.000000
1.000000
1.000000
1.000000
1.000000
1.000000
1.000000
1.000000
1.000000
1.000000
1.000000
1.000000
1.000000
1.000000
1.000000
1.000000
1.000000
1.000000
1.000000
1.000000
1.000000
1.000000
1.000000
1.000000
1.000000
1.000000
1.000000
1.000000
1.000000
1.000000
1.000000
1.000000
1.000000
1.000000
1.000000
