0.100622
0.056130
0.056484
0.054147
0.052875
0.052982
0.052628
0.051282
0.053197
0.050459
0.049363
0.046538
0.043740
0.040739
0.038374
0.038634
0.034239
0.033052
0.033533
0.028055
0.027702
0.026586
0.024017
0.023701
0.022997
0.018963
0.020545
0.020633
0.018699
0.015756
0.015398
0.013282
0.016722
0.016043
0.014549
0.012831
0.012532
0.014963
0.014600
0.011951
0.011786
0.013969
0.012711
0.012255
0.011413
0.011402
0.011979
0.012277
0.011225
0.010773
0.014043
0.005692
0.004340
0.005648
0.012737
0.006558
0.002616
0.003593
0.002922
0.000871
0.000303
0.000281
0.000193
0.000119
0.000097
0.000120
0.000066
0.000057
0.000049
0.000079
0.000049
0.000050
0.000042
0.000039
0.000028
0.000041
0.000037
0.000034
0.000036
0.000026
0.000038
0.000025
0.000036
0.000029
0.000022
0.000019
0.000020
0.000019
0.000018
0.000020
0.000017
0.000018
0.000019
0.000013
0.000013
0.000018
0.000018
0.000016
0.000015
0.000012
0.000013
0.000013
0.000012
0.000014
0.000012
0.000012
0.000013
0.000013
0.000010
0.000012
0.000011
0.000010
0.000011
0.000010
0.000008
0.000010
0.000012
0.000010
0.000009
0.000009
0.000011
0.000008
0.000013
0.000008
0.000011
0.000008
0.000010
0.000010
0.000010
0.000010
0.000007
0.000007
0.000008
0.000011
0.000007
0.000006
0.000006
0.000006
0.000006
0.000006
0.000006
0.000005
0.000007
0.000007
0.000006
0.000005
0.000006
0.000006
0.000006
0.000005
