0.059100
0.053963
0.051773
0.049588
0.049253
0.045585
0.040540
0.046326
0.037322
0.034489
0.035159
0.027893
0.030360
0.029041
0.024278
0.025482
0.023617
0.024356
0.018978
0.019326
0.017366
0.019139
0.021946
0.019137
0.020080
0.019903
0.021826
0.019253
0.017885
0.017463
0.014535
0.014915
0.017242
0.014991
0.017696
0.014491
0.015525
0.014396
0.012072
0.009311
0.007319
0.003587
0.002741
0.001304
0.001429
0.000694
0.000432
0.000257
0.000301
0.000183
0.000132
0.000098
0.000096
0.000106
0.000110
0.000101
0.000106
0.000059
0.000071
0.000063
0.000056
0.000051
0.000058
0.000046
0.000045
0.000047
0.000052
0.000043
0.000054
0.000045
0.000036
0.000053
0.000042
0.000030
0.000031
0.000039
0.000042
0.000030
0.000030
0.000022
0.000024
0.000021
0.000023
0.000022
0.000025
0.000021
0.000015
0.000019
0.000020
0.000027
0.000022
0.000022
0.000017
0.000015
0.000014
0.000015
0.000011
0.000010
0.000013
0.000011
0.000014
0.000014
0.000013
0.000015
0.000016
0.000016
0.000011
0.000014
0.000010
0.000011
0.000017
0.000011
0.000013
0.000013
0.000010
0.000009
0.000007
0.000010
0.000008
0.000007
0.000007
0.000010
0.000012
0.000012
0.000007
0.000007
0.000008
0.000008
0.000006
0.000008
0.000007
0.000005
0.000007
0.000007
0.000007
0.000007
0.000007
0.000007
0.000006
0.000007
0.000007
0.000006
0.000005
0.000007
0.000007
0.000007
0.000007
0.000005
0.000006
0.000005
