0.156423
0.119468
0.078098
0.071551
0.071451
0.071253
0.063393
0.054122
0.052058
0.058750
0.057818
0.051884
0.054368
0.049585
0.049084
0.051293
0.048666
0.048511
0.051307
0.046843
0.046687
0.044633
0.042189
0.043720
0.041382
0.046336
0.045122
0.044683
0.039436
0.046448
0.040300
0.039278
0.042036
0.037196
0.042433
0.037363
0.038278
0.044405
0.038089
0.042026
0.034878
0.038077
0.037154
0.035239
0.035875
0.035190
0.031323
0.034983
0.034194
0.030874
0.033194
0.037258
0.032958
0.030627
0.038498
0.031258
0.027284
0.032399
0.035785
0.025104
0.034303
0.032685
0.027431
0.036146
0.031125
0.028576
0.029103
0.033877
0.030259
0.026514
0.029762
0.034154
0.028832
0.027195
0.027940
0.026712
0.021915
0.031492
0.027974
0.032632
0.034378
0.030478
0.025518
0.031610
0.032114
0.026522
0.026558
0.025109
0.024856
0.035165
0.026028
0.026717
0.029164
0.024938
0.030288
0.028107
0.030388
0.034061
0.025373
0.026780
0.029088
0.022300
0.023545
0.022227
0.020050
0.026883
0.029422
0.019096
0.028992
0.024277
0.026577
0.025448
0.019986
0.016779
0.019534
0.021943
0.022535
0.021364
0.026013
0.020295
0.020338
0.023768
0.019626
0.013948
0.020320
0.025165
0.018163
0.015787
0.013132
0.014334
0.019972
0.014828
0.016023
0.018538
0.016683
0.014569
0.017192
0.016809
0.014537
0.016333
0.017249
0.012567
0.020705
0.016116
0.027271
0.019433
0.014437
0.018278
0.014503
0.023802
