0.095109
0.075973
0.070222
0.070874
0.070874
0.071203
0.070254
0.070874
0.065575
0.062369
0.060459
0.058784
0.060118
0.060231
0.058633
0.058866
0.057633
0.057588
0.058593
0.058501
0.059944
0.057266
0.059841
0.055621
0.057467
0.057748
0.058809
0.054564
0.055607
0.056015
0.058524
0.052654
0.055329
0.053110
0.053127
0.054357
0.051686
0.053613
0.050851
0.053299
0.052765
0.056743
0.055240
0.049811
0.051005
0.053560
0.058635
0.052073
0.048956
0.050062
0.047508
0.041852
0.042768
0.043926
0.044321
0.045045
0.043754
0.043040
0.039272
0.036857
0.035789
0.039062
0.043674
0.036009
0.039990
0.036474
0.041573
0.039624
0.042218
0.035094
0.062257
0.037785
0.043940
0.045236
0.041700
0.046639
0.042374
0.045156
0.043037
0.041258
0.042299
0.037466
0.041497
0.038895
0.042041
0.043554
0.041108
0.042235
0.038345
0.037087
0.038907
0.038293
0.040140
0.039013
0.038157
0.042348
0.040513
0.041140
0.039626
0.044790
0.040087
0.040544
0.039726
0.038528
0.041359
0.037354
0.040796
0.036468
0.031766
0.036078
0.032443
0.037625
0.034947
0.039910
0.038466
0.041138
0.035958
0.034719
0.031736
0.034463
0.038511
0.033722
0.031714
0.029049
0.030204
0.030620
0.031222
0.038575
0.040429
0.032537
0.045791
0.039419
0.042100
0.040913
0.037036
0.038965
0.040373
0.031677
0.036827
0.033748
0.037766
0.033792
0.033925
0.037022
0.042623
0.041393
0.037950
0.037083
0.035487
0.044644
