0.167030
0.078537
0.075569
0.071253
0.072082
0.072357
0.072235
0.071797
0.071276
0.070839
0.071203
0.071203
0.071203
0.071670
0.071670
0.071670
0.071670
0.071670
0.071670
0.071670
0.071670
0.071670
0.071670
0.071670
0.071203
0.071203
0.070839
0.070839
0.070839
0.070839
0.071203
0.071203
0.070839
0.071203
0.071203
0.071203
0.071203
0.070651
0.069754
0.066856
0.068553
0.067300
0.067662
0.068083
0.067219
0.068578
0.066017
0.065888
0.066960
0.066282
0.063134
0.064856
0.064658
0.062860
0.059213
0.060570
0.063072
0.059526
0.061413
0.061428
0.058952
0.058400
0.063530
0.057026
0.057144
0.058373
0.054851
0.053207
0.050824
0.049157
0.048641
0.046624
0.045917
0.047802
0.048392
0.044842
0.041313
0.042824
0.037105
0.037762
0.035698
0.035827
0.033124
0.027678
0.030399
0.031700
0.029693
0.027032
0.026965
0.034922
0.026072
0.027148
0.027634
0.029436
0.029893
0.027341
0.031095
0.029835
0.025738
0.028224
0.023766
0.022140
0.024368
0.015816
0.020654
0.021080
0.017736
0.015831
0.016854
0.012975
0.013658
0.013632
0.009892
0.011334
0.011291
0.009305
0.012107
0.010375
0.013181
0.010539
0.012751
0.007037
0.006918
0.008571
0.008231
0.010611
0.007064
0.006204
0.005327
0.005799
0.005890
0.006187
0.004563
0.005134
0.002787
0.004071
0.003838
0.004069
0.004874
0.003228
0.004967
0.002629
0.002681
0.004225
0.003323
0.003755
0.003760
0.002120
0.004040
0.002534
