0.088388
0.072865
0.071890
0.071521
0.069729
0.068099
0.065574
0.064960
0.065323
0.064251
0.065285
0.060549
0.063446
0.060843
0.064001
0.061439
0.058124
0.056607
0.057655
0.055784
0.055432
0.056577
0.052437
0.053882
0.049743
0.051202
0.052957
0.047522
0.045630
0.048701
0.047130
0.051838
0.046850
0.047003
0.044846
0.048293
0.046362
0.046292
0.046536
0.042811
0.043116
0.041592
0.040480
0.041180
0.036922
0.040208
0.037414
0.040713
0.037506
0.035374
0.035528
0.031410
0.031474
0.033926
0.027871
0.028677
0.027581
0.024004
0.025970
0.025912
0.020834
0.019623
0.017591
0.015278
0.013121
0.020190
0.008864
0.011311
0.019969
0.012952
0.012387
0.012674
0.009608
0.029139
0.008114
0.020460
0.013535
0.016450
0.012251
0.007989
0.011411
0.020103
0.023635
0.009914
0.010060
0.011048
0.012413
0.007615
0.008967
0.009690
0.011597
0.017722
0.006824
0.007612
0.006754
0.005514
0.004956
0.005515
0.002892
0.002494
0.002034
0.010787
0.004097
0.001881
0.004101
0.002925
0.001619
0.000908
0.001163
0.001515
0.001362
0.000929
0.000906
0.000392
0.000865
0.000723
0.000865
0.001821
0.000710
0.000591
0.000864
0.000571
0.000969
0.000574
0.000477
0.000855
0.000780
0.001017
0.000710
0.000693
0.000344
0.000285
0.000665
0.000496
0.000313
0.000349
0.000175
0.000452
0.000434
0.000374
0.000210
0.000244
0.000245
0.000316
0.000322
0.000841
0.000199
0.000150
0.000248
0.000394
