0.083101
0.070580
0.069352
0.068457
0.068055
0.067249
0.067022
0.068181
0.066642
0.066729
0.066746
0.065742
0.067466
0.066238
0.065472
0.066574
0.067586
0.065945
0.066939
0.067937
0.063948
0.065481
0.065846
0.066558
0.064958
0.066500
0.062584
0.068524
0.060341
0.061088
0.057627
0.059763
0.059945
0.058434
0.057976
0.055375
0.052442
0.052046
0.048978
0.046639
0.049063
0.047222
0.042010
0.041473
0.039881
0.041193
0.037213
0.040083
0.036893
0.039106
0.037886
0.033295
0.033299
0.031908
0.041879
0.024922
0.023211
0.032571
0.034670
0.025788
0.024967
0.022864
0.020818
0.022698
0.029346
0.023857
0.022890
0.023933
0.017488
0.018997
0.026735
0.015579
0.016808
0.009653
0.012693
0.010084
0.010807
0.011305
0.011294
0.008809
0.009114
0.008010
0.004794
0.004851
0.004316
0.003129
0.005438
0.004143
0.002125
0.003050
0.004928
0.003208
0.001852
0.003060
0.002109
0.002662
0.002229
0.002421
0.004545
0.001534
0.004199
0.002304
0.001175
0.001059
0.001931
0.002714
0.002688
0.000991
0.001412
0.001948
0.001479
0.007827
0.002933
0.007396
0.029994
0.017638
0.004059
0.011645
0.002689
0.010583
0.009661
0.007237
0.007530
0.010350
0.015408
0.004752
0.006277
0.006075
0.001798
0.001355
0.001534
0.005845
0.000895
0.002576
0.007067
0.004176
0.020614
0.012768
0.017479
0.008074
0.009657
0.006936
0.004751
0.007174
0.005667
0.005316
0.003465
0.002161
0.002559
0.004521
