0.163842
0.089214
0.096537
0.083503
0.091066
0.092503
0.081456
0.080100
0.072218
0.064947
0.061495
0.067619
0.061546
0.059660
0.057200
0.056363
0.057342
0.057470
0.051831
0.059110
0.051256
0.051919
0.053936
0.049772
0.047366
0.045667
0.041761
0.043277
0.042120
0.038626
0.034992
0.035393
0.030396
0.035173
0.035860
0.031661
0.029977
0.029753
0.033958
0.025066
0.028940
0.026964
0.018226
0.021542
0.020565
0.013735
0.017391
0.015654
0.016763
0.015318
0.012415
0.015011
0.012262
0.022663
0.015846
0.012757
0.011023
0.011142
0.012908
0.008828
0.010574
0.008784
0.006694
0.007244
0.004911
0.005080
0.003978
0.004521
0.002709
0.003127
0.002259
0.003819
0.002815
0.001714
0.003625
0.003130
0.002269
0.003702
0.002955
0.010702
0.001522
0.105285
0.013672
0.032749
0.036281
0.020271
0.011094
0.011568
0.018954
0.008430
0.015250
0.010739
0.011700
0.009174
0.004599
0.008139
0.006104
0.008773
0.005923
0.002054
0.005330
0.016564
0.003718
0.002246
0.002933
0.002286
0.002641
0.002865
0.001204
0.000984
0.000607
0.001078
0.001004
0.000563
0.000565
0.000338
0.000720
0.000574
0.000474
0.000612
0.000408
0.000348
0.000378
0.000578
0.000504
0.000179
0.000413
0.000415
0.000293
0.000179
0.000309
0.000235
0.000162
0.000164
0.000238
0.000201
0.000364
0.000438
0.000163
0.000326
0.000135
0.000239
0.000210
0.000150
0.000682
0.000284
0.000129
0.000291
0.000417
0.000148
