0.072457
0.071670
0.071670
0.068955
0.068333
0.062046
0.062355
0.066253
0.063617
0.062019
0.057546
0.058728
0.059289
0.055152
0.055604
0.054742
0.054332
0.053199
0.051119
0.055842
0.050511
0.051688
0.048187
0.050908
0.050400
0.044514
0.046004
0.043845
0.043686
0.043036
0.044179
0.043327
0.042212
0.041395
0.040127
0.037986
0.037096
0.040527
0.037856
0.035032
0.036590
0.033944
0.037654
0.034114
0.037138
0.034361
0.029531
0.030135
0.031397
0.026988
0.033747
0.027764
0.026135
0.028949
0.025692
0.027316
0.026519
0.031502
0.023570
0.023303
0.021788
0.028495
0.021218
0.024030
0.022734
0.024531
0.024318
0.023924
0.023737
0.020435
0.025423
0.021564
0.019839
0.020746
0.023316
0.021330
0.017709
0.014023
0.018446
0.019798
0.015915
0.012479
0.015935
0.018404
0.018814
0.013375
0.019206
0.014594
0.014733
0.016802
0.016023
0.010933
0.015639
0.014258
0.013963
0.009652
0.016958
0.012121
0.013790
0.016584
0.018646
0.010601
0.013029
0.012902
0.009631
0.011798
0.016129
0.012701
0.010103
0.009674
0.010810
0.010158
0.009567
0.008555
0.015641
0.014547
0.017143
0.005470
0.021021
0.011027
0.011256
0.017109
0.011785
0.007409
0.019737
0.011860
0.011275
0.013586
0.013104
0.016152
0.016654
0.012866
0.009956
0.011302
0.005760
0.009324
0.008307
0.009793
0.006171
0.007276
0.013440
0.011726
0.031324
0.016669
0.018866
0.018030
0.010046
0.010266
0.013706
0.015288
