0.071812
0.065905
0.061693
0.060806
0.065104
0.063453
0.059874
0.059391
0.056752
0.056715
0.056296
0.055347
0.052317
0.053240
0.050766
0.050350
0.046681
0.051377
0.051620
0.044364
0.044271
0.042103
0.045666
0.042254
0.041425
0.041932
0.041346
0.044464
0.040670
0.042274
0.045463
0.041698
0.038519
0.041187
0.035025
0.040331
0.036523
0.034602
0.037834
0.036284
0.035529
0.036009
0.035429
0.032054
0.030321
0.030797
0.031835
0.029741
0.031791
0.026646
0.030382
0.031433
0.028183
0.037426
0.028813
0.027206
0.028995
0.022411
0.020040
0.023347
0.022805
0.025218
0.022344
0.020044
0.023093
0.022607
0.021577
0.020633
0.028347
0.022805
0.019942
0.017152
0.018614
0.019781
0.020937
0.026527
0.021132
0.024187
0.025800
0.023469
0.023672
0.032364
0.021639
0.019820
0.015837
0.018324
0.024410
0.017431
0.020443
0.020862
0.022532
0.023362
0.022978
0.014301
0.023498
0.016372
0.018334
0.013214
0.010687
0.012986
0.011379
0.014524
0.009749
0.012012
0.012901
0.012181
0.011319
0.011334
0.010454
0.009544
0.013447
0.014479
0.011724
0.015250
0.015717
0.011785
0.013705
0.008678
0.015029
0.026531
0.014974
0.017072
0.028280
0.012863
0.017260
0.016747
0.014378
0.021410
0.016870
0.013946
0.011596
0.022115
0.035811
0.021601
0.009739
0.009158
0.010130
0.010140
0.012965
0.016383
0.020184
0.009174
0.016898
0.010896
0.018391
0.017150
0.011338
0.013871
0.017747
0.019569
