0.103080
0.076373
0.069013
0.068657
0.066114
0.065069
0.064433
0.056212
0.054704
0.054481
0.054109
0.053341
0.054088
0.054268
0.054983
0.053228
0.050604
0.052033
0.051762
0.051371
0.051018
0.050049
0.052309
0.050224
0.051824
0.052900
0.051830
0.050756
0.049658
0.049531
0.048115
0.049522
0.050420
0.050998
0.051767
0.051071
0.048857
0.051782
0.047527
0.044523
0.048395
0.047851
0.047884
0.047817
0.048432
0.050837
0.047394
0.049413
0.045806
0.048175
0.048945
0.048170
0.048889
0.046192
0.050620
0.047722
0.049384
0.045644
0.048969
0.045609
0.046038
0.048280
0.043871
0.045897
0.045680
0.046567
0.044430
0.044006
0.045494
0.044693
0.047539
0.044951
0.043046
0.045506
0.042863
0.043068
0.043679
0.045248
0.042728
0.042025
0.044873
0.042696
0.042154
0.040992
0.041077
0.042021
0.040449
0.038928
0.041075
0.043982
0.039418
0.038223
0.040196
0.038046
0.038895
0.038085
0.043294
0.042591
0.039780
0.040561
0.042333
0.039105
0.039222
0.038723
0.040374
0.041754
0.037881
0.038999
0.037266
0.040694
0.041914
0.038654
0.041291
0.038558
0.037673
0.039898
0.038172
0.040644
0.035388
0.038902
0.037070
0.037771
0.037700
0.037433
0.039130
0.038428
0.035489
0.039786
0.037000
0.038697
0.031431
0.039108
0.039009
0.034803
0.035776
0.034074
0.040157
0.037879
0.040857
0.037597
0.037174
0.037891
0.038969
0.037569
0.034905
0.039373
0.035797
0.038864
0.036883
0.033322
