0.285143
0.244876
0.123510
0.066422
0.055439
0.056200
0.055802
0.055908
0.055015
0.055026
0.048516
0.049397
0.046333
0.046394
0.045627
0.046380
0.041881
0.040446
0.044507
0.039219
0.040403
0.030884
0.031882
0.035648
0.036592
0.035031
0.028405
0.033081
0.025722
0.028404
0.028860
0.027308
0.025083
0.020862
0.021554
0.019870
0.019641
0.023617
0.021084
0.016697
0.018507
0.018955
0.012499
0.016233
0.019857
0.014255
0.023078
0.018749
0.020393
0.017423
0.015346
0.014509
0.016033
0.010501
0.011875
0.011836
0.014675
0.014230
0.015313
0.012393
0.012641
0.011893
0.012810
0.011030
0.008115
0.012572
0.009220
0.010680
0.012098
0.008299
0.012702
0.008656
0.008444
0.011432
0.007389
0.007978
0.007744
0.009750
0.007690
0.009712
0.008070
0.007605
0.008887
0.006482
0.007407
0.007594
0.007241
0.007765
0.009252
0.007158
0.008795
0.007191
0.008742
0.006597
0.008654
0.007589
0.008411
0.007166
0.007850
0.005310
0.004847
0.006647
0.004631
0.005427
0.005749
0.004354
0.005444
0.005434
0.005010
0.006296
0.006151
0.005792
0.005167
0.006339
0.005451
0.005435
0.006780
0.004994
0.005249
0.007244
0.005688
0.006725
0.008577
0.006908
0.007493
0.004364
0.006576
0.006722
0.008442
0.004319
0.005992
0.005624
0.005765
0.005627
0.006185
0.006517
0.005773
0.005116
0.004328
0.006043
0.005884
0.004097
0.004603
0.004512
0.004191
0.005778
0.003909
0.005157
0.005221
0.003995
