0.106680
0.071670
0.071670
0.071670
0.071670
0.071670
0.071670
0.071670
0.071670
0.070839
0.069540
0.069317
0.070758
0.070096
0.071483
0.070406
0.069457
0.069614
0.067887
0.067494
0.069994
0.068937
0.068303
0.067530
0.068620
0.066538
0.068774
0.067296
0.067823
0.067144
0.068867
0.067033
0.067959
0.066704
0.068236
0.067592
0.066310
0.068269
0.066680
0.066352
0.066497
0.067191
0.067368
0.067765
0.061773
0.063748
0.063194
0.057685
0.059341
0.057827
0.060076
0.056852
0.060029
0.061837
0.059192
0.058611
0.059789
0.057362
0.055867
0.055472
0.054212
0.055923
0.055884
0.059328
0.057907
0.055752
0.058303
0.059083
0.055894
0.055176
0.058286
0.056462
0.057827
0.056253
0.057654
0.057524
0.057911
0.054945
0.056725
0.056017
0.056126
0.054377
0.054656
0.052092
0.055623
0.051922
0.055083
0.053163
0.052735
0.051238
0.051182
0.053524
0.051442
0.051827
0.053838
0.050180
0.053366
0.050870
0.050938
0.049547
0.047938
0.045288
0.049449
0.056204
0.048532
0.052357
0.045899
0.044375
0.041928
0.043070
0.052443
0.045741
0.044298
0.045656
0.047567
0.048995
0.048858
0.047458
0.047470
0.042480
0.044136
0.042274
0.045824
0.038814
0.043443
0.041124
0.040426
0.037570
0.041145
0.040565
0.042520
0.043693
0.044474
0.041534
0.039199
0.043464
0.047320
0.046000
0.039553
0.044857
0.042848
0.040170
0.047019
0.041966
0.041902
0.042304
0.040582
0.039970
0.039127
0.039284
