0.307440
0.111809
0.087817
0.072665
0.071990
0.070882
0.070978
0.071438
0.071953
0.071670
0.071203
0.071203
0.071203
0.071203
0.070371
0.069756
0.072989
0.070843
0.071360
0.071828
0.071360
0.071828
0.071360
0.070529
0.070651
0.069698
0.069235
0.069854
0.069216
0.068382
0.069209
0.068781
0.067124
0.067553
0.067297
0.068108
0.067679
0.068215
0.066278
0.066327
0.065878
0.066810
0.067442
0.068065
0.067659
0.066667
0.066981
0.067261
0.066341
0.064429
0.065121
0.065895
0.064043
0.063451
0.062973
0.062260
0.061474
0.059333
0.061702
0.059716
0.061832
0.061916
0.061693
0.061136
0.060704
0.060396
0.057351
0.059032
0.056631
0.056981
0.057691
0.054881
0.058028
0.055248
0.054818
0.055500
0.056914
0.054777
0.057143
0.056864
0.054182
0.054561
0.054210
0.052342
0.053517
0.051094
0.054474
0.050291
0.053122
0.052116
0.052282
0.049957
0.052059
0.051389
0.050915
0.051551
0.050212
0.052559
0.046734
0.047598
0.049987
0.045344
0.049552
0.047303
0.046190
0.047487
0.047049
0.051581
0.049483
0.048024
0.049446
0.049642
0.045163
0.051537
0.051924
0.049762
0.043797
0.045455
0.045437
0.049773
0.042850
0.041248
0.041867
0.042298
0.040835
0.042794
0.038306
0.039843
0.039646
0.035950
0.038234
0.035506
0.034400
0.039615
0.039009
0.033001
0.036975
0.037135
0.032378
0.034034
0.035308
0.034843
0.034001
0.033994
0.031707
0.033987
0.034939
0.031760
0.033068
0.033342
