0.072510
0.071670
0.071670
0.071670
0.071670
0.071670
0.071670
0.071670
0.071828
0.070445
0.070656
0.068591
0.069955
0.066378
0.066461
0.069214
0.066892
0.066702
0.065138
0.062236
0.061609
0.060167
0.062044
0.060066
0.057506
0.054564
0.048753
0.054744
0.053044
0.049956
0.048145
0.050974
0.047974
0.047256
0.046577
0.044230
0.042498
0.041903
0.039714
0.038789
0.036630
0.039786
0.029996
0.030318
0.029318
0.028987
0.029805
0.027093
0.027401
0.029893
0.024931
0.025097
0.022550
0.027624
0.022693
0.021387
0.018416
0.018306
0.015374
0.015382
0.017040
0.015204
0.013024
0.012332
0.014055
0.013518
0.012168
0.010397
0.008355
0.008716
0.007796
0.006913
0.005833
0.007810
0.006797
0.007106
0.005439
0.005178
0.005996
0.004890
0.005222
0.004184
0.003922
0.003777
0.003367
0.004286
0.004744
0.003615
0.003193
0.003230
0.003276
0.002734
0.002798
0.002661
0.002533
0.002188
0.002740
0.002112
0.002034
0.001971
0.002059
0.002034
0.001884
0.001822
0.002019
0.001762
0.001642
0.002159
0.001648
0.001621
0.001528
0.003143
0.004104
0.002439
0.002908
0.001828
0.001591
0.002434
0.001478
0.005995
0.004828
0.001784
0.001867
0.001848
0.001966
0.001426
0.001396
0.001446
0.001386
0.001514
0.001409
0.001610
0.001335
0.001281
0.001302
0.001235
0.001158
0.001168
0.001170
0.001154
0.001089
0.001114
0.001058
0.001048
0.001205
0.001082
0.001114
0.001049
0.001036
0.000976
