0.069547
0.065910
0.062457
0.062320
0.060963
0.062198
0.064091
0.060711
0.059681
0.061539
0.059173
0.056083
0.055220
0.054059
0.052524
0.050338
0.052089
0.051407
0.049404
0.049436
0.050379
0.049421
0.050050
0.049939
0.044924
0.044651
0.043168
0.037530
0.039707
0.037067
0.032662
0.031973
0.032429
0.032984
0.028333
0.028520
0.026398
0.023948
0.029720
0.026624
0.021884
0.027140
0.026061
0.022482
0.022709
0.023721
0.020504
0.021795
0.019959
0.018919
0.020481
0.019502
0.015543
0.017748
0.017586
0.016104
0.015755
0.014646
0.016898
0.015019
0.015322
0.014275
0.012305
0.013360
0.013350
0.012454
0.014523
0.012463
0.010152
0.009828
0.008225
0.008532
0.008510
0.009364
0.015218
0.006923
0.005860
0.006018
0.007438
0.004915
0.007853
0.006788
0.006562
0.006467
0.004244
0.004765
0.007126
0.003542
0.004000
0.004389
0.002998
0.003666
0.003383
0.002856
0.002728
0.004068
0.002510
0.002765
0.002908
0.002373
0.002503
0.002549
0.002361
0.002244
0.001995
0.002590
0.001717
0.003181
0.001702
0.002500
0.002036
0.003440
0.003521
0.002506
0.006086
0.002178
0.004424
0.003324
0.002479
0.002687
0.002261
0.002545
0.002332
0.002304
0.001931
0.002534
0.001596
0.002371
0.001499
0.002463
0.001884
0.001785
0.001379
0.002135
0.001635
0.001517
0.001425
0.001539
0.001335
0.001574
0.001542
0.001385
0.001346
0.001464
0.001375
0.001250
0.001226
0.001386
0.001314
0.001389
