0.356340
0.208043
0.195178
0.157931
0.113515
0.120372
0.095138
0.078391
0.073457
0.078173
0.071268
0.067692
0.067245
0.067657
0.071078
0.061170
0.064943
0.059753
0.059442
0.058855
0.059032
0.048911
0.052469
0.056104
0.055678
0.051683
0.050188
0.049960
0.042948
0.046960
0.049210
0.044879
0.045489
0.043325
0.037612
0.041267
0.036462
0.038593
0.039428
0.037957
0.039049
0.031693
0.030355
0.032080
0.034100
0.029336
0.027594
0.030269
0.026372
0.030485
0.025647
0.027653
0.024047
0.022425
0.021579
0.021463
0.019008
0.021621
0.021283
0.018509
0.017827
0.015232
0.015662
0.015005
0.013646
0.012503
0.008752
0.009716
0.009414
0.010125
0.014151
0.008482
0.006774
0.009340
0.004763
0.006756
0.003588
0.003713
0.004104
0.003821
0.007087
0.003159
0.003296
0.005972
0.003468
0.004143
0.001552
0.001910
0.003388
0.003806
0.001997
0.001956
0.001458
0.002494
0.003036
0.002996
0.002324
0.001086
0.001856
0.001609
0.001424
0.000664
0.001826
0.000984
0.000733
0.002614
0.001300
0.002107
0.000865
0.000561
0.000769
0.000803
0.001054
0.000579
0.000622
0.000926
0.000434
0.000765
0.000605
0.000665
0.000441
0.000571
0.000599
0.000364
0.000545
0.000541
0.000381
0.000514
0.000526
0.000307
0.000260
0.000657
0.000452
0.000377
0.000481
0.000474
0.000377
0.000495
0.000320
0.000370
0.000516
0.000314
0.000345
0.000271
0.000559
0.000443
0.000380
0.000478
0.000337
0.000269
