0.443603
0.280738
0.182199
0.168589
0.152820
0.135906
0.123233
0.087372
0.089029
0.075579
0.052109
0.046624
0.060345
0.041228
0.031644
0.033330
0.035642
0.027444
0.019905
0.023831
0.016568
0.016159
0.013729
0.012536
0.011027
0.008609
0.007120
0.007790
0.007042
0.005011
0.005241
0.004668
0.004240
0.004854
0.005549
0.004198
0.003224
0.003697
0.003608
0.003451
0.003497
0.002724
0.002741
0.002379
0.002188
0.001919
0.001977
0.001975
0.002249
0.001947
0.001617
0.001914
0.002094
0.001489
0.001735
0.001598
0.001681
0.001418
0.001354
0.001369
0.001320
0.001559
0.001261
0.001134
0.001417
0.001266
0.001240
0.001490
0.001260
0.001166
0.001353
0.001121
0.000989
0.001079
0.000997
0.001125
0.001038
0.000967
0.000932
0.001138
0.001080
0.000938
0.001051
0.000845
0.000739
0.000703
0.000913
0.000941
0.000920
0.000710
0.000688
0.000671
0.000594
0.000768
0.000710
0.000737
0.000620
0.000556
0.000651
0.000558
0.000599
0.000529
0.000553
0.000546
0.000571
0.000531
0.000499
0.000481
0.000423
0.000490
0.000386
0.000405
0.000355
0.000384
0.000424
0.000406
0.000410
0.000412
0.000439
0.000390
0.000397
0.000399
0.000465
0.000507
0.000516
0.000477
0.000405
0.000407
0.000423
0.000405
0.000421
0.000475
0.000393
0.000405
0.000322
0.000397
0.000355
0.000334
0.000320
0.000333
0.000337
0.000359
0.000403
0.000335
0.000355
0.000408
0.000340
0.000291
0.000333
0.000251
