0.072600
0.071828
0.071670
0.071670
0.070839
0.071203
0.071031
0.070529
0.070464
0.070533
0.069154
0.068012
0.068007
0.067564
0.069204
0.068649
0.069085
0.067558
0.066320
0.065817
0.064802
0.063229
0.065760
0.066739
0.063475
0.063787
0.064330
0.064878
0.062907
0.061904
0.061662
0.060136
0.061125
0.054230
0.056064
0.055082
0.053738
0.054718
0.056189
0.050888
0.057840
0.051745
0.048876
0.048605
0.048273
0.048108
0.043805
0.042986
0.039957
0.041073
0.040285
0.040740
0.039602
0.041615
0.035794
0.037420
0.037093
0.034250
0.037586
0.037195
0.035386
0.034355
0.034086
0.031714
0.032102
0.032259
0.031147
0.031297
0.029594
0.032167
0.026760
0.029484
0.024640
0.026076
0.024429
0.025078
0.025308
0.021487
0.021809
0.018039
0.017579
0.018642
0.016265
0.016918
0.014803
0.015710
0.016248
0.012734
0.011009
0.010526
0.009383
0.008912
0.010610
0.009332
0.008808
0.009301
0.007715
0.006689
0.008510
0.006282
0.006512
0.007402
0.008067
0.007003
0.007147
0.007692
0.006841
0.007187
0.006363
0.005638
0.004940
0.004868
0.005610
0.004032
0.004556
0.005354
0.006861
0.004430
0.004964
0.004710
0.004351
0.005072
0.004162
0.004040
0.004582
0.005057
0.005333
0.002999
0.003867
0.002932
0.004863
0.003559
0.003620
0.005276
0.004053
0.002988
0.003911
0.003213
0.003304
0.003614
0.003087
0.003113
0.002741
0.003550
0.002658
0.003142
0.002501
0.002899
0.002049
0.003221
