0.072143
0.071670
0.071670
0.071950
0.071119
0.069952
0.067462
0.062405
0.060355
0.061428
0.061370
0.053620
0.054248
0.052678
0.055316
0.052472
0.051935
0.048811
0.046658
0.046608
0.044380
0.042429
0.042120
0.040580
0.043318
0.039978
0.042277
0.039828
0.035158
0.042387
0.041003
0.045476
0.043090
0.040349
0.037410
0.038697
0.038322
0.039009
0.032682
0.035198
0.032053
0.037755
0.034255
0.034311
0.039698
0.037447
0.031220
0.039579
0.031913
0.035479
0.027638
0.031363
0.030046
0.032821
0.043053
0.025970
0.029564
0.033574
0.028774
0.025354
0.029231
0.028628
0.027091
0.029645
0.029053
0.029137
0.028911
0.027161
0.022972
0.020047
0.020563
0.023075
0.020883
0.019748
0.027267
0.017992
0.028004
0.021476
0.022295
0.019645
0.023407
0.017025
0.018081
0.019412
0.020183
0.018722
0.029075
0.021352
0.026255
0.037294
0.027015
0.019964
0.020193
0.018583
0.023196
0.018966
0.020007
0.023546
0.027385
0.018962
0.015771
0.021851
0.020771
0.013527
0.018235
0.016708
0.012012
0.020670
0.023538
0.014441
0.017604
0.021464
0.014014
0.012986
0.022528
0.011454
0.014677
0.026707
0.015647
0.012695
0.014084
0.012459
0.023012
0.024021
0.016419
0.015305
0.016866
0.017433
0.012048
0.010907
0.029464
0.012873
0.036669
0.012766
0.018108
0.019785
0.011505
0.015475
0.018992
0.010982
0.011367
0.014395
0.021898
0.019180
0.018120
0.027041
0.011222
0.015990
0.012146
0.018661
