0.071438
0.070445
0.071368
0.071713
0.072031
0.069828
0.067729
0.060072
0.057588
0.053777
0.052328
0.056604
0.053931
0.052510
0.053077
0.051676
0.047249
0.052125
0.049713
0.049113
0.047833
0.045111
0.046024
0.040638
0.043269
0.045392
0.042732
0.040608
0.042908
0.040006
0.043579
0.040143
0.045498
0.041876
0.043759
0.041136
0.035161
0.035980
0.037625
0.036750
0.033325
0.034809
0.036952
0.036932
0.036391
0.031330
0.035657
0.031882
0.027235
0.031777
0.028024
0.029533
0.028338
0.028206
0.029673
0.029812
0.027687
0.022108
0.026820
0.029114
0.025864
0.024857
0.021638
0.031043
0.026790
0.024896
0.028004
0.023431
0.022620
0.026117
0.029299
0.020077
0.022773
0.043037
0.024394
0.027966
0.019282
0.020377
0.018227
0.017464
0.017031
0.022563
0.015364
0.012201
0.015223
0.027056
0.015797
0.031558
0.016913
0.031474
0.020532
0.018299
0.012818
0.027235
0.021189
0.014624
0.013440
0.015944
0.018154
0.022608
0.014645
0.021684
0.020246
0.016534
0.013517
0.016900
0.012668
0.009985
0.012673
0.014448
0.015741
0.019119
0.015897
0.010898
0.018263
0.013539
0.013533
0.011324
0.009764
0.011990
0.015476
0.010775
0.012688
0.012522
0.014893
0.011814
0.012414
0.009536
0.009935
0.015088
0.008895
0.010785
0.009710
0.009482
0.017923
0.015315
0.011476
0.009977
0.013063
0.014338
0.011554
0.013242
0.012703
0.008570
0.008556
0.008520
0.006045
0.009117
0.014069
0.006247
