0.071670
0.071670
0.071670
0.070507
0.067140
0.067339
0.063015
0.066582
0.062967
0.065643
0.063326
0.064061
0.063620
0.062877
0.059785
0.061977
0.062874
0.060325
0.060824
0.060165
0.055609
0.057524
0.053780
0.054066
0.053830
0.050439
0.047314
0.045693
0.047293
0.045842
0.040558
0.043781
0.044743
0.034587
0.032640
0.030920
0.033609
0.031246
0.029891
0.028856
0.025148
0.024731
0.020486
0.019262
0.020763
0.023610
0.020936
0.020831
0.025684
0.021203
0.019128
0.020176
0.024095
0.025187
0.029938
0.024169
0.019730
0.011019
0.011185
0.010651
0.008356
0.012352
0.011222
0.008306
0.007496
0.011557
0.013103
0.011828
0.015805
0.008970
0.007205
0.017726
0.011286
0.004063
0.013527
0.012879
0.009576
0.008077
0.004806
0.004862
0.006428
0.011801
0.008289
0.006455
0.004987
0.006432
0.004598
0.005802
0.005153
0.004553
0.004357
0.003644
0.001237
0.000868
0.001560
0.001702
0.001042
0.001530
0.001361
0.005151
0.001746
0.001380
0.001080
0.002119
0.001054
0.001766
0.001230
0.001347
0.001611
0.001994
0.002596
0.000698
0.000987
0.001145
0.002406
0.003588
0.000868
0.001473
0.000941
0.000304
0.001567
0.000439
0.001198
0.000426
0.001291
0.002255
0.002606
0.002000
0.000710
0.000936
0.001007
0.000572
0.002463
0.000514
0.005852
0.001136
0.001652
0.001722
0.001952
0.004792
0.000693
0.001189
0.006790
0.000988
0.005014
0.016906
0.001772
0.023113
0.002929
0.002997
