0.104935
0.086880
0.080048
0.074450
0.068407
0.066950
0.061651
0.058297
0.061117
0.059884
0.056796
0.051948
0.053992
0.050400
0.047167
0.047954
0.045863
0.044477
0.042407
0.039853
0.037695
0.038833
0.034324
0.036914
0.033674
0.034407
0.034062
0.034550
0.031651
0.034250
0.031582
0.032908
0.029959
0.028330
0.026773
0.027000
0.026240
0.028397
0.028076
0.026225
0.024982
0.023094
0.023312
0.023335
0.021308
0.022629
0.019884
0.021894
0.019894
0.019231
0.020471
0.018460
0.017165
0.017631
0.019332
0.016122
0.017047
0.016320
0.015484
0.015557
0.014468
0.014177
0.014668
0.012792
0.012372
0.012951
0.012850
0.011653
0.011276
0.011781
0.010932
0.012062
0.010609
0.011552
0.011518
0.010920
0.010115
0.009399
0.010295
0.009151
0.009990
0.010427
0.009302
0.009286
0.008794
0.009149
0.009444
0.008644
0.007727
0.008896
0.007558
0.007714
0.008193
0.008205
0.008738
0.008435
0.007805
0.007206
0.007565
0.007647
0.007104
0.007318
0.006202
0.006606
0.006181
0.006398
0.006071
0.006415
0.005990
0.006644
0.006070
0.006576
0.006346
0.005855
0.005437
0.004849
0.005021
0.005401
0.005050
0.005423
0.005261
0.005355
0.005224
0.005363
0.004891
0.005638
0.004864
0.005290
0.004878
0.004903
0.005089
0.005533
0.005238
0.004679
0.004217
0.004598
0.004692
0.004732
0.004225
0.004685
0.004223
0.004134
0.004270
0.003891
0.004731
0.004125
0.004106
0.004269
0.004296
0.004177
