0.170000
0.200000
0.260000
0.235000
0.340000
0.260000
0.270000
0.325000
0.365000
0.390000
0.415000
0.440000
0.425000
0.450000
0.445000
0.485000
0.480000
0.520000
0.560000
0.560000
0.560000
0.590000
0.620000
0.630000
0.645000
0.660000
0.685000
0.650000
0.670000
0.675000
0.665000
0.685000
0.680000
0.670000
0.710000
0.690000
0.725000
0.770000
0.725000
0.690000
0.710000
0.680000
0.700000
0.620000
0.750000
0.740000
0.745000
0.760000
0.790000
0.790000
0.810000
0.785000
0.790000
0.790000
0.810000
0.800000
0.820000
0.815000
0.805000
0.815000
0.825000
0.825000
0.820000
0.825000
0.820000
0.825000
0.825000
0.825000
0.825000
0.830000
0.825000
0.820000
0.815000
0.830000
0.835000
0.870000
0.875000
0.805000
0.905000
0.895000
0.940000
0.925000
0.920000
0.945000
0.915000
0.955000
0.975000
0.955000
0.940000
0.895000
0.955000
0.960000
0.950000
0.975000
0.970000
0.980000
0.975000
0.990000
0.990000
0.985000
0.985000
0.980000
0.995000
0.995000
0.995000
0.990000
1.000000
0.995000
1.000000
1.000000
1.000000
1.000000
1.000000
1.000000
1.000000
1.000000
1.000000
1.000000
0.995000
1.000000
0.995000
1.000000
1.000000
1.000000
1.000000
1.000000
1.000000
1.000000
1.000000
1.000000
1.000000
1.000000
1.000000
1.000000
1.000000
1.000000
1.000000
1.000000
0.995000
0.980000
0.995000
0.995000
0.995000
1.000000
0.995000
1.000000
1.000000
1.000000
1.000000
1.000000
