0.114354
0.079096
0.064339
0.061350
0.051461
0.044580
0.040207
0.037839
0.031145
0.030174
0.031693
0.031556
0.026952
0.022769
0.022394
0.020565
0.021866
0.018937
0.015288
0.015935
0.015067
0.012657
0.011498
0.010482
0.009012
0.009842
0.009232
0.008459
0.007189
0.007111
0.006781
0.005753
0.005678
0.005014
0.004630
0.003410
0.003543
0.002628
0.002676
0.002685
0.002885
0.002364
0.002187
0.001805
0.001914
0.001415
0.001441
0.001234
0.001297
0.001520
0.001287
0.001220
0.001317
0.001328
0.001333
0.001327
0.001273
0.001105
0.001295
0.001038
0.000907
0.000918
0.000751
0.000538
0.000626
0.000544
0.000535
0.000510
0.000648
0.000510
0.000541
0.000515
0.000619
0.000674
0.000640
0.000509
0.000465
0.000453
0.000383
0.000376
0.000345
0.000354
0.000316
0.000247
0.000380
0.000430
0.000320
0.000458
0.000277
0.000287
0.000285
0.000283
0.000237
0.000255
0.000298
0.000216
0.000189
0.000146
0.000156
0.000103
0.000111
0.000112
0.000143
0.000168
0.000201
0.000146
0.000257
0.000134
0.000155
0.000204
0.000177
0.000240
0.000144
0.000160
0.000128
0.000111
0.000105
0.000267
0.000197
0.000157
0.000223
0.000298
0.001650
0.003561
0.003009
0.004674
0.010524
0.008888
0.011823
0.026066
0.021254
0.016502
0.014899
0.012684
0.012892
0.008980
0.009902
0.006733
0.007636
0.008039
0.008012
0.005797
0.005965
0.004642
0.002927
0.002375
0.002003
0.002283
0.001500
0.001425
