0.129829
0.079542
0.066750
0.056826
0.049191
0.045396
0.040889
0.038326
0.035635
0.033549
0.032749
0.032696
0.030302
0.028596
0.025965
0.025117
0.023313
0.020572
0.020636
0.020898
0.019869
0.018731
0.016533
0.014780
0.014010
0.015824
0.014140
0.014065
0.014067
0.011372
0.010225
0.010012
0.009421
0.008886
0.009407
0.012724
0.008405
0.012591
0.008139
0.007990
0.007218
0.005259
0.006056
0.004648
0.004436
0.004080
0.003023
0.003273
0.002461
0.002393
0.002366
0.002048
0.002076
0.002135
0.001749
0.001504
0.001231
0.001530
0.001236
0.000680
0.000790
0.000747
0.001065
0.000743
0.000706
0.001128
0.000750
0.000490
0.000709
0.000697
0.000528
0.000425
0.000350
0.000419
0.000340
0.000342
0.000319
0.000268
0.000333
0.000371
0.000354
0.000394
0.000398
0.000339
0.000300
0.000294
0.000261
0.000218
0.000240
0.000168
0.000199
0.000178
0.000145
0.000142
0.000161
0.000144
0.000148
0.000207
0.000125
0.000228
0.000146
0.000123
0.000350
0.002304
0.000803
0.002815
0.003360
0.005085
0.010252
0.017374
0.010726
0.018810
0.023917
0.019436
0.015206
0.011415
0.009345
0.006746
0.008769
0.010008
0.007990
0.007157
0.003502
0.005324
0.003147
0.003827
0.002276
0.001588
0.001032
0.001020
0.001158
0.001234
0.000995
0.000860
0.000527
0.000493
0.000595
0.000446
0.000422
0.000471
0.000699
0.000764
0.001017
0.001252
0.000734
0.002423
0.004476
0.001614
0.001488
0.001711
