0.078169
0.059286
0.059822
0.059387
0.055585
0.055052
0.054097
0.053308
0.051098
0.047759
0.046473
0.046681
0.045211
0.043200
0.042372
0.042721
0.039787
0.038910
0.038891
0.038087
0.034994
0.033439
0.032655
0.033720
0.032420
0.031005
0.031376
0.031460
0.033049
0.031272
0.030121
0.030227
0.028702
0.026209
0.027189
0.025746
0.023701
0.021952
0.025367
0.029210
0.027853
0.028913
0.033377
0.030391
0.027539
0.023130
0.025103
0.022721
0.020697
0.017563
0.017804
0.018241
0.020170
0.018599
0.016898
0.016669
0.013968
0.015531
0.015841
0.013668
0.014298
0.014267
0.013213
0.015698
0.013774
0.014311
0.014964
0.012099
0.011781
0.011647
0.011335
0.013302
0.013510
0.013016
0.012615
0.011019
0.011879
0.017974
0.010137
0.009450
0.007513
0.006728
0.007062
0.005900
0.008405
0.006072
0.005986
0.006399
0.007036
0.011094
0.005086
0.005084
0.005156
0.004008
0.003238
0.003349
0.002108
0.001467
0.001790
0.001702
0.001200
0.001767
0.001917
0.000986
0.000897
0.001113
0.000636
0.001184
0.000671
0.000695
0.000428
0.000538
0.000281
0.000419
0.000293
0.000256
0.000291
0.000336
0.000461
0.000569
0.000573
0.000332
0.000307
0.000180
0.000147
0.000130
0.000322
0.000276
0.000137
0.000196
0.000375
0.000165
0.000468
0.000102
0.000321
0.000174
0.000202
0.000342
0.002067
0.001690
0.000950
0.000547
0.000846
0.000290
0.000648
0.000288
0.000211
0.000344
0.000270
0.000123
