0.137862
0.095465
0.073099
0.059927
0.053788
0.051116
0.048436
0.044189
0.042548
0.037782
0.035427
0.034742
0.033097
0.030209
0.029887
0.025422
0.024714
0.022289
0.020722
0.022084
0.020674
0.019127
0.017414
0.016903
0.014091
0.013661
0.012045
0.011023
0.011007
0.012246
0.012236
0.015516
0.012925
0.010521
0.011377
0.009485
0.011001
0.008412
0.007480
0.008401
0.006913
0.005717
0.005810
0.006348
0.005550
0.005139
0.004348
0.003569
0.003669
0.003368
0.003092
0.002652
0.003073
0.002899
0.003625
0.002457
0.002233
0.002505
0.002604
0.002228
0.002289
0.002220
0.002064
0.002192
0.001742
0.002450
0.001801
0.001550
0.001981
0.001886
0.002502
0.002480
0.005156
0.007656
0.009196
0.012031
0.009991
0.008845
0.014568
0.013112
0.012736
0.014695
0.011818
0.007573
0.006617
0.006852
0.005821
0.005394
0.006218
0.004756
0.005392
0.003948
0.002584
0.003103
0.002560
0.001629
0.002117
0.001625
0.001946
0.002498
0.001840
0.001732
0.001103
0.000901
0.001725
0.001578
0.001135
0.001263
0.000603
0.000714
0.000688
0.000844
0.001683
0.000897
0.000812
0.000881
0.001232
0.001570
0.001626
0.001272
0.001727
0.001511
0.001469
0.002484
0.001209
0.000792
0.000855
0.000707
0.000357
0.000327
0.000480
0.000237
0.000371
0.000209
0.000173
0.000213
0.000192
0.000196
0.000237
0.000269
0.000167
0.000112
0.000110
0.000098
0.000191
0.000087
0.000079
0.000092
0.000132
0.000118
