0.193285
0.354770
0.340105
0.228574
0.265264
0.181960
0.155261
0.155300
0.139636
0.131105
0.125868
0.116614
0.124637
0.117263
0.111320
0.114144
0.111626
0.115264
0.112854
0.106130
0.100433
0.102784
0.107127
0.099722
0.091699
0.102973
0.101678
0.095870
0.088509
0.092434
0.088111
0.092735
0.091496
0.099141
0.088793
0.084801
0.085992
0.084094
0.089774
0.084190
0.078106
0.075319
0.075959
0.078620
0.079112
0.077150
0.080368
0.073871
0.080886
0.089051
0.083717
0.073004
0.069393
0.071311
0.071628
0.071784
0.066168
0.073567
0.065304
0.065523
0.061098
0.056922
0.052974
0.061151
0.060132
0.061049
0.065829
0.057519
0.052029
0.060244
0.054353
0.056176
0.056963
0.059941
0.055453
0.051828
0.052800
0.048497
0.050074
0.050640
0.056014
0.052545
0.046333
0.042969
0.047305
0.043216
0.043393
0.042253
0.048284
0.039112
0.042253
0.047607
0.049100
0.045736
0.046266
0.040397
0.042499
0.047132
0.048912
0.042782
0.041157
0.043952
0.035595
0.037850
0.040510
0.041259
0.044796
0.039752
0.039228
0.039644
0.040698
0.039918
0.034590
0.032176
0.043310
0.035253
0.034456
0.043230
0.036999
0.034950
0.032341
0.040678
0.032855
0.030530
0.026962
0.031877
0.028363
0.032884
0.029892
0.029225
0.030692
0.028698
0.028745
0.027144
0.030192
0.026945
0.029152
0.027847
0.029761
0.026792
0.026275
0.029554
0.028321
0.029308
0.034536
0.027752
0.026286
0.028354
0.030858
0.026301
