0.114468
0.101922
0.082872
0.077162
0.066277
0.064159
0.062945
0.065306
0.064899
0.065316
0.063151
0.063771
0.063396
0.065958
0.063701
0.063563
0.063506
0.062462
0.061738
0.059813
0.061550
0.060439
0.061203
0.060766
0.059363
0.060127
0.059500
0.060941
0.059187
0.059234
0.058985
0.058211
0.059504
0.056133
0.058289
0.057012
0.057131
0.058318
0.058053
0.054247
0.055032
0.056201
0.057748
0.056060
0.057006
0.051508
0.053755
0.049613
0.055460
0.050969
0.051016
0.048530
0.051748
0.050497
0.046670
0.050429
0.048343
0.050541
0.050683
0.051495
0.047080
0.049183
0.046941
0.051359
0.052551
0.052458
0.056491
0.048684
0.051096
0.051864
0.052813
0.050288
0.045402
0.050908
0.048619
0.046310
0.044801
0.046535
0.046169
0.046307
0.045212
0.045803
0.042822
0.043832
0.042419
0.042030
0.040962
0.046491
0.044029
0.043173
0.043100
0.043219
0.040604
0.039956
0.039574
0.041301
0.040319
0.040980
0.039600
0.043580
0.041704
0.042139
0.038589
0.037192
0.039093
0.040979
0.039517
0.036993
0.039339
0.037913
0.039546
0.037942
0.037460
0.038903
0.039318
0.039255
0.038371
0.038265
0.038447
0.037826
0.039679
0.035361
0.037186
0.035416
0.037213
0.034953
0.037197
0.034989
0.037216
0.037285
0.035569
0.035170
0.037169
0.034711
0.034091
0.035402
0.036354
0.033359
0.034196
0.038175
0.035131
0.035394
0.038299
0.032890
0.031902
0.033579
0.033170
0.031485
0.032161
0.031083
