0.107410
0.083088
0.078456
0.073631
0.071161
0.068831
0.065289
0.064529
0.063588
0.065127
0.062281
0.062483
0.060900
0.060397
0.059235
0.062934
0.061777
0.055348
0.056938
0.056723
0.056799
0.054498
0.054004
0.056961
0.053619
0.052144
0.054744
0.051358
0.047712
0.052305
0.049771
0.052552
0.055871
0.056229
0.052376
0.050883
0.051163
0.049741
0.044796
0.041825
0.043050
0.044206
0.041627
0.039506
0.047037
0.042243
0.041251
0.043963
0.042938
0.042574
0.042975
0.054579
0.051924
0.047796
0.045489
0.045507
0.042124
0.041204
0.041595
0.040647
0.041007
0.039013
0.040539
0.037584
0.038163
0.036324
0.032202
0.035814
0.037201
0.037689
0.038961
0.035173
0.041170
0.054207
0.055117
0.051952
0.048849
0.043383
0.043280
0.039761
0.039883
0.038253
0.041527
0.043783
0.041798
0.036219
0.042132
0.035364
0.039854
0.033528
0.036222
0.032447
0.032369
0.033849
0.035173
0.031464
0.034094
0.033064
0.027143
0.030923
0.025617
0.028262
0.028638
0.027690
0.031851
0.026386
0.028044
0.050144
0.043447
0.039531
0.037717
0.032043
0.030237
0.028555
0.029226
0.025948
0.023013
0.026725
0.028227
0.029680
0.030349
0.029377
0.031350
0.031757
0.075613
0.187418
0.145950
0.073096
0.060756
0.061266
0.060471
0.060495
0.059679
0.057424
0.056902
0.055719
0.055453
0.054395
0.055182
0.055496
0.052836
0.053196
0.052840
0.050921
0.050742
0.051485
0.049773
0.051693
0.049705
0.052072
