0.090469
0.082236
0.071353
0.068193
0.070504
0.068494
0.064622
0.066512
0.061260
0.064170
0.060208
0.057623
0.059396
0.056128
0.057158
0.055668
0.051110
0.055606
0.047707
0.052307
0.049723
0.045724
0.045464
0.044873
0.040921
0.044974
0.043064
0.047323
0.043483
0.043843
0.036347
0.037050
0.038479
0.039804
0.038105
0.033691
0.032025
0.034604
0.034695
0.028358
0.029704
0.028496
0.030739
0.028353
0.026574
0.030467
0.027378
0.026064
0.022687
0.027461
0.026170
0.022615
0.024127
0.021104
0.017497
0.017292
0.023084
0.018527
0.023260
0.017340
0.022510
0.020665
0.021015
0.020099
0.013999
0.017398
0.012288
0.015682
0.013092
0.009624
0.009558
0.015628
0.015820
0.030919
0.013541
0.033021
0.029039
0.024256
0.019359
0.021370
0.017747
0.011606
0.011617
0.013768
0.006068
0.013179
0.013817
0.008229
0.007776
0.009504
0.009242
0.006038
0.003882
0.005363
0.005356
0.005214
0.003414
0.006242
0.002063
0.002282
0.003321
0.003542
0.001566
0.001168
0.003868
0.001639
0.001087
0.001482
0.002441
0.001636
0.000748
0.000759
0.002479
0.001231
0.001906
0.001005
0.000325
0.000653
0.000633
0.001105
0.000487
0.000406
0.000395
0.001056
0.000599
0.000273
0.000297
0.000200
0.000212
0.000246
0.000121
0.000613
0.000149
0.000113
0.000190
0.000223
0.000196
0.000128
0.000091
0.000088
0.000120
0.000082
0.000165
0.000097
0.000142
0.000128
0.000119
0.000125
0.000098
0.000178
