0.282729
0.177834
0.141094
0.108047
0.078945
0.065339
0.063654
0.056847
0.058853
0.057605
0.053300
0.050119
0.048464
0.040911
0.040942
0.037020
0.035596
0.033553
0.030212
0.029033
0.026533
0.026143
0.024039
0.022554
0.017825
0.017891
0.019142
0.018203
0.017203
0.013905
0.012544
0.012287
0.010199
0.009110
0.009229
0.009612
0.008403
0.007480
0.005914
0.007057
0.006168
0.005304
0.006662
0.004830
0.004115
0.003915
0.003944
0.005096
0.004048
0.003601
0.004468
0.003446
0.003916
0.004073
0.003354
0.003315
0.003994
0.002923
0.002712
0.002615
0.002565
0.002544
0.002371
0.003244
0.002436
0.002177
0.002051
0.001677
0.001620
0.001663
0.001411
0.001560
0.001588
0.001695
0.001636
0.001467
0.001264
0.001166
0.001101
0.001213
0.001133
0.000873
0.000935
0.000897
0.001056
0.000714
0.001014
0.000757
0.000687
0.000798
0.000711
0.000647
0.000599
0.000647
0.000690
0.000730
0.000588
0.000487
0.000486
0.000437
0.000507
0.000690
0.000553
0.000519
0.000475
0.000503
0.000429
0.000439
0.000454
0.000462
0.000389
0.000376
0.000306
0.000312
0.000298
0.000328
0.000308
0.000393
0.000365
0.000347
0.000390
0.000336
0.000333
0.000354
0.000350
0.000379
0.000279
0.000274
0.000319
0.000285
0.000260
0.000270
0.000288
0.000260
0.000313
0.000238
0.000215
0.000207
0.000230
0.000200
0.000222
0.000226
0.000212
0.000229
0.000226
0.000217
0.000243
0.000200
0.000204
0.000211
