0.219483
0.133314
0.068521
0.066296
0.067803
0.066036
0.068767
0.070404
0.067162
0.068870
0.071067
0.068252
0.067731
0.068296
0.068223
0.065971
0.063652
0.067801
0.065053
0.066044
0.063259
0.064456
0.061636
0.063354
0.064571
0.065962
0.066513
0.065240
0.064841
0.062184
0.063179
0.061747
0.065235
0.065066
0.063095
0.060475
0.060805
0.061179
0.060191
0.061678
0.059610
0.059977
0.056132
0.056829
0.060386
0.060448
0.058605
0.060053
0.059390
0.055623
0.058948
0.054943
0.055936
0.055398
0.055582
0.054911
0.053339
0.055432
0.049727
0.052911
0.053001
0.051034
0.050029
0.046445
0.056712
0.048941
0.047472
0.049306
0.047513
0.047193
0.048239
0.053040
0.051012
0.042898
0.047921
0.046028
0.046342
0.047085
0.046921
0.037544
0.042979
0.042455
0.040623
0.045351
0.040199
0.044484
0.040316
0.041713
0.035358
0.036905
0.040526
0.040653
0.038897
0.036713
0.037712
0.040049
0.037919
0.036877
0.036832
0.035637
0.037293
0.036380
0.034925
0.035641
0.034996
0.035445
0.031048
0.035229
0.036342
0.039302
0.034838
0.040793
0.030251
0.036320
0.034413
0.029052
0.034744
0.026514
0.035833
0.030891
0.032280
0.037602
0.039931
0.035751
0.032217
0.029077
0.048748
0.030224
0.036355
0.037210
0.032985
0.025595
0.025582
0.031554
0.027420
0.026511
0.023138
0.027428
0.042411
0.025459
0.025092
0.020202
0.021112
0.024478
0.022976
0.019191
0.022908
0.018739
0.020728
0.019384
