0.109901
0.082387
0.069636
0.073603
0.072735
0.062591
0.061041
0.061890
0.059656
0.057791
0.056916
0.058712
0.061257
0.058205
0.056232
0.054731
0.054403
0.056718
0.055444
0.052742
0.050149
0.049371
0.047777
0.045544
0.046870
0.042423
0.047013
0.042376
0.039465
0.040402
0.041417
0.039577
0.037790
0.039555
0.035891
0.037180
0.035372
0.037121
0.036008
0.034881
0.031543
0.033434
0.034417
0.034284
0.032295
0.030886
0.032712
0.031344
0.030346
0.029776
0.030590
0.028341
0.026595
0.026749
0.025295
0.024573
0.026031
0.025092
0.023891
0.024501
0.024802
0.023240
0.022827
0.020699
0.019937
0.020282
0.018707
0.018306
0.019521
0.016296
0.017502
0.017307
0.015529
0.018254
0.016826
0.016910
0.017342
0.017512
0.015610
0.015920
0.015066
0.014709
0.013260
0.013810
0.014145
0.013053
0.015118
0.013521
0.012656
0.013317
0.013115
0.012550
0.014957
0.012644
0.011286
0.011042
0.010960
0.010896
0.011071
0.011232
0.009789
0.011242
0.010265
0.009333
0.008803
0.008582
0.010782
0.009879
0.009240
0.009169
0.008796
0.008831
0.008724
0.008198
0.007538
0.007456
0.007550
0.008371
0.007484
0.007848
0.007987
0.006709
0.006847
0.006867
0.006739
0.007066
0.006995
0.006307
0.006082
0.005988
0.006731
0.006328
0.005924
0.006576
0.006374
0.006100
0.006025
0.005409
0.005310
0.005520
0.005588
0.004776
0.005354
0.005069
0.005008
0.005027
0.004685
0.004572
0.004490
0.004454
