0.076369
0.072235
0.071670
0.071670
0.071670
0.071670
0.071670
0.071670
0.071670
0.071670
0.071670
0.071670
0.071670
0.071203
0.070839
0.070839
0.070839
0.070529
0.070288
0.070705
0.069024
0.069594
0.069230
0.069594
0.070061
0.068989
0.070237
0.069387
0.069441
0.068179
0.068233
0.066798
0.064605
0.063210
0.065375
0.063497
0.061558
0.061300
0.060611
0.061418
0.058082
0.058207
0.057398
0.055831
0.057413
0.054920
0.054309
0.054535
0.052295
0.052632
0.050542
0.050742
0.050160
0.047265
0.050684
0.048071
0.050386
0.049465
0.046921
0.049383
0.050671
0.048037
0.046605
0.047252
0.048173
0.047437
0.045587
0.045400
0.047318
0.044367
0.048472
0.045449
0.044761
0.043555
0.041894
0.044223
0.045728
0.043100
0.042581
0.043138
0.042702
0.042066
0.041061
0.042292
0.041780
0.041541
0.041276
0.041105
0.039307
0.041638
0.038931
0.042616
0.041462
0.039775
0.038914
0.041201
0.040123
0.038032
0.038499
0.037799
0.035571
0.038549
0.039725
0.037207
0.040204
0.040088
0.039075
0.036453
0.037075
0.033893
0.040203
0.037433
0.034374
0.034111
0.033853
0.032867
0.030735
0.029916
0.029090
0.027524
0.028705
0.026958
0.028407
0.025057
0.028264
0.030614
0.025025
0.027548
0.022084
0.025856
0.021942
0.020143
0.020645
0.022060
0.020534
0.020380
0.018439
0.017293
0.017962
0.020474
0.018665
0.017622
0.016898
0.017661
0.016124
0.018589
0.014859
0.015334
0.014740
0.015554
