0.072781
0.071670
0.071203
0.071203
0.070423
0.068964
0.065675
0.064067
0.066711
0.062843
0.061730
0.060845
0.062788
0.062210
0.061124
0.060271
0.060154
0.057339
0.058425
0.058906
0.059856
0.059638
0.059055
0.055615
0.057149
0.053854
0.054256
0.053678
0.052212
0.053490
0.051834
0.053845
0.052477
0.052864
0.051700
0.052108
0.050140
0.047987
0.047051
0.049559
0.047632
0.047677
0.048930
0.047795
0.045376
0.048725
0.048999
0.045310
0.046687
0.047389
0.044990
0.045556
0.042361
0.044016
0.045236
0.041097
0.043717
0.041246
0.041461
0.040826
0.041259
0.041627
0.038728
0.037273
0.038023
0.040806
0.040228
0.038578
0.038413
0.037181
0.039877
0.037067
0.038671
0.037759
0.033355
0.035989
0.037504
0.035881
0.036029
0.035583
0.036154
0.033650
0.035715
0.034759
0.033360
0.034278
0.030330
0.033776
0.030136
0.033096
0.033411
0.029065
0.031971
0.030715
0.029617
0.032933
0.027866
0.028468
0.027109
0.026930
0.027511
0.028222
0.028494
0.024478
0.023850
0.023397
0.025278
0.025210
0.024050
0.022040
0.023568
0.022856
0.024752
0.023934
0.021868
0.023222
0.020198
0.023020
0.024271
0.022329
0.021165
0.023110
0.020928
0.020485
0.020008
0.021304
0.021722
0.019754
0.022137
0.019364
0.021489
0.020457
0.019560
0.018219
0.021149
0.020409
0.018097
0.020940
0.020406
0.017969
0.017585
0.018082
0.017152
0.018636
0.016476
0.014562
0.016813
0.013489
0.014263
0.015570
