0.231194
0.063687
0.062790
0.062712
0.062712
0.062865
0.062635
0.063288
0.063130
0.062675
0.062401
0.061837
0.062239
0.061340
0.062148
0.060655
0.061433
0.062634
0.062712
0.062712
0.062712
0.062712
0.062712
0.062712
0.062712
0.062712
0.062595
0.061505
0.060400
0.060566
0.059805
0.060249
0.061917
0.059302
0.057936
0.059122
0.058711
0.058752
0.060564
0.058202
0.058695
0.057809
0.057593
0.056889
0.057315
0.055801
0.056782
0.057113
0.056321
0.056071
0.055439
0.054815
0.055248
0.055084
0.055747
0.056082
0.057819
0.056505
0.054791
0.056614
0.055997
0.052892
0.054311
0.053725
0.052878
0.054894
0.054068
0.055360
0.053719
0.054279
0.054449
0.054677
0.052411
0.053510
0.054582
0.055002
0.058525
0.053843
0.055035
0.054044
0.054413
0.053169
0.053905
0.054149
0.053023
0.053778
0.052836
0.053559
0.054135
0.053704
0.053513
0.053726
0.054945
0.053368
0.060287
0.059770
0.057210
0.054379
0.054950
0.055047
0.053496
0.054584
0.055216
0.055035
0.053623
0.053030
0.053638
0.053764
0.051543
0.053886
0.052389
0.052155
0.051400
0.050950
0.051468
0.052762
0.054998
0.055647
0.053224
0.053793
0.053799
0.054367
0.053535
0.054056
0.053838
0.051924
0.053340
0.053874
0.052599
0.053154
0.053202
0.052230
0.052206
0.053755
0.052296
0.052211
0.052138
0.051457
0.052901
0.052124
0.052880
0.053811
0.053825
0.052120
0.052001
0.053747
0.053645
0.052895
0.051997
0.052876
