0.182561
0.063363
0.062712
0.062712
0.062712
0.062712
0.062712
0.062712
0.062712
0.062166
0.061387
0.061225
0.061460
0.061539
0.061578
0.061057
0.061100
0.061013
0.060018
0.060138
0.060535
0.059390
0.059165
0.059070
0.059493
0.058446
0.058243
0.059778
0.059013
0.059257
0.058798
0.058831
0.058137
0.057483
0.058288
0.057430
0.058123
0.058302
0.057945
0.056222
0.057285
0.056746
0.057071
0.057502
0.056422
0.057272
0.056562
0.056308
0.056907
0.055493
0.056937
0.056575
0.055631
0.055248
0.053952
0.056426
0.056286
0.055442
0.056073
0.055646
0.056316
0.054906
0.053584
0.054725
0.055896
0.054942
0.054256
0.056025
0.054537
0.054907
0.055813
0.054158
0.053934
0.054009
0.053778
0.054216
0.055761
0.054472
0.054596
0.053845
0.055155
0.052922
0.054148
0.054222
0.054027
0.054060
0.053924
0.054821
0.053632
0.053090
0.053925
0.054431
0.055913
0.064138
0.062712
0.062712
0.062712
0.062712
0.062712
0.062712
0.062712
0.062712
0.062712
0.062712
0.062712
0.062712
0.062712
0.062712
0.062712
0.062712
0.062712
0.062712
0.064954
0.062712
0.062712
0.062712
0.062712
0.062712
0.062712
0.062712
0.062712
0.062712
0.062712
0.062712
0.062712
0.062712
0.062712
0.062712
0.062712
0.062712
0.062712
0.062712
0.062712
0.062712
0.062712
0.062712
0.062712
0.062712
0.062712
0.062712
0.062712
0.062712
0.062712
0.062712
0.062712
0.062712
0.062712
0.062712
0.062712
0.062712
