0.074568
0.066472
0.063903
0.061091
0.060020
0.060237
0.059340
0.057071
0.053769
0.053330
0.049998
0.048545
0.051847
0.046293
0.047306
0.042021
0.040208
0.042193
0.039535
0.039345
0.038923
0.033301
0.037926
0.034967
0.030767
0.030501
0.029638
0.030179
0.029177
0.023411
0.024088
0.024481
0.022510
0.022625
0.019341
0.020948
0.015855
0.016588
0.022657
0.019469
0.022707
0.016893
0.016611
0.016161
0.014413
0.014936
0.010054
0.014235
0.011829
0.012108
0.014444
0.010497
0.012625
0.010024
0.009433
0.008435
0.009598
0.009482
0.008732
0.008454
0.010065
0.006966
0.008208
0.004269
0.005590
0.007971
0.005259
0.005600
0.006443
0.017851
0.005923
0.005653
0.006755
0.007779
0.004575
0.011144
0.008386
0.007971
0.008510
0.009964
0.018696
0.006380
0.018307
0.011658
0.004497
0.007981
0.004096
0.030683
0.008162
0.012345
0.010032
0.003760
0.013876
0.008887
0.007054
0.005886
0.003770
0.008554
0.006175
0.011559
0.004360
0.006489
0.007103
0.004939
0.003167
0.006326
0.003888
0.001888
0.004499
0.006152
0.003418
0.004979
0.002383
0.006282
0.004125
0.003418
0.006135
0.001597
0.002666
0.002375
0.005004
0.001228
0.002784
0.001911
0.001680
0.002121
0.001191
0.002121
0.001937
0.002085
0.003831
0.005498
0.002187
0.000888
0.003084
0.001207
0.001521
0.001315
0.004178
0.004618
0.004827
0.003158
0.008225
0.004456
0.003857
0.003371
0.001771
0.001857
0.002213
0.008112
