0.072159
0.065753
0.063766
0.063009
0.061107
0.059409
0.057836
0.058437
0.055288
0.053685
0.052831
0.053012
0.054599
0.050456
0.048728
0.044933
0.044730
0.043694
0.041913
0.037940
0.040090
0.033771
0.032592
0.032289
0.032615
0.028270
0.027161
0.028723
0.026121
0.029150
0.027186
0.028358
0.026854
0.021744
0.023550
0.020912
0.015718
0.018279
0.019086
0.019235
0.018060
0.016829
0.018006
0.013530
0.013518
0.019641
0.019993
0.020252
0.013863
0.015828
0.014691
0.012342
0.012120
0.010591
0.008549
0.010043
0.007879
0.012470
0.012286
0.011849
0.010780
0.012326
0.009629
0.016553
0.008204
0.009230
0.007735
0.014930
0.012085
0.006016
0.012606
0.018320
0.010229
0.013666
0.012094
0.013797
0.006398
0.019823
0.009083
0.009207
0.005712
0.006861
0.005049
0.009370
0.005791
0.005016
0.003174
0.004465
0.003715
0.004423
0.003458
0.004451
0.002203
0.003515
0.002342
0.005035
0.007665
0.005006
0.010707
0.001761
0.009874
0.008522
0.016506
0.012669
0.015733
0.026738
0.002776
0.017386
0.005978
0.003254
0.003852
0.001847
0.003005
0.004785
0.001824
0.001411
0.001784
0.001852
0.001643
0.001803
0.000439
0.000454
0.002238
0.000850
0.000652
0.004168
0.000493
0.000682
0.000907
0.000640
0.000501
0.000418
0.000381
0.001863
0.000447
0.001721
0.004128
0.000478
0.000535
0.000397
0.000629
0.003295
0.001823
0.001479
0.003065
0.001189
0.005741
0.002735
0.003333
0.002658
