0.082548
0.074016
0.072760
0.069453
0.067656
0.066879
0.066783
0.067165
0.065547
0.063074
0.063603
0.066470
0.064882
0.058352
0.064977
0.061830
0.055579
0.051200
0.053208
0.047269
0.050612
0.050145
0.044725
0.045739
0.043514
0.038048
0.039398
0.038146
0.036270
0.035710
0.033494
0.033000
0.028975
0.028808
0.027567
0.027220
0.026823
0.023971
0.023927
0.017730
0.016411
0.018368
0.016151
0.020227
0.018638
0.016267
0.014856
0.019378
0.015406
0.017444
0.022414
0.010242
0.015861
0.016272
0.016523
0.011273
0.018798
0.018092
0.013580
0.011374
0.011476
0.018385
0.009938
0.007369
0.012017
0.017777
0.010005
0.013170
0.016189
0.009198
0.014112
0.006786
0.008809
0.008680
0.011718
0.007101
0.016560
0.012444
0.007389
0.007697
0.008343
0.012143
0.005768
0.007489
0.007354
0.006842
0.010920
0.006728
0.005922
0.006080
0.006947
0.005550
0.003694
0.006330
0.004672
0.006405
0.011577
0.006242
0.011146
0.008246
0.006411
0.006924
0.004191
0.003317
0.004163
0.005280
0.005364
0.008793
0.005790
0.004920
0.004046
0.007948
0.004394
0.004865
0.005067
0.002730
0.002944
0.002535
0.002508
0.003502
0.003975
0.002237
0.004521
0.004210
0.002105
0.017306
0.006968
0.008326
0.008530
0.007815
0.002727
0.005089
0.015790
0.001916
0.001925
0.010454
0.014423
0.005669
0.002542
0.004832
0.002929
0.006401
0.006434
0.003573
0.001886
0.002432
0.003315
0.004576
0.002640
0.001800
