0.069000
0.063107
0.060971
0.062230
0.060772
0.060850
0.059574
0.057208
0.055728
0.051184
0.051043
0.052762
0.050488
0.046390
0.048377
0.046744
0.047285
0.042814
0.041899
0.037633
0.037716
0.031103
0.030062
0.029305
0.026407
0.027875
0.024868
0.026827
0.026519
0.020987
0.026453
0.025879
0.021385
0.019531
0.028619
0.016645
0.038176
0.016927
0.019168
0.020963
0.015244
0.014082
0.009195
0.019326
0.010494
0.017454
0.010099
0.018411
0.010420
0.009233
0.015152
0.010398
0.011573
0.006349
0.007005
0.005911
0.014572
0.008844
0.010761
0.006607
0.005671
0.007102
0.006502
0.001963
0.005641
0.005197
0.004353
0.009334
0.009161
0.004611
0.002702
0.007622
0.004033
0.008199
0.003296
0.003482
0.004736
0.007053
0.001598
0.004120
0.003980
0.001249
0.003825
0.001875
0.001254
0.002826
0.001268
0.001654
0.001683
0.000977
0.001352
0.000692
0.000797
0.001238
0.001148
0.001811
0.001779
0.001014
0.001044
0.000728
0.000769
0.001318
0.000669
0.000645
0.000387
0.000514
0.000386
0.000943
0.000782
0.000383
0.000600
0.000661
0.000746
0.000617
0.000374
0.000419
0.000340
0.000685
0.000519
0.000245
0.000499
0.000302
0.000279
0.000382
0.000268
0.001668
0.000746
0.000187
0.003644
0.002034
0.000921
0.000761
0.000156
0.001342
0.000995
0.000563
0.002780
0.000906
0.001129
0.001010
0.006343
0.003991
0.003857
0.003268
0.002270
0.003370
0.005374
0.001278
0.001031
0.003833
