0.075020
0.064625
0.062024
0.063157
0.061053
0.058942
0.054670
0.053207
0.051262
0.051900
0.049611
0.048820
0.048320
0.049593
0.045532
0.045304
0.042272
0.041299
0.043760
0.037254
0.036543
0.035854
0.036314
0.031395
0.034767
0.030623
0.032493
0.029277
0.025359
0.028765
0.028280
0.025592
0.020926
0.022198
0.024465
0.020266
0.017162
0.021180
0.020215
0.026293
0.020107
0.021096
0.020976
0.023172
0.015337
0.016292
0.016385
0.013808
0.016146
0.015554
0.015260
0.012981
0.011540
0.011504
0.012684
0.012072
0.009926
0.012327
0.012258
0.011458
0.009265
0.012075
0.008331
0.005879
0.007778
0.009689
0.006817
0.009918
0.007650
0.008909
0.005588
0.006249
0.011241
0.008875
0.006587
0.007287
0.010107
0.005584
0.005669
0.003726
0.003511
0.004679
0.003846
0.006618
0.004317
0.005487
0.003778
0.003386
0.006300
0.002724
0.003171
0.003199
0.002816
0.006214
0.002362
0.001942
0.006041
0.001891
0.004698
0.003685
0.002225
0.001329
0.001811
0.002374
0.002264
0.004929
0.015601
0.005398
0.011180
0.007573
0.005895
0.006396
0.005674
0.007716
0.006832
0.003468
0.005020
0.002260
0.006151
0.004604
0.007504
0.003068
0.003128
0.005025
0.011807
0.002040
0.017802
0.001953
0.027860
0.029662
0.002494
0.002253
0.002177
0.003464
0.001786
0.003675
0.002794
0.008062
0.003670
0.016357
0.004739
0.023593
0.039524
0.012210
0.033318
0.013937
0.008836
0.008505
0.005724
0.006159
