0.141552
0.099448
0.086155
0.075010
0.068359
0.068161
0.068544
0.065837
0.065377
0.065226
0.061796
0.059140
0.062175
0.059444
0.059727
0.059486
0.060919
0.060080
0.057986
0.059938
0.056543
0.059259
0.060800
0.056255
0.055710
0.056599
0.058308
0.056950
0.053297
0.055680
0.052990
0.054634
0.049916
0.054956
0.051030
0.053454
0.050829
0.051004
0.049124
0.046466
0.052469
0.049193
0.051058
0.046652
0.044254
0.058727
0.048928
0.046315
0.049244
0.048918
0.048517
0.051897
0.042298
0.050258
0.049294
0.044054
0.047998
0.043178
0.040494
0.035428
0.040943
0.034272
0.035394
0.028811
0.032287
0.027491
0.026905
0.026363
0.025379
0.026242
0.026089
0.022895
0.031279
0.026120
0.021203
0.023721
0.018801
0.027844
0.024162
0.015579
0.023619
0.015646
0.021406
0.014161
0.017906
0.014525
0.011426
0.015016
0.014430
0.012083
0.010185
0.010201
0.008518
0.012253
0.015175
0.011518
0.013412
0.005994
0.013938
0.007179
0.010821
0.007252
0.005989
0.006221
0.009917
0.007557
0.006830
0.007772
0.006119
0.005554
0.006111
0.009233
0.014328
0.007409
0.003470
0.015527
0.009590
0.017100
0.004704
0.013604
0.006171
0.005442
0.006332
0.006224
0.005293
0.010940
0.006493
0.005145
0.012645
0.003223
0.010145
0.006227
0.004278
0.004561
0.004935
0.003978
0.005074
0.003786
0.005536
0.002441
0.004376
0.007792
0.003878
0.005366
0.012709
0.007256
0.003346
0.006773
0.003259
0.013080
