0.071438
0.071203
0.071276
0.071589
0.065677
0.061748
0.063791
0.063853
0.059754
0.055370
0.054027
0.058334
0.054436
0.048234
0.048633
0.054830
0.049328
0.052789
0.049832
0.045998
0.044343
0.042361
0.044112
0.037634
0.042552
0.036775
0.035924
0.041569
0.040753
0.039662
0.035307
0.032316
0.034078
0.035561
0.032783
0.033081
0.035189
0.031792
0.030945
0.035242
0.031477
0.026603
0.032513
0.034847
0.028508
0.032327
0.026844
0.031799
0.028355
0.030885
0.021919
0.027902
0.023491
0.024982
0.026575
0.021499
0.023725
0.024015
0.023786
0.022976
0.030251
0.023452
0.024829
0.025340
0.015718
0.023019
0.023118
0.018194
0.015979
0.018424
0.015743
0.024799
0.015802
0.017799
0.012726
0.017057
0.016743
0.014574
0.021180
0.017090
0.016187
0.016604
0.013932
0.013375
0.015505
0.012762
0.014330
0.013766
0.010951
0.014060
0.016694
0.013373
0.021414
0.015590
0.016752
0.020740
0.011930
0.010685
0.013773
0.014571
0.010102
0.008054
0.009855
0.008354
0.008830
0.012006
0.008503
0.016075
0.010329
0.007866
0.008522
0.008379
0.009892
0.007522
0.011431
0.009699
0.012248
0.007966
0.007834
0.015507
0.005154
0.008156
0.005663
0.006575
0.005184
0.009731
0.006118
0.006051
0.007701
0.006980
0.005156
0.006386
0.003269
0.009296
0.005092
0.006528
0.008294
0.006091
0.006249
0.008222
0.005162
0.004434
0.004790
0.006466
0.006042
0.005982
0.005266
0.002997
0.004757
0.006776
