0.109713
0.083687
0.071192
0.071551
0.070259
0.073546
0.069395
0.071737
0.066329
0.066363
0.072284
0.063926
0.063998
0.066344
0.061186
0.063745
0.064529
0.056801
0.057141
0.057913
0.057587
0.058942
0.058049
0.055254
0.052330
0.051527
0.052989
0.046520
0.047051
0.046717
0.049566
0.045306
0.045631
0.045004
0.041584
0.040383
0.039673
0.039978
0.040113
0.037698
0.039628
0.038573
0.036495
0.034494
0.037294
0.034991
0.035065
0.036458
0.036202
0.038368
0.035959
0.035827
0.033848
0.036890
0.035476
0.034034
0.033505
0.034199
0.029812
0.030782
0.032517
0.029569
0.033560
0.027860
0.028470
0.028866
0.028223
0.026017
0.025990
0.031544
0.027987
0.030738
0.025423
0.025354
0.027906
0.022123
0.026345
0.021799
0.019324
0.017878
0.020049
0.020268
0.014035
0.019623
0.015666
0.014621
0.012797
0.013297
0.011330
0.008536
0.012869
0.016461
0.011114
0.012290
0.008930
0.011968
0.021717
0.011246
0.014185
0.024223
0.018543
0.020844
0.021912
0.022115
0.032639
0.016390
0.023299
0.027581
0.016677
0.013390
0.011501
0.008676
0.012461
0.012199
0.008010
0.006561
0.006894
0.005858
0.007664
0.004886
0.003484
0.004168
0.003611
0.002368
0.002108
0.006386
0.007516
0.004113
0.002441
0.002802
0.004759
0.004767
0.003731
0.004092
0.004931
0.004855
0.003761
0.004834
0.001632
0.002020
0.002167
0.001587
0.001889
0.001564
0.002237
0.001925
0.002755
0.001452
0.001173
0.001394
