0.085452
0.073889
0.072553
0.072230
0.072545
0.070586
0.071712
0.071869
0.070388
0.067944
0.068937
0.069782
0.070023
0.069324
0.066470
0.067529
0.067987
0.068033
0.068981
0.067681
0.066433
0.065006
0.066776
0.064312
0.065483
0.064518
0.065299
0.065153
0.065491
0.063585
0.063757
0.068848
0.063784
0.061602
0.063485
0.064101
0.066592
0.064112
0.061658
0.065880
0.067110
0.063616
0.063653
0.063057
0.059976
0.060158
0.065929
0.055671
0.058663
0.062132
0.056421
0.060089
0.055575
0.052183
0.060320
0.056142
0.055007
0.057358
0.057831
0.057658
0.060024
0.055456
0.059337
0.053163
0.059935
0.056943
0.051690
0.051095
0.052839
0.054270
0.051652
0.050706
0.047257
0.052003
0.049405
0.047132
0.048519
0.045692
0.046576
0.049926
0.044353
0.044389
0.050788
0.045867
0.045144
0.047246
0.041356
0.045028
0.042876
0.043919
0.045200
0.041582
0.045514
0.062591
0.045754
0.040803
0.037003
0.041865
0.044574
0.040662
0.038928
0.035542
0.039988
0.038864
0.041437
0.034714
0.037563
0.039728
0.039457
0.034332
0.041905
0.036955
0.035146
0.036649
0.041719
0.036676
0.037816
0.036484
0.032881
0.034379
0.034219
0.033722
0.031751
0.029839
0.030863
0.028651
0.029704
0.032792
0.034097
0.027055
0.035950
0.031251
0.034006
0.031505
0.035606
0.039476
0.033849
0.031068
0.032836
0.030553
0.036130
0.033405
0.028669
0.029582
0.029149
0.025301
0.031714
0.028767
0.023757
0.031095
