0.349131
0.241220
0.188483
0.149757
0.097955
0.095148
0.076927
0.072196
0.068345
0.065112
0.064679
0.060503
0.064518
0.065109
0.062810
0.061908
0.064578
0.060411
0.056781
0.060498
0.058476
0.057618
0.058486
0.055581
0.054616
0.056962
0.053218
0.055220
0.054420
0.054327
0.050863
0.051249
0.048290
0.051216
0.049635
0.046556
0.045766
0.050107
0.047325
0.048730
0.048333
0.040698
0.042588
0.044565
0.041071
0.040943
0.039425
0.042217
0.038944
0.037681
0.038258
0.037168
0.034117
0.035130
0.036108
0.034173
0.033480
0.031741
0.030900
0.028242
0.028141
0.027620
0.027628
0.029098
0.025816
0.027880
0.027589
0.026842
0.027962
0.025475
0.027641
0.023336
0.022472
0.019421
0.020262
0.021601
0.019090
0.018323
0.019981
0.017761
0.012153
0.012925
0.015512
0.013970
0.018362
0.020629
0.025423
0.030261
0.024493
0.030887
0.028684
0.009478
0.018816
0.011322
0.009771
0.012959
0.027188
0.013671
0.012534
0.011831
0.008919
0.006422
0.006106
0.005619
0.005028
0.003832
0.002268
0.003699
0.002789
0.002381
0.002805
0.001127
0.002573
0.002251
0.001321
0.001603
0.002332
0.001109
0.000895
0.001593
0.002106
0.001244
0.001032
0.002404
0.001108
0.000643
0.000816
0.001250
0.000681
0.001267
0.001433
0.000595
0.000588
0.000542
0.000687
0.000455
0.000825
0.000339
0.000827
0.000582
0.000837
0.000354
0.000441
0.000606
0.000377
0.000242
0.001549
0.000511
0.000544
0.000299
