0.130153
0.091046
0.078853
0.069550
0.067258
0.066521
0.066317
0.067945
0.063552
0.063765
0.062683
0.061638
0.059485
0.054658
0.058038
0.058139
0.058239
0.055339
0.052335
0.053658
0.050883
0.049206
0.047169
0.048810
0.047651
0.043528
0.043587
0.043305
0.044009
0.036502
0.036883
0.040032
0.036026
0.039770
0.037270
0.035050
0.034189
0.033434
0.030833
0.027458
0.028795
0.030065
0.029656
0.029329
0.026584
0.025021
0.023229
0.024989
0.023692
0.023811
0.025370
0.022181
0.022659
0.021137
0.022022
0.021108
0.020090
0.017581
0.020630
0.019888
0.019504
0.022356
0.017276
0.018496
0.018618
0.017187
0.014964
0.015588
0.015715
0.015624
0.016139
0.015429
0.015273
0.012923
0.010948
0.011851
0.009611
0.010858
0.009530
0.007553
0.009105
0.005618
0.005485
0.005899
0.004807
0.005163
0.004219
0.004515
0.004157
0.003218
0.003376
0.003169
0.003295
0.002970
0.003224
0.002927
0.002125
0.002499
0.002545
0.002187
0.002075
0.002251
0.002034
0.001718
0.001399
0.001551
0.001571
0.001305
0.001314
0.000988
0.001409
0.001440
0.001334
0.001141
0.001082
0.001075
0.000694
0.000788
0.000765
0.000750
0.000680
0.000864
0.000872
0.000722
0.000649
0.000663
0.000604
0.000647
0.000757
0.000728
0.000668
0.000670
0.000590
0.000660
0.000525
0.000399
0.000502
0.000608
0.000582
0.000614
0.000530
0.000562
0.000621
0.000451
0.000470
0.000449
0.000475
0.000489
0.000507
0.000537
