0.119661
0.076272
0.069880
0.069117
0.062818
0.065154
0.066374
0.068364
0.061611
0.062819
0.061502
0.063266
0.059739
0.055188
0.054768
0.055088
0.054456
0.053736
0.051697
0.049929
0.051468
0.045711
0.045570
0.043853
0.046325
0.042900
0.043770
0.041171
0.038757
0.039579
0.036171
0.036507
0.034039
0.038608
0.030598
0.032252
0.031204
0.027666
0.028810
0.030252
0.027173
0.029005
0.027646
0.025944
0.023688
0.023096
0.021790
0.022824
0.017332
0.018903
0.018318
0.013549
0.013913
0.016649
0.010260
0.017541
0.011620
0.013548
0.015069
0.013873
0.022365
0.013401
0.018154
0.024291
0.018470
0.016144
0.014244
0.014812
0.009878
0.010158
0.013383
0.011630
0.009473
0.011612
0.012791
0.007166
0.010209
0.007515
0.007365
0.007662
0.007946
0.006461
0.006396
0.006093
0.006895
0.006264
0.005170
0.005431
0.004552
0.004180
0.007555
0.004615
0.006011
0.005083
0.004445
0.004311
0.006107
0.006162
0.005190
0.003951
0.005911
0.005390
0.006891
0.003357
0.003389
0.003121
0.003350
0.003307
0.002531
0.002861
0.003776
0.002885
0.003694
0.002328
0.006342
0.002795
0.003276
0.001656
0.001661
0.002600
0.001751
0.004132
0.001745
0.002117
0.003003
0.000746
0.002293
0.000364
0.000715
0.001650
0.001273
0.001094
0.003202
0.001942
0.004140
0.002123
0.001119
0.001387
0.005111
0.000587
0.002647
0.003440
0.000738
0.001723
0.000571
0.001959
0.001446
0.007502
0.001932
0.000965
