0.106743
0.075732
0.071292
0.073591
0.072155
0.070314
0.068612
0.073196
0.070798
0.068975
0.068737
0.067555
0.069806
0.067197
0.066723
0.064997
0.065868
0.065914
0.063323
0.062224
0.063126
0.061965
0.061273
0.061532
0.061384
0.058704
0.055919
0.056362
0.055011
0.051953
0.051668
0.052088
0.050992
0.048949
0.048289
0.048497
0.046419
0.047337
0.047198
0.044007
0.046884
0.045385
0.043090
0.042598
0.042277
0.039856
0.043934
0.037939
0.037001
0.035050
0.033654
0.035689
0.032709
0.034319
0.031615
0.031009
0.029315
0.028173
0.029426
0.028664
0.025953
0.025965
0.025364
0.024497
0.021735
0.020368
0.023327
0.018018
0.017207
0.017613
0.015971
0.013519
0.015821
0.015051
0.012419
0.013917
0.013355
0.012170
0.009171
0.009580
0.010871
0.009223
0.008556
0.008504
0.008930
0.008863
0.007348
0.006369
0.007022
0.006233
0.005768
0.005627
0.004851
0.005699
0.004645
0.004631
0.004231
0.003814
0.005214
0.003808
0.004074
0.004516
0.003312
0.004379
0.002914
0.002591
0.003247
0.002586
0.002444
0.002417
0.002027
0.002064
0.003523
0.001776
0.002120
0.002079
0.001454
0.001696
0.001399
0.001309
0.001575
0.001897
0.001879
0.001482
0.001453
0.001288
0.001311
0.001083
0.001217
0.001154
0.001277
0.001473
0.001243
0.001257
0.001250
0.001201
0.000930
0.000991
0.000852
0.000946
0.000829
0.000943
0.001004
0.000803
0.000748
0.000888
0.000735
0.000691
0.000877
0.000622
