0.077988
0.070955
0.071203
0.070874
0.070874
0.070689
0.069927
0.070605
0.070558
0.071995
0.069219
0.062464
0.065422
0.061629
0.060994
0.060932
0.060532
0.059203
0.059558
0.060137
0.059876
0.060136
0.059415
0.056385
0.060958
0.058766
0.058962
0.057140
0.059603
0.058014
0.059916
0.057319
0.061287
0.057326
0.056676
0.060339
0.057734
0.060502
0.055958
0.058181
0.058299
0.059350
0.058627
0.057672
0.059228
0.059332
0.059594
0.061073
0.060132
0.060987
0.058496
0.058375
0.058265
0.059049
0.059050
0.059041
0.060419
0.058771
0.055586
0.059061
0.057113
0.059513
0.056867
0.053646
0.054759
0.062015
0.056651
0.056982
0.061118
0.056770
0.058093
0.057163
0.053671
0.056708
0.053869
0.054358
0.056933
0.054286
0.053707
0.053121
0.051460
0.051182
0.050057
0.055473
0.051111
0.050130
0.052862
0.052654
0.052914
0.047558
0.046668
0.051329
0.050913
0.046039
0.046504
0.047172
0.045457
0.046911
0.050631
0.045814
0.043198
0.046013
0.045839
0.044506
0.046412
0.044060
0.044898
0.041938
0.038528
0.044160
0.041374
0.041956
0.046047
0.046135
0.040792
0.043591
0.038768
0.043881
0.043852
0.041465
0.036594
0.040509
0.040017
0.038513
0.039875
0.037535
0.036840
0.036701
0.040506
0.036581
0.038176
0.040576
0.034615
0.033398
0.034803
0.034361
0.035060
0.032722
0.037274
0.031301
0.034422
0.041307
0.030592
0.032100
0.041909
0.033628
0.034887
0.030557
0.031807
0.038396
