0.089454
0.066285
0.066120
0.064757
0.062297
0.065943
0.060944
0.061402
0.061140
0.059642
0.060200
0.059913
0.061160
0.059190
0.060262
0.060234
0.059848
0.059309
0.058159
0.059698
0.060444
0.057949
0.059270
0.057502
0.056943
0.054001
0.057962
0.060878
0.057340
0.057016
0.056873
0.056133
0.057378
0.052534
0.054551
0.053613
0.050029
0.049902
0.051175
0.047152
0.045393
0.047790
0.046529
0.047350
0.044058
0.046105
0.045881
0.049587
0.049062
0.044674
0.044521
0.045219
0.044552
0.044842
0.042602
0.042775
0.043940
0.043615
0.043641
0.042095
0.037780
0.040303
0.040159
0.042233
0.039191
0.041513
0.040506
0.038573
0.041862
0.038926
0.044388
0.034764
0.045042
0.038122
0.045938
0.044261
0.046472
0.046611
0.048032
0.040076
0.041097
0.036949
0.032692
0.040281
0.036770
0.032503
0.037787
0.038673
0.034868
0.043822
0.038651
0.040111
0.039045
0.040561
0.034886
0.035744
0.036655
0.039338
0.035908
0.040903
0.032688
0.037265
0.031958
0.033311
0.034780
0.030066
0.031669
0.030330
0.029380
0.031119
0.032509
0.035364
0.031520
0.031125
0.032500
0.028211
0.031565
0.034319
0.032126
0.027601
0.029721
0.026814
0.029161
0.027677
0.031434
0.030049
0.031734
0.028233
0.034713
0.033864
0.037254
0.030074
0.031445
0.027394
0.036670
0.030971
0.032721
0.028103
0.028053
0.028345
0.028937
0.027369
0.033697
0.026901
0.027137
0.023539
0.029900
0.030022
0.024446
0.031340
