0.076592
0.071670
0.071670
0.071670
0.071670
0.071670
0.071670
0.071670
0.071670
0.071670
0.071670
0.071797
0.066795
0.063363
0.061587
0.064140
0.059075
0.061155
0.059138
0.059980
0.060331
0.058241
0.057579
0.057241
0.059777
0.058586
0.055913
0.059555
0.061621
0.059272
0.057295
0.056962
0.056996
0.056779
0.060216
0.061767
0.056704
0.058374
0.056004
0.059146
0.054492
0.056242
0.054897
0.056236
0.055757
0.055819
0.053938
0.056902
0.054530
0.053106
0.050193
0.055493
0.050631
0.053138
0.051409
0.049607
0.049342
0.053015
0.048765
0.051883
0.054866
0.049739
0.051726
0.049811
0.049879
0.049095
0.047959
0.046880
0.048464
0.045507
0.046548
0.044441
0.049647
0.046750
0.045846
0.049827
0.048448
0.048734
0.047649
0.043778
0.045889
0.043978
0.044523
0.048302
0.045763
0.046489
0.042007
0.042521
0.042887
0.041396
0.037797
0.039629
0.039271
0.037760
0.039235
0.037048
0.044437
0.038646
0.042254
0.041424
0.043811
0.040306
0.041507
0.042031
0.038010
0.040232
0.047908
0.038014
0.038289
0.048342
0.042270
0.036939
0.034066
0.036506
0.035791
0.037918
0.031930
0.040692
0.037268
0.034117
0.037767
0.030433
0.039762
0.029438
0.031487
0.034741
0.031459
0.033066
0.032964
0.031851
0.032116
0.034992
0.030391
0.029300
0.028551
0.033296
0.030416
0.029052
0.036263
0.034195
0.037780
0.024573
0.031215
0.031612
0.032515
0.028042
0.033771
0.033621
0.030845
0.031970
