0.079930
0.072048
0.067876
0.068046
0.064961
0.060709
0.060018
0.059129
0.058171
0.058227
0.056982
0.057126
0.056306
0.052640
0.053750
0.053453
0.053388
0.052419
0.053874
0.050374
0.052637
0.052213
0.047849
0.045902
0.047892
0.044147
0.045789
0.046803
0.044597
0.045541
0.043923
0.040732
0.045634
0.044310
0.041179
0.036470
0.034551
0.033025
0.032867
0.030547
0.030731
0.030096
0.027560
0.026651
0.023351
0.025110
0.024493
0.022359
0.020797
0.019130
0.019709
0.019135
0.022904
0.019747
0.019483
0.019365
0.021573
0.019857
0.019698
0.016504
0.017937
0.018011
0.017329
0.016744
0.017597
0.019792
0.017052
0.015414
0.015403
0.014148
0.013927
0.014424
0.014526
0.013392
0.013327
0.013965
0.014443
0.014712
0.012390
0.013757
0.015177
0.014467
0.016533
0.014976
0.012881
0.013571
0.012962
0.013934
0.012312
0.013335
0.014738
0.012595
0.014089
0.011162
0.013100
0.013105
0.012948
0.012278
0.012059
0.013667
0.011024
0.013313
0.011527
0.013023
0.014178
0.012692
0.011429
0.011236
0.013796
0.012084
0.010348
0.011274
0.010632
0.010132
0.010681
0.010921
0.010655
0.010393
0.011024
0.010387
0.010887
0.011169
0.010658
0.011347
0.011436
0.010364
0.011822
0.009610
0.010931
0.011025
0.008437
0.011648
0.009714
0.008428
0.010203
0.009096
0.011563
0.012590
0.014334
0.011038
0.015451
0.011279
0.012858
0.010636
0.011286
0.010858
0.009452
0.011342
0.010316
0.012096
