0.076403
0.068927
0.066716
0.065237
0.063883
0.061229
0.061958
0.061141
0.060358
0.058895
0.056382
0.058472
0.055314
0.050529
0.045594
0.047020
0.041610
0.043323
0.043208
0.039018
0.038721
0.038569
0.038457
0.038725
0.036116
0.035573
0.037481
0.032047
0.033570
0.033860
0.032780
0.031228
0.032560
0.028977
0.030197
0.027335
0.025454
0.025215
0.025213
0.027588
0.025307
0.025464
0.021973
0.023592
0.020301
0.020885
0.019273
0.019647
0.020346
0.019181
0.017119
0.020908
0.015472
0.018565
0.015030
0.015383
0.015102
0.016139
0.016710
0.015158
0.015064
0.015189
0.014682
0.014201
0.014259
0.014573
0.014535
0.016059
0.013791
0.016914
0.013433
0.015963
0.015121
0.015107
0.015235
0.011295
0.011120
0.012902
0.013555
0.016015
0.012879
0.015948
0.014834
0.011954
0.012281
0.013259
0.013939
0.011453
0.010805
0.015085
0.013216
0.012288
0.012909
0.013069
0.011433
0.012080
0.009526
0.011896
0.010340
0.011726
0.009658
0.010499
0.011348
0.010678
0.010508
0.010886
0.010337
0.011218
0.008710
0.010168
0.008463
0.009106
0.009235
0.009206
0.009322
0.009779
0.011566
0.009809
0.009705
0.010220
0.008187
0.010408
0.009971
0.010489
0.012788
0.010626
0.012928
0.013369
0.008743
0.010133
0.010936
0.011296
0.012724
0.011438
0.009792
0.011292
0.010919
0.008799
0.011972
0.009209
0.008660
0.008949
0.008591
0.008329
0.010752
0.010130
0.007673
0.008931
0.011636
0.009049
