0.196203
0.089715
0.074542
0.071154
0.071203
0.071670
0.071670
0.071670
0.071670
0.071670
0.071670
0.071670
0.071670
0.071670
0.071670
0.071203
0.070839
0.070371
0.069904
0.068973
0.072674
0.068662
0.066900
0.063840
0.064831
0.062647
0.062741
0.065114
0.062628
0.064651
0.061814
0.064744
0.062929
0.060866
0.058827
0.058868
0.060298
0.061770
0.060679
0.061814
0.057951
0.057740
0.057064
0.055382
0.054336
0.053258
0.050758
0.051537
0.050261
0.054412
0.050077
0.048083
0.045732
0.050337
0.048561
0.049567
0.044997
0.043542
0.043611
0.045645
0.044740
0.040830
0.044043
0.045227
0.042769
0.043735
0.042917
0.040027
0.041399
0.039847
0.041731
0.036823
0.039543
0.039542
0.036391
0.038908
0.038257
0.036180
0.037441
0.042407
0.032607
0.030445
0.035722
0.032140
0.034634
0.027820
0.030540
0.031281
0.024484
0.022851
0.024893
0.020689
0.022197
0.031775
0.024781
0.030113
0.026060
0.023281
0.022673
0.021780
0.033616
0.020723
0.033796
0.022651
0.021029
0.023987
0.020788
0.020402
0.025249
0.026894
0.020031
0.022333
0.016161
0.014678
0.017155
0.020891
0.018527
0.015650
0.016295
0.017946
0.011048
0.009586
0.021521
0.014906
0.010017
0.008159
0.013570
0.008121
0.006358
0.010603
0.008153
0.007937
0.010806
0.007674
0.008730
0.007085
0.007006
0.008056
0.007681
0.006649
0.012920
0.005121
0.006519
0.007422
0.007921
0.004344
0.007231
0.007314
0.006234
0.005980
