0.114587
0.084951
0.067822
0.064575
0.058480
0.060565
0.059706
0.059070
0.062017
0.056512
0.056566
0.052332
0.056188
0.044018
0.049666
0.043198
0.037603
0.045050
0.036928
0.034749
0.043967
0.033219
0.038901
0.032806
0.034034
0.027917
0.028182
0.030039
0.025636
0.028275
0.026233
0.022942
0.018035
0.018936
0.019244
0.016725
0.016448
0.014141
0.014143
0.012901
0.010359
0.010717
0.009042
0.006117
0.008086
0.008283
0.007183
0.004095
0.007712
0.003918
0.003329
0.005099
0.003385
0.005988
0.003309
0.001851
0.004266
0.003398
0.002144
0.002459
0.003963
0.002213
0.001916
0.002389
0.001175
0.001178
0.000709
0.001535
0.000910
0.001486
0.000935
0.002808
0.000717
0.000603
0.000999
0.002685
0.001810
0.000703
0.000548
0.003309
0.000916
0.001074
0.001318
0.001372
0.002643
0.001684
0.002893
0.000939
0.000329
0.003342
0.000867
0.001016
0.003291
0.010926
0.018446
0.025631
0.011292
0.006543
0.015244
0.006213
0.005467
0.010925
0.003180
0.004588
0.003169
0.004728
0.019160
0.016538
0.022027
0.005902
0.006358
0.000997
0.003430
0.002953
0.001111
0.003162
0.003517
0.001002
0.002164
0.001318
0.000767
0.001280
0.000910
0.000365
0.000332
0.000315
0.000222
0.000289
0.000353
0.000176
0.000219
0.000394
0.000229
0.000158
0.000263
0.000185
0.000244
0.000192
0.000091
0.000148
0.000083
0.000162
0.000099
0.000203
0.000080
0.000120
0.000110
0.000135
0.000132
0.000112
