0.105062
0.078611
0.071333
0.071172
0.067970
0.068270
0.069575
0.066664
0.067504
0.066857
0.063003
0.067380
0.062074
0.061238
0.060795
0.059148
0.058286
0.056919
0.055446
0.052739
0.053323
0.052352
0.052762
0.051645
0.049280
0.050126
0.051316
0.050080
0.047174
0.050256
0.046381
0.044054
0.043094
0.042682
0.045963
0.043802
0.042526
0.042768
0.043072
0.042077
0.044560
0.042736
0.044276
0.041995
0.041739
0.043729
0.039419
0.042824
0.040230
0.043928
0.040302
0.040210
0.038643
0.038657
0.038933
0.036415
0.034294
0.033855
0.035405
0.034355
0.035331
0.033390
0.031819
0.031494
0.032774
0.031022
0.034221
0.031974
0.031930
0.030910
0.028960
0.029315
0.027243
0.025735
0.027676
0.026912
0.026965
0.023544
0.027679
0.027097
0.024710
0.025264
0.025774
0.024442
0.023925
0.023564
0.025019
0.023461
0.024766
0.023383
0.025000
0.025113
0.021760
0.023567
0.023683
0.023286
0.022026
0.021869
0.020851
0.022088
0.022861
0.020917
0.019839
0.019456
0.019173
0.019641
0.020087
0.019540
0.020167
0.020248
0.018655
0.019544
0.018946
0.019745
0.018674
0.018775
0.019500
0.016580
0.018021
0.020768
0.018900
0.016063
0.018987
0.017732
0.018304
0.018366
0.018258
0.016324
0.018192
0.016657
0.016139
0.017845
0.014522
0.018397
0.017917
0.018329
0.015023
0.016781
0.016110
0.016198
0.017352
0.017390
0.017987
0.015784
0.017084
0.018956
0.016378
0.017912
0.016496
0.017665
