0.146301
0.139832
0.112837
0.075758
0.076499
0.073388
0.069953
0.069801
0.071735
0.069142
0.069494
0.073785
0.068083
0.068213
0.065081
0.059598
0.059610
0.060405
0.060292
0.055280
0.052853
0.056386
0.050284
0.048595
0.049329
0.051122
0.041522
0.045183
0.044278
0.042031
0.044162
0.038360
0.037456
0.038315
0.034096
0.031945
0.028955
0.030109
0.025236
0.026383
0.026705
0.022800
0.024467
0.023367
0.020180
0.019200
0.017019
0.014796
0.018750
0.011176
0.018468
0.014898
0.014116
0.013443
0.009940
0.011232
0.010272
0.007168
0.009042
0.008612
0.008760
0.008920
0.005593
0.005460
0.005651
0.005153
0.006877
0.005750
0.006137
0.003002
0.005914
0.004732
0.003145
0.005047
0.003599
0.002715
0.002514
0.001623
0.002441
0.002675
0.001425
0.001590
0.001508
0.001184
0.001525
0.001997
0.002003
0.001734
0.002189
0.001198
0.001533
0.001417
0.001141
0.003132
0.000866
0.002855
0.001194
0.001463
0.001516
0.001542
0.001267
0.002439
0.000538
0.003183
0.001297
0.005338
0.002287
0.006713
0.001015
0.017209
0.004063
0.003012
0.002599
0.008998
0.001542
0.007928
0.003161
0.009254
0.003226
0.004729
0.003185
0.008577
0.002018
0.015248
0.001191
0.002004
0.002215
0.002170
0.000643
0.000862
0.001657
0.000909
0.001251
0.000497
0.004886
0.000698
0.000416
0.000591
0.000498
0.000894
0.000240
0.000286
0.000271
0.000529
0.000633
0.000246
0.000398
0.000261
0.000282
0.000323
