0.150989
0.094469
0.060525
0.061890
0.058360
0.059099
0.061146
0.058977
0.060745
0.060331
0.061827
0.060194
0.059509
0.057299
0.056650
0.054880
0.054523
0.059044
0.059592
0.053930
0.053517
0.050252
0.055408
0.048055
0.049765
0.049674
0.051680
0.052598
0.049116
0.045019
0.046323
0.045220
0.046063
0.049297
0.043776
0.050496
0.044371
0.047807
0.044335
0.043838
0.045782
0.047057
0.048865
0.046207
0.043399
0.044115
0.043099
0.043903
0.047451
0.041842
0.044246
0.044993
0.044674
0.044027
0.044661
0.046032
0.041986
0.040580
0.046138
0.040625
0.044859
0.040459
0.048692
0.044705
0.042436
0.041842
0.039845
0.037538
0.039764
0.035786
0.041299
0.036160
0.036820
0.032933
0.037761
0.040238
0.038606
0.037115
0.042529
0.034478
0.043557
0.041087
0.039683
0.039327
0.040085
0.035917
0.033964
0.034249
0.040441
0.033697
0.036958
0.033639
0.038334
0.033815
0.032944
0.034850
0.030916
0.043492
0.043728
0.040682
0.042854
0.040437
0.038800
0.030479
0.038992
0.036576
0.032896
0.030921
0.033978
0.038381
0.032387
0.030868
0.031377
0.031120
0.032343
0.032787
0.034196
0.031419
0.038123
0.042421
0.042490
0.028215
0.032886
0.032154
0.031214
0.026156
0.030859
0.025497
0.020330
0.027855
0.020247
0.022961
0.022574
0.021298
0.024179
0.023847
0.020331
0.024215
0.020398
0.026656
0.019589
0.023175
0.023438
0.023320
0.023117
0.022802
0.023365
0.022038
0.025658
0.021261
