0.077327
0.070459
0.071203
0.070874
0.070689
0.070689
0.069777
0.070605
0.070571
0.062449
0.061183
0.058350
0.059851
0.060147
0.058171
0.059657
0.058030
0.054445
0.053714
0.053490
0.052859
0.052463
0.053849
0.049829
0.056573
0.050969
0.050881
0.050987
0.049464
0.047954
0.050922
0.051426
0.051761
0.047492
0.050017
0.048505
0.050024
0.046797
0.045118
0.043244
0.044018
0.048044
0.043726
0.046255
0.044891
0.044986
0.043807
0.041718
0.043538
0.046382
0.040884
0.044217
0.042430
0.040638
0.043074
0.040237
0.043667
0.039887
0.036354
0.035397
0.035818
0.038724
0.041656
0.041078
0.038920
0.036288
0.037778
0.037805
0.035317
0.037573
0.040410
0.035048
0.040814
0.038946
0.035176
0.038256
0.031983
0.034609
0.034226
0.032713
0.032027
0.029986
0.031870
0.029071
0.035199
0.036841
0.038512
0.037137
0.037029
0.034505
0.034905
0.031343
0.029549
0.025695
0.030833
0.029238
0.027905
0.031421
0.028640
0.037551
0.027309
0.034860
0.033100
0.033604
0.036541
0.029092
0.031802
0.032159
0.030853
0.027781
0.029312
0.027660
0.024229
0.031555
0.031496
0.027016
0.025503
0.024941
0.027623
0.025643
0.027158
0.023676
0.024257
0.023175
0.022244
0.022145
0.026071
0.022744
0.024380
0.022374
0.021994
0.025008
0.027923
0.026107
0.026327
0.026179
0.021522
0.021479
0.017583
0.019374
0.020602
0.019897
0.022417
0.023232
0.020432
0.023215
0.017221
0.019952
0.029840
0.024408
