0.072197
0.063418
0.061455
0.059300
0.058177
0.059604
0.055595
0.058089
0.055537
0.061578
0.056752
0.054760
0.053204
0.050479
0.049426
0.051828
0.044653
0.047031
0.044854
0.043389
0.041260
0.036217
0.036651
0.039754
0.031503
0.036977
0.030477
0.031204
0.031215
0.027520
0.028979
0.027068
0.024581
0.026909
0.022104
0.023964
0.020610
0.020758
0.025573
0.016872
0.015564
0.012801
0.013828
0.016620
0.016682
0.015354
0.011959
0.011950
0.014744
0.012559
0.020552
0.016851
0.013452
0.013091
0.011098
0.008644
0.012286
0.008862
0.007540
0.009954
0.008763
0.009286
0.006846
0.006724
0.010034
0.009705
0.003302
0.005399
0.006101
0.008725
0.006882
0.007107
0.005682
0.004987
0.004448
0.007297
0.008751
0.004082
0.011865
0.004484
0.004537
0.013790
0.003101
0.008847
0.003506
0.008995
0.006402
0.006557
0.013722
0.007380
0.035020
0.005552
0.018303
0.010882
0.006323
0.008752
0.008590
0.008150
0.007178
0.008699
0.003576
0.003485
0.004520
0.006334
0.004397
0.003557
0.006004
0.005285
0.004515
0.013564
0.007637
0.008226
0.008692
0.006432
0.006500
0.004106
0.002945
0.002911
0.005470
0.005542
0.005987
0.008278
0.003319
0.004262
0.007070
0.001846
0.003653
0.003030
0.003417
0.005754
0.001871
0.002512
0.002043
0.002427
0.002493
0.001570
0.002072
0.001639
0.002938
0.001730
0.001341
0.002439
0.001281
0.001288
0.002702
0.000712
0.001459
0.001747
0.002028
0.000786
