0.305000
0.467500
0.580000
0.645000
0.662500
0.690000
0.697500
0.720000
0.705000
0.715000
0.705000
0.682500
0.682500
0.725000
0.750000
0.767500
0.792500
0.850000
0.867500
0.835000
0.860000
0.837500
0.797500
0.822500
0.840000
0.895000
0.865000
0.922500
0.957500
0.962500
0.962500
0.980000
0.975000
0.977500
0.980000
0.985000
0.985000
0.987500
0.982500
0.985000
0.995000
0.982500
0.992500
0.990000
0.997500
0.997500
0.995000
0.995000
0.992500
0.990000
0.987500
0.980000
0.945000
0.965000
0.975000
0.932500
0.912500
0.900000
0.922500
0.935000
0.957500
0.965000
0.972500
0.997500
0.992500
0.997500
1.000000
0.997500
0.997500
1.000000
1.000000
1.000000
1.000000
1.000000
1.000000
1.000000
1.000000
1.000000
1.000000
1.000000
1.000000
1.000000
1.000000
1.000000
1.000000
1.000000
1.000000
1.000000
1.000000
1.000000
1.000000
1.000000
1.000000
1.000000
1.000000
1.000000
1.000000
1.000000
1.000000
1.000000
1.000000
1.000000
1.000000
1.000000
1.000000
1.000000
1.000000
1.000000
1.000000
1.000000
1.000000
1.000000
1.000000
1.000000
1.000000
1.000000
1.000000
1.000000
1.000000
1.000000
1.000000
1.000000
1.000000
1.000000
1.000000
1.000000
1.000000
1.000000
1.000000
1.000000
1.000000
1.000000
1.000000
1.000000
1.000000
1.000000
1.000000
1.000000
1.000000
1.000000
1.000000
1.000000
1.000000
1.000000
1.000000
1.000000
1.000000
1.000000
1.000000
1.000000
