0.260000
0.312500
0.362500
0.392500
0.435000
0.472500
0.487500
0.560000
0.617500
0.662500
0.645000
0.685000
0.707500
0.717500
0.765000
0.780000
0.797500
0.812500
0.810000
0.817500
0.745000
0.777500
0.825000
0.872500
0.875000
0.845000
0.820000
0.855000
0.880000
0.890000
0.810000
0.832500
0.880000
0.912500
0.785000
0.740000
0.760000
0.815000
0.847500
0.855000
0.885000
0.872500
0.895000
0.840000
0.847500
0.877500
0.882500
0.900000
0.887500
0.895000
0.907500
0.900000
0.895000
0.862500
0.842500
0.835000
0.900000
0.907500
0.962500
0.962500
0.960000
0.975000
0.970000
0.937500
0.967500
0.977500
0.970000
0.950000
0.942500
0.952500
0.975000
0.972500
0.975000
0.985000
0.977500
0.975000
0.982500
0.980000
0.975000
0.987500
0.985000
0.972500
0.985000
0.987500
0.975000
0.987500
0.985000
0.990000
0.985000
0.990000
0.990000
0.995000
0.887500
0.927500
0.987500
0.975000
0.975000
0.990000
0.992500
0.985000
0.990000
0.990000
0.990000
0.987500
0.992500
0.980000
0.975000
0.990000
0.990000
0.992500
0.990000
0.990000
0.990000
0.985000
0.990000
0.987500
0.982500
0.975000
0.982500
0.985000
0.995000
0.995000
0.995000
0.990000
0.980000
0.957500
0.960000
0.950000
0.950000
0.980000
0.995000
0.980000
0.980000
0.972500
0.945000
0.967500
0.877500
0.907500
0.945000
0.937500
0.952500
0.925000
0.957500
0.965000
0.970000
0.970000
0.902500
0.905000
0.965000
0.972500
