0.071616
0.052293
0.046294
0.043922
0.040836
0.039126
0.039535
0.038942
0.037230
0.036235
0.034881
0.033497
0.033183
0.034346
0.032682
0.031342
0.031037
0.031082
0.030566
0.029948
0.028579
0.027021
0.025931
0.024882
0.022841
0.022360
0.020726
0.022002
0.021030
0.020408
0.018348
0.018546
0.017758
0.017683
0.016727
0.015916
0.013176
0.013435
0.012893
0.011053
0.028096
0.036134
0.036838
0.033840
0.029981
0.028407
0.026965
0.025587
0.024210
0.025187
0.023087
0.022043
0.020717
0.020602
0.020667
0.020290
0.019169
0.018984
0.019611
0.026425
0.030434
0.026890
0.024890
0.022371
0.021286
0.019983
0.019303
0.019096
0.018330
0.017969
0.017427
0.020994
0.023508
0.022268
0.020983
0.019969
0.019857
0.019523
0.019230
0.018722
0.018744
0.017714
0.021032
0.020877
0.020993
0.020196
0.020078
0.020123
0.019229
0.018959
0.018724
0.018325
0.018010
0.018532
0.018956
0.018953
0.017930
0.017745
0.017954
0.017818
0.017256
0.016700
0.015821
0.015556
0.015727
0.016059
0.015538
0.015116
0.015500
0.015424
0.014597
0.014517
0.013988
0.013773
0.013653
0.013466
0.013062
0.012855
0.012068
0.012019
0.011336
0.010904
0.010493
0.010212
0.009935
0.009598
0.009490
0.008639
0.008837
0.008632
0.008277
0.008266
0.007941
0.008038
0.008282
0.008761
0.013926
0.014711
0.031601
0.021992
0.018958
0.018427
0.017423
0.016319
0.016205
0.015774
0.015615
0.015550
0.014942
0.014248
