0.060942
0.058232
0.056325
0.053336
0.058936
0.055910
0.055314
0.052843
0.050405
0.049896
0.048371
0.047217
0.044685
0.044514
0.043577
0.043888
0.042479
0.041551
0.040243
0.039005
0.065721
0.043435
0.042078
0.042704
0.042199
0.041968
0.041018
0.041418
0.041142
0.040915
0.041112
0.041232
0.071551
0.042736
0.042676
0.041327
0.040590
0.040508
0.040526
0.040313
0.039358
0.039612
0.039391
0.039153
0.038969
0.038654
0.037683
0.038305
0.037746
0.037307
0.036945
0.036985
0.037800
0.037021
0.036923
0.036569
0.035788
0.035375
0.034860
0.033751
0.033736
0.035062
0.034526
0.033687
0.034816
0.035862
0.035751
0.034915
0.035555
0.035029
0.035181
0.034951
0.034993
0.033498
0.034206
0.033529
0.033070
0.032901
0.032996
0.034115
0.033153
0.032863
0.032686
0.032553
0.033379
0.033131
0.033004
0.032795
0.032876
0.032681
0.032974
0.032943
0.032985
0.032566
0.033123
0.033377
0.033614
0.033138
0.033323
0.033247
0.032244
0.032557
0.032289
0.032408
0.032947
0.032221
0.031983
0.032166
0.032195
0.034473
0.034349
0.032996
0.033506
0.033484
0.035198
0.035694
0.035499
0.034716
0.036461
0.035083
0.034018
0.033031
0.033290
0.032791
0.032250
0.032021
0.031943
0.032508
0.032389
0.032668
0.032480
0.032739
0.032873
0.032401
0.032393
0.030258
0.028966
0.028434
0.030915
0.027795
0.027602
0.027268
0.027215
0.026459
0.026269
0.025334
0.025490
0.025521
0.026042
0.025143
