0.409020
0.128207
0.072861
0.070811
0.071203
0.071203
0.070839
0.071235
0.068575
0.068477
0.067511
0.067548
0.068016
0.067200
0.066751
0.066789
0.065926
0.064831
0.067142
0.064551
0.064802
0.066335
0.065864
0.064685
0.064480
0.063331
0.062029
0.062015
0.063929
0.064078
0.064249
0.063902
0.063759
0.066274
0.064638
0.064854
0.063662
0.063505
0.061113
0.062405
0.063543
0.061025
0.061526
0.061074
0.062034
0.060317
0.058064
0.058490
0.058044
0.059122
0.060897
0.058630
0.058415
0.057018
0.056313
0.057753
0.056438
0.055280
0.056048
0.055364
0.051953
0.052477
0.051699
0.052128
0.050909
0.051297
0.051533
0.048667
0.053532
0.052081
0.050900
0.052957
0.052422
0.051777
0.051532
0.048687
0.048747
0.053717
0.055702
0.051368
0.049367
0.051120
0.049800
0.049672
0.050557
0.046764
0.047291
0.049461
0.045320
0.048593
0.048399
0.048657
0.045810
0.045386
0.041772
0.043206
0.047360
0.042632
0.043951
0.042501
0.040511
0.040711
0.041336
0.043398
0.042309
0.040149
0.037788
0.040076
0.037743
0.036375
0.035243
0.034356
0.034555
0.033645
0.027200
0.037268
0.030870
0.031384
0.031006
0.031817
0.028944
0.030159
0.030837
0.026937
0.036898
0.025988
0.030829
0.028326
0.024000
0.031761
0.027558
0.026992
0.026629
0.023618
0.024203
0.021436
0.022815
0.024545
0.021369
0.022258
0.021173
0.023113
0.019338
0.019587
0.020446
0.018526
0.020030
0.017592
0.017432
0.019693
