0.096502
0.072501
0.070434
0.069716
0.071146
0.078640
0.071538
0.068959
0.070037
0.069229
0.066720
0.069008
0.065382
0.066948
0.065611
0.066834
0.064972
0.064257
0.064102
0.059860
0.057715
0.055782
0.059843
0.053989
0.053078
0.057720
0.051581
0.054845
0.053318
0.050558
0.046335
0.053055
0.051555
0.045491
0.048220
0.048533
0.049434
0.047529
0.038999
0.040067
0.045540
0.046605
0.040089
0.039611
0.033081
0.044536
0.040443
0.036320
0.050360
0.036077
0.034429
0.032524
0.033262
0.024767
0.033117
0.031166
0.023620
0.022436
0.024875
0.020631
0.023226
0.018393
0.018565
0.022092
0.021797
0.018025
0.022181
0.017678
0.012938
0.015461
0.013630
0.014084
0.015189
0.010387
0.012508
0.010685
0.009922
0.012955
0.006809
0.012302
0.010292
0.010280
0.011411
0.008632
0.012488
0.009042
0.009187
0.007855
0.008758
0.016198
0.008598
0.007197
0.013513
0.006064
0.009676
0.009409
0.009616
0.009373
0.007769
0.007888
0.008423
0.010612
0.008499
0.013381
0.006823
0.007154
0.006540
0.006498
0.005919
0.006837
0.005011
0.004640
0.005406
0.005747
0.004142
0.006097
0.003124
0.003951
0.004229
0.006814
0.004432
0.004649
0.003815
0.003807
0.003714
0.007462
0.003867
0.004259
0.004211
0.003769
0.003028
0.002744
0.004133
0.004053
0.005249
0.008176
0.009402
0.007067
0.010379
0.004903
0.006773
0.005149
0.005407
0.016527
0.017403
0.016946
0.007577
0.029882
0.004991
0.014372
