0.091442
0.079480
0.076367
0.071610
0.067526
0.070279
0.065672
0.065203
0.062114
0.060670
0.061695
0.058878
0.058273
0.057335
0.056332
0.054989
0.057227
0.056357
0.057650
0.053842
0.054007
0.055682
0.054964
0.055382
0.051562
0.056606
0.054298
0.053920
0.052484
0.054862
0.051123
0.048831
0.049668
0.047416
0.049468
0.048170
0.048214
0.049845
0.045404
0.043469
0.047304
0.043091
0.045905
0.044447
0.039209
0.042306
0.039877
0.042860
0.042130
0.039257
0.041910
0.041486
0.039935
0.041176
0.038580
0.036167
0.036556
0.035154
0.034468
0.035356
0.033334
0.030214
0.033531
0.032014
0.031196
0.026922
0.032944
0.034076
0.035513
0.024697
0.025257
0.027458
0.030421
0.028146
0.025635
0.024094
0.022087
0.025508
0.030185
0.025356
0.026613
0.026581
0.021176
0.023011
0.023364
0.022175
0.020739
0.021801
0.018157
0.020429
0.019536
0.019139
0.021416
0.020394
0.023010
0.019669
0.023194
0.025303
0.023167
0.025150
0.021409
0.024229
0.021152
0.029255
0.023373
0.024178
0.023779
0.021575
0.026860
0.019666
0.024548
0.020439
0.018106
0.017062
0.018699
0.013897
0.017647
0.015775
0.014851
0.015388
0.012300
0.012608
0.010501
0.015462
0.012911
0.009369
0.012048
0.010778
0.008586
0.017235
0.011494
0.007808
0.011662
0.009572
0.009677
0.010690
0.007904
0.007848
0.010382
0.007370
0.013045
0.016343
0.010575
0.013554
0.009828
0.012059
0.009826
0.008518
0.008621
0.006729
