0.081780
0.074406
0.069739
0.068013
0.065805
0.063801
0.061985
0.064529
0.059503
0.062853
0.057810
0.056824
0.056190
0.054740
0.053966
0.054874
0.054026
0.052055
0.052215
0.049304
0.048324
0.044673
0.044574
0.047012
0.045932
0.046836
0.043189
0.042647
0.041610
0.041219
0.037290
0.039141
0.038172
0.038451
0.036589
0.033421
0.034478
0.033558
0.034369
0.032111
0.032818
0.032802
0.030459
0.029253
0.029685
0.029032
0.031698
0.033244
0.028510
0.028701
0.026852
0.027328
0.026591
0.027117
0.024706
0.026170
0.024376
0.023996
0.024045
0.024928
0.021384
0.023089
0.021878
0.021467
0.020885
0.023067
0.019133
0.023330
0.020547
0.022468
0.019161
0.019502
0.020589
0.019983
0.018962
0.018983
0.018066
0.018684
0.016653
0.017699
0.016127
0.015125
0.013522
0.014791
0.014959
0.014030
0.012666
0.013077
0.014552
0.012108
0.010984
0.010062
0.009689
0.010159
0.011840
0.009946
0.008652
0.008845
0.009003
0.009574
0.008703
0.008283
0.007592
0.007608
0.008228
0.007718
0.007806
0.008445
0.008813
0.007575
0.006871
0.006857
0.007883
0.006704
0.007255
0.007020
0.007014
0.006039
0.005638
0.005737
0.005515
0.005214
0.005836
0.005976
0.004850
0.004692
0.004802
0.005085
0.005447
0.004875
0.004680
0.004689
0.004825
0.004430
0.004714
0.004369
0.004880
0.005047
0.004141
0.004010
0.004224
0.004837
0.004224
0.003800
0.004072
0.003984
0.003924
0.003692
0.003708
0.003648
