0.072143
0.071670
0.071670
0.071089
0.067659
0.062586
0.062006
0.065017
0.062055
0.063601
0.055777
0.055788
0.055612
0.057890
0.055694
0.054444
0.049162
0.051950
0.054267
0.051978
0.049164
0.047299
0.051053
0.047389
0.046666
0.045289
0.042200
0.041522
0.041896
0.038033
0.040710
0.040238
0.036438
0.035025
0.032985
0.037180
0.033059
0.034391
0.038616
0.030124
0.033136
0.029367
0.033661
0.028647
0.029253
0.029708
0.030421
0.029085
0.027879
0.025791
0.031489
0.027364
0.023748
0.022020
0.024392
0.025160
0.027937
0.030965
0.024287
0.024789
0.026633
0.024498
0.020541
0.025880
0.026597
0.025283
0.020957
0.022511
0.027038
0.017473
0.017641
0.020709
0.020809
0.016958
0.021952
0.020656
0.025226
0.027210
0.020841
0.017054
0.016583
0.019224
0.018460
0.018985
0.014763
0.016649
0.015668
0.014664
0.020661
0.015183
0.013409
0.015030
0.010844
0.012202
0.014730
0.014319
0.017678
0.011889
0.015345
0.013284
0.011186
0.018371
0.015738
0.016340
0.013761
0.010520
0.012108
0.012512
0.019563
0.012125
0.016376
0.012875
0.013851
0.013264
0.012713
0.014125
0.012806
0.008289
0.015213
0.009611
0.012050
0.010390
0.011495
0.011007
0.011725
0.013355
0.009648
0.011773
0.007525
0.009750
0.009079
0.012197
0.015413
0.016390
0.008364
0.012193
0.015650
0.015935
0.022170
0.017136
0.015036
0.012720
0.016020
0.017817
0.013442
0.013332
0.009227
0.010493
0.013980
0.009860
