0.133859
0.097626
0.091090
0.075802
0.072307
0.065291
0.058076
0.057614
0.056419
0.060913
0.055654
0.049147
0.047553
0.050312
0.044385
0.042772
0.041272
0.041928
0.038501
0.039157
0.033437
0.033558
0.033880
0.033314
0.034478
0.030195
0.032837
0.029223
0.023937
0.025211
0.023874
0.023907
0.023521
0.022745
0.021213
0.020951
0.020623
0.021167
0.020769
0.019196
0.018380
0.017816
0.017060
0.016169
0.014988
0.016252
0.014893
0.013552
0.013614
0.014596
0.012482
0.012929
0.012321
0.010431
0.010248
0.009604
0.009463
0.008753
0.008481
0.009092
0.008829
0.009805
0.007670
0.007993
0.008605
0.006846
0.006362
0.005392
0.006581
0.005391
0.006093
0.005937
0.005361
0.004882
0.003986
0.004579
0.004522
0.004506
0.003972
0.004378
0.003659
0.003581
0.003279
0.003340
0.003594
0.002888
0.002719
0.002605
0.002877
0.002560
0.002414
0.002363
0.002516
0.002467
0.001967
0.002108
0.001915
0.002044
0.001827
0.002073
0.001646
0.002008
0.001706
0.001738
0.001869
0.001755
0.001445
0.001663
0.001749
0.001470
0.001505
0.001469
0.001383
0.001455
0.001308
0.001463
0.001388
0.001364
0.001234
0.001237
0.001412
0.001275
0.001422
0.001151
0.001080
0.001078
0.000995
0.000979
0.001085
0.001178
0.000983
0.000954
0.000874
0.000816
0.000699
0.000714
0.000684
0.000667
0.000733
0.000626
0.000609
0.000564
0.000510
0.000676
0.000658
0.000564
0.000477
0.000582
0.000523
0.000499
