0.083538
0.072514
0.068923
0.068156
0.067463
0.065416
0.065812
0.068964
0.063935
0.066124
0.065955
0.066416
0.064590
0.064508
0.064419
0.063505
0.062817
0.062015
0.064527
0.062681
0.063034
0.065257
0.061174
0.062521
0.062223
0.064369
0.060078
0.062581
0.061969
0.061203
0.058327
0.059966
0.058036
0.058112
0.055563
0.055546
0.055287
0.052519
0.053838
0.054206
0.053360
0.054139
0.053638
0.049171
0.049836
0.052797
0.048707
0.048551
0.047690
0.046937
0.047043
0.046656
0.045886
0.046864
0.045043
0.042171
0.043712
0.044066
0.043525
0.044636
0.043737
0.042845
0.042988
0.042016
0.042591
0.039854
0.040137
0.040286
0.039139
0.040392
0.038476
0.041002
0.037201
0.038266
0.040941
0.039081
0.036134
0.036102
0.037496
0.038382
0.037155
0.036514
0.038725
0.035710
0.037930
0.036200
0.036633
0.035515
0.035352
0.035618
0.031528
0.032819
0.031812
0.031732
0.033456
0.029636
0.031891
0.033025
0.033246
0.029052
0.030078
0.030966
0.029198
0.027541
0.026399
0.024760
0.030144
0.027765
0.026497
0.028263
0.024687
0.028535
0.024392
0.024738
0.027278
0.023999
0.022650
0.024074
0.024658
0.025450
0.022836
0.024215
0.023648
0.022734
0.022187
0.022499
0.023806
0.020608
0.022862
0.021948
0.024907
0.020799
0.021973
0.022791
0.022297
0.023581
0.021075
0.022017
0.022012
0.021598
0.020459
0.018778
0.021486
0.019379
0.019766
0.019041
0.019079
0.019371
0.019415
0.021384
