0.108998
0.074276
0.071670
0.071670
0.071670
0.070839
0.071679
0.071175
0.071670
0.071670
0.071670
0.071670
0.071670
0.071670
0.071670
0.071399
0.069993
0.074200
0.071518
0.071670
0.071670
0.071670
0.071670
0.071950
0.076691
0.071670
0.071670
0.070839
0.070809
0.070966
0.070809
0.070735
0.070839
0.070839
0.070529
0.070135
0.070551
0.070529
0.071483
0.070809
0.069230
0.070792
0.070241
0.069672
0.070012
0.071360
0.070415
0.071718
0.071193
0.071543
0.071964
0.070752
0.069825
0.070717
0.070800
0.070783
0.071472
0.071543
0.069235
0.070203
0.070532
0.070380
0.069935
0.070570
0.069000
0.068395
0.069930
0.070762
0.071214
0.071543
0.073999
0.073583
0.069341
0.070029
0.071114
0.070225
0.069465
0.071167
0.067627
0.067469
0.068010
0.066297
0.068553
0.069720
0.067375
0.069547
0.069845
0.071762
0.070544
0.069499
0.069400
0.066341
0.066125
0.066013
0.063739
0.066333
0.068074
0.063975
0.062879
0.063513
0.063219
0.062382
0.061387
0.062641
0.062350
0.060049
0.059094
0.057520
0.055052
0.062300
0.059343
0.056408
0.059468
0.059234
0.058890
0.055496
0.058960
0.055387
0.053449
0.050925
0.053254
0.057927
0.049902
0.054898
0.053148
0.052904
0.051195
0.050407
0.046112
0.047983
0.051879
0.048935
0.047784
0.049270
0.042692
0.043753
0.048502
0.049534
0.053678
0.044439
0.075455
0.049035
0.057511
0.057726
0.054787
0.056168
0.055987
0.055961
0.051299
0.053737
