0.076398
0.071640
0.071828
0.070567
0.067535
0.065329
0.064776
0.064155
0.061647
0.060014
0.061450
0.055265
0.057419
0.057841
0.056567
0.054572
0.053397
0.052386
0.057555
0.051429
0.048905
0.049423
0.047984
0.053284
0.047961
0.044090
0.046803
0.047617
0.041295
0.042752
0.040346
0.039976
0.037539
0.041984
0.035135
0.034170
0.036481
0.033814
0.035478
0.034236
0.029473
0.034354
0.031069
0.032449
0.033134
0.030630
0.030562
0.028378
0.032156
0.027999
0.028228
0.025375
0.024936
0.027474
0.025625
0.027156
0.025187
0.027955
0.027539
0.024277
0.022232
0.017996
0.017930
0.019627
0.019540
0.016093
0.019155
0.020536
0.026659
0.022580
0.016230
0.020310
0.021557
0.017236
0.019389
0.017352
0.020190
0.023077
0.016024
0.014760
0.015879
0.011348
0.011920
0.011071
0.013417
0.011216
0.013905
0.012336
0.010893
0.012923
0.015448
0.015850
0.015694
0.011407
0.017166
0.011931
0.013436
0.015759
0.013400
0.011176
0.012807
0.013056
0.013793
0.016845
0.012161
0.020889
0.023230
0.019760
0.013548
0.018932
0.015725
0.011257
0.015455
0.013931
0.008895
0.010270
0.009125
0.008254
0.005137
0.008418
0.013039
0.006059
0.007585
0.020454
0.008217
0.009295
0.011291
0.009370
0.006872
0.006222
0.008773
0.012664
0.011371
0.013978
0.007404
0.009070
0.012010
0.007510
0.014921
0.007992
0.009895
0.012550
0.010464
0.013544
0.019619
0.013144
0.010379
0.009845
0.013367
0.005351
