0.071677
0.066822
0.064569
0.063108
0.062774
0.059120
0.060927
0.059577
0.060639
0.059122
0.054680
0.054914
0.054384
0.055257
0.053582
0.052834
0.052154
0.051733
0.056054
0.050212
0.045054
0.043810
0.048864
0.045206
0.042407
0.041053
0.038727
0.035034
0.034127
0.030712
0.031132
0.031058
0.028995
0.027177
0.026178
0.029071
0.022985
0.022681
0.021254
0.021587
0.022153
0.024290
0.017796
0.016506
0.016811
0.016880
0.015487
0.015045
0.020052
0.012553
0.010840
0.010480
0.009912
0.010583
0.010177
0.008309
0.013262
0.009626
0.010733
0.009440
0.008583
0.012412
0.009264
0.007755
0.007626
0.012941
0.016681
0.012065
0.008490
0.004527
0.005646
0.005332
0.007178
0.004485
0.017634
0.012968
0.010085
0.010054
0.005606
0.005479
0.013969
0.003691
0.007761
0.004318
0.005584
0.004570
0.003356
0.003238
0.007390
0.004823
0.002923
0.004842
0.003721
0.004391
0.002261
0.002326
0.004024
0.001381
0.002138
0.001579
0.001484
0.001990
0.001685
0.003166
0.000951
0.001788
0.003733
0.001476
0.001125
0.001500
0.002616
0.005673
0.001714
0.000772
0.000631
0.001921
0.000558
0.000903
0.001667
0.001204
0.000844
0.000589
0.000926
0.000735
0.001995
0.000761
0.000578
0.000937
0.000633
0.000850
0.000493
0.000445
0.001022
0.000472
0.000546
0.000624
0.000227
0.000298
0.000283
0.000326
0.000311
0.000609
0.000448
0.000280
0.000264
0.000398
0.000967
0.000486
0.000350
0.000566
