0.168252
0.082374
0.079656
0.074472
0.069549
0.067575
0.064710
0.064698
0.063364
0.063894
0.060753
0.060655
0.062912
0.062796
0.061975
0.060678
0.058852
0.057227
0.061330
0.060827
0.060659
0.059114
0.060609
0.057001
0.060269
0.058631
0.059307
0.056805
0.059574
0.059317
0.060428
0.057847
0.059071
0.055841
0.057827
0.059251
0.057783
0.057781
0.057476
0.057818
0.057521
0.056654
0.059625
0.058691
0.057132
0.059639
0.060177
0.057757
0.057985
0.059108
0.055915
0.054792
0.052615
0.054962
0.057111
0.054570
0.055416
0.054607
0.053781
0.053528
0.053082
0.053364
0.053632
0.054525
0.054562
0.054082
0.055130
0.052710
0.052421
0.052592
0.052624
0.050990
0.051114
0.049048
0.054937
0.047124
0.048584
0.048182
0.044494
0.046640
0.040962
0.046599
0.043461
0.044933
0.042902
0.041292
0.036460
0.039733
0.037811
0.035807
0.035734
0.034205
0.034507
0.036099
0.034442
0.035421
0.031657
0.029109
0.031748
0.032719
0.031241
0.030758
0.030526
0.027135
0.027879
0.030373
0.028176
0.028268
0.028141
0.028045
0.027631
0.028810
0.028334
0.028109
0.027469
0.027128
0.026689
0.024090
0.023589
0.024508
0.022614
0.024584
0.021396
0.022463
0.021812
0.022717
0.020996
0.021787
0.020562
0.022513
0.021458
0.020753
0.019101
0.017444
0.017541
0.015469
0.016957
0.016619
0.016790
0.016670
0.014592
0.016743
0.015128
0.014608
0.014911
0.014171
0.015513
0.014153
0.013424
0.015451
