0.210939
0.074300
0.071670
0.071670
0.071670
0.071670
0.071670
0.071670
0.070254
0.069927
0.069927
0.070605
0.070885
0.071023
0.069642
0.068944
0.068305
0.068667
0.067482
0.068997
0.067694
0.068481
0.068093
0.065829
0.066478
0.065432
0.066814
0.068467
0.068187
0.067191
0.067554
0.067805
0.067356
0.065846
0.067152
0.064611
0.066685
0.065345
0.064180
0.069577
0.063081
0.066167
0.067549
0.067404
0.066383
0.065817
0.064473
0.066653
0.066139
0.065748
0.063993
0.065818
0.063383
0.064979
0.062799
0.062506
0.059983
0.061449
0.060439
0.064432
0.059306
0.062029
0.059305
0.056226
0.058471
0.059259
0.056246
0.055545
0.058913
0.055867
0.057372
0.057095
0.054411
0.055036
0.055962
0.053869
0.056412
0.054098
0.051774
0.049748
0.049052
0.051439
0.050207
0.051452
0.051164
0.048209
0.053214
0.049744
0.048685
0.048815
0.049689
0.047726
0.046858
0.046755
0.045423
0.044547
0.046452
0.047725
0.043633
0.045658
0.042880
0.046642
0.044415
0.043338
0.042436
0.045790
0.046048
0.045653
0.041612
0.039805
0.041217
0.041983
0.039404
0.040732
0.040929
0.037572
0.038854
0.045046
0.037955
0.035136
0.034526
0.029670
0.034816
0.031314
0.038001
0.032222
0.036403
0.032269
0.032087
0.030755
0.028906
0.030685
0.030110
0.035348
0.030745
0.032410
0.029019
0.032447
0.029528
0.031055
0.028358
0.027677
0.027311
0.030105
0.028534
0.026781
0.027149
0.026574
0.024890
0.022537
