0.085761
0.071518
0.071601
0.071670
0.071670
0.070371
0.070231
0.070546
0.068826
0.070365
0.069550
0.067645
0.066654
0.067273
0.065307
0.065727
0.066145
0.066167
0.064947
0.065228
0.065510
0.063823
0.063360
0.062922
0.062417
0.062205
0.062254
0.062196
0.061768
0.061037
0.059870
0.060794
0.058576
0.058896
0.059538
0.057416
0.058702
0.056022
0.057526
0.058719
0.056310
0.056500
0.056620
0.055648
0.060889
0.057341
0.059973
0.056211
0.059271
0.055889
0.059168
0.054233
0.052991
0.052159
0.051756
0.061230
0.054276
0.053565
0.054489
0.051654
0.054012
0.052843
0.052748
0.051418
0.053067
0.054482
0.053350
0.053787
0.053584
0.051588
0.051919
0.050805
0.050361
0.052738
0.049783
0.048272
0.050498
0.047864
0.047851
0.048575
0.049853
0.049043
0.049543
0.046639
0.049569
0.050664
0.046122
0.048415
0.047880
0.047987
0.049972
0.048780
0.051298
0.048981
0.047758
0.047305
0.046801
0.046040
0.048920
0.052157
0.049427
0.048875
0.047477
0.046964
0.048550
0.047128
0.048623
0.048972
0.045455
0.047344
0.045105
0.048920
0.047179
0.048567
0.045365
0.049092
0.043714
0.045183
0.045397
0.046005
0.044430
0.043855
0.043159
0.043595
0.044283
0.041248
0.047600
0.045559
0.046396
0.040847
0.042033
0.045385
0.042548
0.040762
0.043412
0.043570
0.043605
0.048317
0.047020
0.049615
0.046975
0.050197
0.048335
0.051034
0.057245
0.051880
0.053211
0.058625
0.058861
0.059903
