0.112890
0.081699
0.068028
0.064855
0.059553
0.056927
0.058328
0.055228
0.053287
0.051857
0.054525
0.053139
0.051212
0.049562
0.044556
0.041605
0.037820
0.042094
0.037397
0.038742
0.034704
0.033929
0.033349
0.029165
0.030706
0.030240
0.029022
0.029646
0.028978
0.032906
0.028084
0.030611
0.028588
0.027906
0.025843
0.029540
0.026638
0.024114
0.024077
0.026809
0.023618
0.024238
0.023363
0.022798
0.022410
0.024586
0.022164
0.021045
0.023523
0.023583
0.024468
0.019734
0.019708
0.020913
0.020914
0.022482
0.022327
0.018715
0.019481
0.021425
0.018032
0.020128
0.016913
0.019652
0.018710
0.018415
0.016113
0.018727
0.017939
0.015677
0.014333
0.014202
0.013938
0.014270
0.016283
0.013841
0.014525
0.014354
0.013457
0.014543
0.013560
0.012773
0.012349
0.011390
0.013721
0.012256
0.011374
0.013974
0.011985
0.011409
0.011119
0.011384
0.011609
0.012293
0.010770
0.012214
0.012995
0.009970
0.012343
0.010733
0.009818
0.010274
0.009741
0.010928
0.011498
0.009404
0.010383
0.010619
0.009862
0.011920
0.010463
0.009582
0.009727
0.007974
0.008311
0.010394
0.008686
0.008729
0.007348
0.008009
0.008692
0.011162
0.008404
0.011150
0.007519
0.009528
0.007668
0.008370
0.008341
0.007887
0.008398
0.006134
0.006540
0.007869
0.007590
0.007496
0.007130
0.007446
0.008566
0.008517
0.007163
0.006269
0.007522
0.007333
0.006380
0.008409
0.006741
0.009084
0.007565
0.006033
