0.137281
0.093832
0.078047
0.068185
0.065586
0.058371
0.058985
0.054503
0.049656
0.050597
0.044024
0.044767
0.045731
0.042225
0.041573
0.040626
0.039089
0.039143
0.037539
0.039696
0.042683
0.038599
0.039440
0.040456
0.035922
0.037423
0.039679
0.036657
0.038753
0.039161
0.035651
0.038195
0.037204
0.036751
0.036985
0.032389
0.033031
0.035563
0.034621
0.033373
0.035775
0.035505
0.032396
0.031435
0.032065
0.033085
0.032844
0.030724
0.032904
0.031469
0.029300
0.032091
0.032324
0.032621
0.031196
0.029547
0.031948
0.031996
0.029619
0.031083
0.029335
0.027024
0.026801
0.024862
0.027083
0.024690
0.028606
0.025702
0.026300
0.024934
0.024455
0.022063
0.020485
0.021884
0.019609
0.020138
0.024820
0.022687
0.020173
0.019433
0.022066
0.019912
0.018696
0.019498
0.020646
0.018258
0.016140
0.019121
0.020178
0.017710
0.017923
0.017789
0.016832
0.019470
0.019149
0.017921
0.017247
0.016050
0.016769
0.018982
0.016271
0.018441
0.017867
0.018165
0.018580
0.017350
0.017425
0.015733
0.016854
0.015448
0.016517
0.016409
0.014401
0.015446
0.016331
0.014013
0.015289
0.013155
0.016695
0.014483
0.013453
0.014026
0.015092
0.013568
0.014139
0.013152
0.012876
0.014145
0.013276
0.012420
0.012258
0.012553
0.012302
0.013574
0.013209
0.011526
0.014955
0.011412
0.012048
0.012093
0.010426
0.011436
0.009247
0.010051
0.011524
0.010297
0.010794
0.009398
0.011073
0.012969
