0.404121
0.242995
0.213170
0.193208
0.118486
0.101728
0.106894
0.089916
0.088079
0.077101
0.071208
0.060580
0.058252
0.054607
0.052173
0.048854
0.046318
0.046122
0.040632
0.038531
0.034567
0.032489
0.029635
0.027935
0.028443
0.024143
0.023460
0.021456
0.018301
0.021160
0.018292
0.016585
0.014016
0.014478
0.012425
0.013470
0.011421
0.009732
0.010203
0.009777
0.008686
0.008080
0.008218
0.008473
0.007130
0.007397
0.007341
0.006986
0.006183
0.007477
0.006692
0.006203
0.005041
0.005777
0.004147
0.004160
0.005120
0.004218
0.004207
0.003698
0.003878
0.003697
0.003638
0.004360
0.003819
0.003564
0.003525
0.003917
0.003424
0.003425
0.003379
0.003078
0.003035
0.002917
0.003812
0.003643
0.003772
0.002890
0.002706
0.002846
0.002889
0.002707
0.003433
0.003385
0.003243
0.003278
0.002316
0.003361
0.003252
0.002319
0.002072
0.002528
0.001752
0.001805
0.001731
0.001782
0.001839
0.001893
0.002299
0.001632
0.001945
0.002308
0.001762
0.002407
0.001858
0.001494
0.002277
0.002125
0.001558
0.002046
0.001952
0.001866
0.001615
0.001574
0.002073
0.002122
0.002206
0.001499
0.001525
0.001516
0.001891
0.001953
0.001366
0.001554
0.001895
0.001849
0.001430
0.001366
0.001341
0.001250
0.001279
0.001314
0.001356
0.001444
0.001741
0.001840
0.001303
0.001259
0.001785
0.001244
0.001217
0.001714
0.001161
0.001724
0.001146
0.001208
0.001216
0.001680
0.001122
0.001137
