0.183402
0.091766
0.074612
0.068155
0.069282
0.069390
0.066056
0.064111
0.063316
0.063449
0.062237
0.062671
0.058149
0.059258
0.055823
0.057390
0.054884
0.050427
0.051406
0.049141
0.047139
0.040370
0.044294
0.042104
0.042019
0.041736
0.039572
0.039470
0.039221
0.038123
0.037760
0.035369
0.034818
0.032467
0.036255
0.032075
0.034156
0.032056
0.033217
0.030124
0.031631
0.029583
0.027902
0.029571
0.027589
0.029902
0.029249
0.027209
0.028221
0.030825
0.026921
0.027975
0.027890
0.025163
0.023968
0.023800
0.022501
0.025035
0.022779
0.021566
0.020105
0.020633
0.022132
0.022720
0.020079
0.018399
0.016153
0.014816
0.017195
0.013439
0.015253
0.013408
0.013759
0.012562
0.011986
0.012793
0.010112
0.011566
0.009296
0.010090
0.009858
0.009948
0.008408
0.007276
0.007969
0.007280
0.006598
0.005934
0.006446
0.005333
0.006101
0.005865
0.005115
0.005160
0.005165
0.004226
0.004428
0.003976
0.004575
0.003789
0.004411
0.003655
0.003454
0.003546
0.003670
0.004439
0.003681
0.004248
0.004384
0.003903
0.004346
0.003215
0.003605
0.002700
0.003640
0.002338
0.002278
0.003285
0.002451
0.003355
0.002280
0.002122
0.002808
0.001982
0.001989
0.002195
0.003019
0.002048
0.002164
0.002828
0.002861
0.002059
0.002078
0.002840
0.001956
0.002828
0.001968
0.001949
0.001817
0.002789
0.001983
0.001908
0.001811
0.002755
0.001724
0.002595
0.001674
0.001710
0.001679
0.001620
