0.443213
0.264807
0.240653
0.239325
0.148160
0.071597
0.109243
0.103791
0.088053
0.087927
0.082386
0.068840
0.060310
0.041128
0.040355
0.045130
0.042457
0.040507
0.034556
0.023447
0.033761
0.037118
0.024515
0.026701
0.030412
0.024352
0.024044
0.020831
0.023783
0.024608
0.017254
0.011749
0.014529
0.010630
0.016124
0.017792
0.017397
0.014967
0.009563
0.008847
0.011423
0.007960
0.010666
0.011693
0.009690
0.007235
0.012667
0.009713
0.008260
0.005598
0.007105
0.007202
0.005188
0.005631
0.003517
0.009930
0.004176
0.005223
0.003989
0.005913
0.003678
0.003122
0.004052
0.003114
0.002965
0.003528
0.003159
0.003309
0.001995
0.002463
0.001593
0.001472
0.001555
0.001371
0.001499
0.001175
0.002092
0.000871
0.001173
0.001880
0.001083
0.000976
0.001394
0.001239
0.002019
0.001115
0.002178
0.001636
0.000969
0.001512
0.001225
0.000979
0.001118
0.000557
0.001140
0.001199
0.000828
0.001737
0.000597
0.000873
0.001124
0.000670
0.000634
0.000847
0.000791
0.000557
0.000474
0.000413
0.000388
0.000298
0.000345
0.000411
0.000416
0.000361
0.000374
0.000296
0.000261
0.000333
0.000409
0.000374
0.000369
0.000261
0.000366
0.000257
0.000242
0.000393
0.000353
0.000407
0.000213
0.000342
0.000478
0.000395
0.000291
0.000415
0.000263
0.000234
0.000293
0.000183
0.000421
0.000329
0.000207
0.000259
0.000206
0.000194
0.000267
0.000138
0.000193
0.000281
0.000213
0.000187
