0.377637
0.083350
0.062597
0.062472
0.062478
0.062712
0.062361
0.059026
0.057956
0.057156
0.055560
0.055647
0.056176
0.054567
0.057786
0.056596
0.056313
0.058249
0.054014
0.053657
0.053717
0.053004
0.054577
0.052746
0.054747
0.052537
0.050983
0.053103
0.053500
0.053844
0.053424
0.053042
0.053226
0.053858
0.053742
0.053817
0.051971
0.051361
0.052876
0.053850
0.052931
0.052093
0.052732
0.052866
0.051924
0.052046
0.053570
0.052833
0.051011
0.052172
0.051892
0.052838
0.051850
0.052732
0.051862
0.053509
0.052694
0.051034
0.051838
0.053507
0.052692
0.052677
0.051849
0.052667
0.050205
0.052659
0.051838
0.052680
0.052660
0.053518
0.052654
0.052668
0.050148
0.052653
0.051815
0.052674
0.052654
0.052678
0.053503
0.052650
0.053509
0.052652
0.050965
0.051827
0.052646
0.051808
0.050976
0.051810
0.053489
0.050970
0.052647
0.051808
0.052647
0.052645
0.052644
0.051805
0.053482
0.052644
0.051806
0.053480
0.051809
0.052649
0.052648
0.051799
0.052648
0.053483
0.051807
0.052639
0.052648
0.053483
0.052640
0.051801
0.052643
0.052643
0.053479
0.052647
0.052638
0.053479
0.052646
0.053477
0.050962
0.052637
0.053479
0.052644
0.052637
0.052640
0.053480
0.052639
0.053478
0.051798
0.053476
0.053478
0.052640
0.053477
0.052643
0.051797
0.052643
0.051795
0.053507
0.052639
0.051804
0.052641
0.053485
0.051801
0.053477
0.053495
0.053480
0.052657
0.051837
0.052648
