0.250095
0.063774
0.062984
0.062391
0.061355
0.061556
0.060749
0.061494
0.060581
0.060384
0.059247
0.058998
0.057895
0.057899
0.057584
0.057877
0.059878
0.059529
0.060030
0.058746
0.060345
0.059104
0.059762
0.059503
0.058138
0.058647
0.054837
0.057672
0.056888
0.056846
0.056853
0.057976
0.057004
0.056746
0.055963
0.056299
0.056043
0.055444
0.056143
0.055061
0.055958
0.057105
0.057214
0.055686
0.056130
0.055282
0.054332
0.055525
0.054844
0.055312
0.053883
0.052745
0.053833
0.054806
0.054012
0.053798
0.052830
0.054591
0.053958
0.054551
0.053959
0.054045
0.054011
0.052891
0.053725
0.053738
0.050987
0.053448
0.053194
0.053185
0.053458
0.054787
0.052993
0.052647
0.053174
0.053128
0.053683
0.050773
0.052850
0.053910
0.052300
0.053421
0.053671
0.052997
0.052041
0.051777
0.051779
0.052498
0.052529
0.051215
0.052792
0.052623
0.051164
0.052381
0.052820
0.052605
0.051556
0.051536
0.052478
0.052989
0.051623
0.051535
0.052217
0.050061
0.052252
0.051575
0.053089
0.051648
0.052500
0.052893
0.052472
0.052066
0.051317
0.052804
0.051492
0.052297
0.050565
0.051893
0.052400
0.051071
0.048564
0.050182
0.049713
0.047446
0.047072
0.048721
0.049300
0.048134
0.054212
0.051969
0.049197
0.049402
0.049281
0.047768
0.045557
0.047715
0.044949
0.045229
0.045651
0.045249
0.043319
0.045876
0.043381
0.042369
0.043005
0.041084
0.044319
0.043412
0.042886
0.043523
