0.150000
0.205000
0.175000
0.175000
0.175000
0.175000
0.175000
0.200000
0.200000
0.235000
0.250000
0.335000
0.340000
0.325000
0.365000
0.380000
0.380000
0.240000
0.210000
0.265000
0.215000
0.240000
0.275000
0.250000
0.290000
0.260000
0.295000
0.290000
0.295000
0.300000
0.295000
0.295000
0.305000
0.305000
0.305000
0.300000
0.310000
0.300000
0.305000
0.295000
0.295000
0.315000
0.305000
0.310000
0.315000
0.315000
0.310000
0.320000
0.310000
0.320000
0.315000
0.320000
0.310000
0.305000
0.325000
0.320000
0.320000
0.325000
0.320000
0.320000
0.330000
0.330000
0.330000
0.330000
0.330000
0.330000
0.320000
0.225000
0.305000
0.325000
0.325000
0.315000
0.325000
0.330000
0.330000
0.330000
0.330000
0.325000
0.335000
0.325000
0.325000
0.335000
0.335000
0.330000
0.335000
0.335000
0.335000
0.325000
0.320000
0.335000
0.330000
0.335000
0.335000
0.335000
0.335000
0.335000
0.335000
0.335000
0.335000
0.335000
0.335000
0.335000
0.335000
0.335000
0.335000
0.330000
0.335000
0.335000
0.330000
0.335000
0.335000
0.335000
0.335000
0.335000
0.335000
0.335000
0.335000
0.335000
0.335000
0.335000
0.335000
0.335000
0.335000
0.335000
0.335000
0.335000
0.335000
0.335000
0.335000
0.335000
0.335000
0.335000
0.335000
0.335000
0.335000
0.335000
0.335000
0.335000
0.335000
0.335000
0.335000
0.335000
0.335000
0.335000
0.335000
0.335000
0.335000
0.335000
0.335000
0.335000
