0.079202
0.070686
0.071670
0.071120
0.070557
0.071670
0.070839
0.070560
0.069745
0.069829
0.068678
0.068678
0.069878
0.068944
0.069316
0.069671
0.069357
0.069927
0.069431
0.066236
0.065402
0.066317
0.064697
0.060609
0.059683
0.059281
0.058181
0.056729
0.056839
0.056065
0.056614
0.055158
0.056349
0.056285
0.051569
0.052938
0.051853
0.051728
0.051424
0.050803
0.048615
0.048487
0.049196
0.049036
0.049096
0.048687
0.048396
0.046928
0.046019
0.050113
0.047099
0.045236
0.041846
0.042622
0.046100
0.043929
0.044670
0.043562
0.040170
0.040051
0.042199
0.042163
0.041940
0.040968
0.041844
0.041915
0.043697
0.045144
0.041727
0.041607
0.041861
0.042885
0.039894
0.041367
0.040008
0.039494
0.041874
0.039499
0.039306
0.040286
0.038505
0.037820
0.037079
0.039883
0.038416
0.037702
0.035616
0.038930
0.036751
0.037430
0.037606
0.036967
0.038209
0.037257
0.037752
0.039671
0.036410
0.034795
0.035218
0.038812
0.038036
0.038108
0.038557
0.036790
0.037087
0.037121
0.038441
0.037625
0.035774
0.036170
0.035818
0.038993
0.036553
0.037249
0.036428
0.037575
0.035547
0.033452
0.035964
0.036606
0.034760
0.036436
0.034779
0.034080
0.037219
0.035355
0.034723
0.036990
0.036077
0.034472
0.035340
0.035251
0.036066
0.035096
0.035151
0.034388
0.033982
0.035611
0.038645
0.035904
0.037306
0.039250
0.032686
0.034543
0.033909
0.031899
0.032658
0.033390
0.030572
0.034616
