0.069772
0.067801
0.066882
0.062951
0.063429
0.062330
0.060965
0.059760
0.059804
0.061225
0.061364
0.061120
0.058312
0.056342
0.055166
0.057614
0.056890
0.056241
0.053963
0.053952
0.053261
0.052506
0.050549
0.051041
0.049849
0.050272
0.049468
0.050007
0.048302
0.048953
0.046778
0.045161
0.046380
0.045848
0.042042
0.042741
0.041251
0.041572
0.042443
0.039571
0.037016
0.039584
0.038151
0.036595
0.038457
0.035783
0.036750
0.035192
0.034092
0.032285
0.031050
0.030194
0.031374
0.029507
0.030037
0.028249
0.027903
0.029396
0.026247
0.024358
0.027327
0.025579
0.024990
0.023599
0.022612
0.021591
0.021212
0.019636
0.021943
0.019290
0.019690
0.018347
0.018628
0.016387
0.017981
0.018468
0.017855
0.017449
0.016047
0.017367
0.017573
0.016967
0.016168
0.015204
0.014286
0.014733
0.014154
0.014473
0.014406
0.014993
0.015291
0.015100
0.014577
0.013170
0.014376
0.011831
0.012280
0.012547
0.013051
0.011826
0.013103
0.011834
0.010978
0.011559
0.011540
0.011959
0.011262
0.010302
0.010802
0.012259
0.010744
0.010598
0.010981
0.010045
0.010404
0.011612
0.009915
0.010948
0.010613
0.010090
0.012112
0.010107
0.010780
0.011421
0.009419
0.010011
0.009770
0.009838
0.009466
0.010352
0.009964
0.010011
0.009530
0.009325
0.009113
0.008093
0.009119
0.008963
0.008513
0.009278
0.009571
0.009855
0.008885
0.008805
0.007941
0.007691
0.008302
0.008483
0.007541
0.007934
