0.077568
0.066463
0.063428
0.062333
0.062271
0.061759
0.057810
0.058073
0.056537
0.054507
0.054010
0.054690
0.058250
0.055481
0.054764
0.053230
0.055471
0.053282
0.050854
0.054470
0.053067
0.048446
0.050139
0.050144
0.052756
0.049705
0.050267
0.050673
0.050273
0.048373
0.048084
0.048336
0.049439
0.046097
0.044990
0.045022
0.045877
0.044465
0.042720
0.041776
0.041605
0.040631
0.037984
0.039615
0.036779
0.035837
0.036609
0.035647
0.035913
0.034286
0.034559
0.034278
0.032244
0.030776
0.029478
0.027812
0.032119
0.027013
0.025479
0.027232
0.026013
0.027280
0.024569
0.020907
0.021294
0.021223
0.021616
0.021560
0.019590
0.020326
0.019707
0.017747
0.019314
0.021337
0.019243
0.017722
0.017743
0.017962
0.016832
0.016487
0.016716
0.016490
0.016835
0.019044
0.017502
0.018990
0.015938
0.015163
0.016144
0.016119
0.016250
0.014158
0.013679
0.014708
0.013841
0.014410
0.013888
0.014210
0.014089
0.013698
0.013667
0.014857
0.013723
0.013661
0.012381
0.013680
0.012901
0.013220
0.012197
0.012229
0.011339
0.011537
0.011752
0.012019
0.010983
0.012057
0.012769
0.011829
0.011808
0.012734
0.012760
0.011909
0.011950
0.011582
0.012430
0.012059
0.011482
0.011623
0.010298
0.010430
0.011423
0.011007
0.010281
0.011104
0.008863
0.009599
0.009625
0.009905
0.009418
0.009063
0.009995
0.010184
0.009510
0.009703
0.009963
0.011721
0.010690
0.011458
0.010731
0.009456
