0.116474
0.091685
0.080443
0.064214
0.066857
0.068335
0.066673
0.063143
0.060315
0.057375
0.060417
0.054778
0.058631
0.054395
0.054837
0.053110
0.051230
0.045939
0.047905
0.047186
0.044197
0.044482
0.045294
0.042987
0.043245
0.040194
0.043284
0.039535
0.037138
0.038844
0.038164
0.037978
0.037296
0.045484
0.038905
0.041866
0.038603
0.039961
0.040137
0.038916
0.041926
0.039063
0.037684
0.033196
0.042411
0.037620
0.038907
0.040081
0.036867
0.037545
0.037258
0.037041
0.037241
0.032928
0.033264
0.040379
0.038220
0.036302
0.035242
0.034668
0.037402
0.036518
0.033507
0.031000
0.029622
0.030067
0.032156
0.031118
0.029539
0.033406
0.034773
0.032036
0.034554
0.030459
0.034424
0.028194
0.028155
0.024592
0.029861
0.027944
0.033270
0.031749
0.026918
0.026611
0.026439
0.029012
0.027895
0.026543
0.029585
0.026115
0.027062
0.026417
0.029692
0.033732
0.027077
0.029193
0.028838
0.030030
0.032737
0.029867
0.028436
0.031107
0.029411
0.025132
0.029843
0.035181
0.027680
0.030332
0.023993
0.024623
0.030286
0.025570
0.026912
0.026210
0.025810
0.018516
0.029237
0.021564
0.024048
0.019720
0.025551
0.016708
0.019334
0.018513
0.019399
0.019918
0.021011
0.022945
0.024971
0.028628
0.020179
0.025355
0.016610
0.017320
0.019796
0.028376
0.016342
0.033717
0.040099
0.026650
0.034656
0.033516
0.032506
0.023674
0.029665
0.036363
0.017457
0.030290
0.019820
0.021985
