0.116260
0.076653
0.068769
0.070950
0.070336
0.066726
0.062362
0.065535
0.065962
0.062601
0.062773
0.062313
0.063508
0.062241
0.060230
0.064738
0.059319
0.058263
0.058083
0.057532
0.056502
0.056216
0.059104
0.057925
0.057678
0.055827
0.061999
0.060624
0.054793
0.055235
0.058728
0.057045
0.056157
0.053800
0.056030
0.058525
0.057234
0.057482
0.054482
0.053135
0.057841
0.054409
0.053310
0.054371
0.056199
0.053556
0.056141
0.052431
0.055251
0.060326
0.055101
0.057622
0.057350
0.055445
0.053444
0.051516
0.060108
0.053966
0.054014
0.050745
0.049372
0.052764
0.047703
0.044751
0.047298
0.045063
0.047886
0.049917
0.042458
0.046291
0.046104
0.049848
0.041435
0.043567
0.042673
0.048656
0.046284
0.043846
0.043396
0.041543
0.044709
0.038311
0.041621
0.043522
0.045441
0.040735
0.041951
0.040967
0.039846
0.038881
0.040640
0.041064
0.044122
0.038976
0.047047
0.035780
0.049632
0.036047
0.049523
0.041587
0.041120
0.040239
0.037182
0.036588
0.040959
0.036889
0.034429
0.048968
0.035172
0.036967
0.032456
0.037607
0.034125
0.032983
0.039552
0.036738
0.034017
0.033186
0.030870
0.033335
0.033887
0.027356
0.023711
0.032840
0.026938
0.022730
0.025627
0.034860
0.023876
0.026361
0.024037
0.024880
0.031791
0.027361
0.030207
0.031644
0.038435
0.024946
0.029267
0.033708
0.035789
0.027149
0.030432
0.033458
0.030223
0.026230
0.025849
0.024223
0.033047
0.025942
