0.103794
0.076645
0.071682
0.075503
0.058410
0.049345
0.043913
0.034196
0.036307
0.034262
0.027353
0.026542
0.020189
0.021780
0.018069
0.019923
0.016596
0.013972
0.011967
0.012266
0.010444
0.008849
0.009467
0.007425
0.006273
0.005992
0.005074
0.004188
0.003670
0.002408
0.001850
0.003015
0.002084
0.001343
0.001816
0.002276
0.000951
0.001342
0.001774
0.001552
0.001023
0.001852
0.006715
0.001873
0.003458
0.000927
0.001864
0.001651
0.002593
0.000829
0.014803
0.014271
0.024293
0.004330
0.012200
0.010250
0.003519
0.008887
0.002597
0.004129
0.002892
0.004437
0.007799
0.003607
0.000994
0.002098
0.002710
0.001788
0.000606
0.000270
0.001453
0.000498
0.000285
0.000274
0.000139
0.000465
0.000227
0.000260
0.000124
0.000143
0.000129
0.000207
0.000130
0.000178
0.000280
0.000084
0.000124
0.000066
0.000071
0.000056
0.000043
0.000049
0.000064
0.000062
0.000117
0.000067
0.000065
0.000050
0.000050
0.000053
0.000046
0.000053
0.000038
0.000080
0.000081
0.000032
0.000057
0.000058
0.000040
0.000035
0.000028
0.000035
0.000039
0.000065
0.000043
0.000026
0.000042
0.000038
0.000027
0.000035
0.000030
0.000022
0.000016
0.000014
0.000020
0.000023
0.000017
0.000037
0.000030
0.000025
0.000020
0.000019
0.000014
0.000016
0.000024
0.000033
0.000013
0.000015
0.000016
0.000020
0.000012
0.000012
0.000013
0.000013
0.000016
0.000017
0.000017
0.000012
0.000012
0.000013
