0.095027
0.076158
0.071041
0.069002
0.066813
0.065817
0.062506
0.057069
0.057408
0.050870
0.048044
0.044897
0.041109
0.038931
0.040350
0.039215
0.035850
0.035681
0.026822
0.032396
0.024370
0.014513
0.014671
0.015715
0.011790
0.009781
0.012620
0.007943
0.006894
0.007261
0.004594
0.003140
0.003785
0.004092
0.002464
0.002301
0.004469
0.001995
0.001288
0.001436
0.001410
0.001211
0.001206
0.001117
0.000878
0.000566
0.000763
0.000391
0.000456
0.000365
0.000366
0.000266
0.000276
0.000420
0.000431
0.000225
0.000257
0.000261
0.000190
0.000263
0.000193
0.000193
0.000315
0.000258
0.000114
0.000114
0.000181
0.000106
0.000132
0.000126
0.000132
0.000302
0.000225
0.000121
0.000131
0.000132
0.000088
0.000206
0.000118
0.000141
0.000146
0.000068
0.000060
0.000064
0.000069
0.000085
0.000061
0.000041
0.000050
0.000049
0.000036
0.000033
0.000039
0.000036
0.000042
0.000049
0.000045
0.000049
0.000041
0.000034
0.000032
0.000059
0.000044
0.000029
0.000023
0.000033
0.000034
0.000048
0.000025
0.000017
0.000023
0.000016
0.000018
0.000020
0.000017
0.000018
0.000027
0.000017
0.000015
0.000010
0.000067
0.000010
0.000016
0.000023
0.000042
0.000012
0.000012
0.000009
0.000010
0.000010
0.000009
0.000005
0.000008
0.000009
0.000014
0.000009
0.000004
0.000004
0.000058
0.000006
0.000007
0.000009
0.000023
0.000012
0.000029
0.000012
0.000010
0.000006
0.000006
0.000005
