0.093589
0.072874
0.073752
0.068172
0.066229
0.063498
0.065768
0.066983
0.063002
0.063595
0.064762
0.062851
0.061911
0.062044
0.061829
0.060846
0.057782
0.058954
0.061066
0.058855
0.056487
0.054904
0.054604
0.055627
0.052781
0.051195
0.050366
0.048043
0.048938
0.052179
0.046098
0.045005
0.047932
0.047489
0.044610
0.042293
0.044714
0.044432
0.043824
0.043110
0.042072
0.041093
0.041003
0.039783
0.041694
0.041984
0.037541
0.039673
0.038900
0.037549
0.038270
0.037518
0.035754
0.037465
0.038708
0.035688
0.034487
0.034734
0.032495
0.034096
0.030647
0.032560
0.031009
0.031856
0.032738
0.033546
0.032007
0.033181
0.030458
0.029951
0.030616
0.028591
0.027638
0.030325
0.030778
0.030622
0.027591
0.030544
0.029530
0.024311
0.027727
0.026737
0.025810
0.028786
0.025213
0.025994
0.028200
0.025503
0.024546
0.027481
0.026469
0.026641
0.025923
0.027199
0.024761
0.027967
0.028936
0.026707
0.026146
0.026985
0.025918
0.025726
0.025744
0.025100
0.025224
0.025193
0.025124
0.027043
0.025992
0.027184
0.025220
0.027218
0.022775
0.022939
0.025404
0.023423
0.023175
0.025250
0.022161
0.021645
0.023318
0.022168
0.023573
0.019852
0.021260
0.017902
0.018260
0.017836
0.015292
0.013748
0.013548
0.014108
0.012221
0.012385
0.011092
0.009811
0.010471
0.009214
0.010666
0.008346
0.008965
0.008441
0.009831
0.009204
0.009132
0.009016
0.008126
0.007289
0.007395
0.006923
