0.085731
0.071650
0.072161
0.071670
0.071302
0.071206
0.070713
0.069220
0.070045
0.071399
0.073275
0.071597
0.071062
0.070630
0.071058
0.071946
0.069793
0.070642
0.070280
0.069584
0.070268
0.070430
0.065225
0.069446
0.070031
0.066696
0.064416
0.066748
0.066953
0.068000
0.066170
0.059860
0.065552
0.063923
0.068767
0.066717
0.064993
0.065296
0.064589
0.066346
0.064107
0.063940
0.064334
0.061369
0.065203
0.061719
0.061804
0.061239
0.061733
0.057610
0.059852
0.065309
0.058874
0.055523
0.061103
0.057781
0.054093
0.065487
0.054515
0.057930
0.059942
0.066039
0.059290
0.061279
0.058430
0.058918
0.046831
0.053673
0.061366
0.051187
0.050944
0.045624
0.046350
0.051056
0.049706
0.056567
0.047814
0.047920
0.051390
0.041123
0.045084
0.051648
0.052090
0.049908
0.051797
0.051598
0.045847
0.045240
0.039693
0.041992
0.048717
0.041316
0.041062
0.041369
0.040843
0.047467
0.042416
0.038665
0.045912
0.047458
0.030837
0.045234
0.037522
0.037989
0.038546
0.037021
0.034591
0.034461
0.039966
0.032639
0.034985
0.027551
0.030713
0.029577
0.029491
0.028065
0.029618
0.033181
0.029070
0.030418
0.035607
0.024094
0.035277
0.033677
0.028111
0.031809
0.028615
0.032219
0.034979
0.032735
0.038780
0.033974
0.034076
0.034655
0.038183
0.036103
0.039249
0.026604
0.031012
0.032411
0.030720
0.035786
0.027644
0.024036
0.021390
0.022223
0.017029
0.026377
0.023956
0.022223
