0.142101
0.084151
0.071084
0.072387
0.070306
0.068785
0.066919
0.067260
0.066154
0.066076
0.065413
0.065561
0.064480
0.064738
0.061782
0.063027
0.059984
0.059882
0.061029
0.062588
0.059172
0.056155
0.055848
0.057084
0.056854
0.056362
0.055786
0.057173
0.057622
0.053588
0.052896
0.056232
0.053533
0.055247
0.053068
0.053811
0.053496
0.053926
0.054548
0.054650
0.052196
0.051857
0.051738
0.052965
0.053039
0.050642
0.050370
0.046344
0.045840
0.045788
0.047058
0.049027
0.041862
0.041761
0.041235
0.043049
0.039525
0.038607
0.037973
0.035751
0.037708
0.038546
0.029509
0.032177
0.030851
0.034696
0.031447
0.030633
0.031564
0.030349
0.028098
0.025813
0.034600
0.029364
0.029047
0.028259
0.031447
0.027869
0.033236
0.029635
0.028082
0.028125
0.029533
0.028183
0.028607
0.025128
0.021554
0.026548
0.020982
0.022909
0.021528
0.022610
0.022506
0.022856
0.020306
0.022477
0.018293
0.019778
0.021674
0.015526
0.016298
0.018697
0.017277
0.018908
0.020145
0.020589
0.018013
0.018634
0.019030
0.019301
0.021386
0.019673
0.017419
0.015519
0.016024
0.019112
0.017938
0.021341
0.019235
0.025818
0.021457
0.027484
0.018961
0.016636
0.015402
0.012578
0.029836
0.025445
0.016202
0.013794
0.014141
0.009481
0.014142
0.010372
0.008328
0.008953
0.008356
0.005847
0.014684
0.006704
0.006645
0.004392
0.007066
0.003509
0.005736
0.006943
0.007293
0.004995
0.006596
0.003185
