0.201738
0.134428
0.123616
0.111312
0.084874
0.093951
0.086820
0.081891
0.073327
0.074715
0.061124
0.059215
0.062376
0.055857
0.056623
0.053121
0.045436
0.046656
0.046453
0.039843
0.044174
0.039999
0.041047
0.038361
0.037761
0.040807
0.030398
0.031404
0.031113
0.030834
0.028033
0.032658
0.023956
0.026083
0.021965
0.020366
0.023622
0.019620
0.018954
0.016557
0.017447
0.017650
0.016085
0.012775
0.017923
0.013914
0.017158
0.011116
0.014171
0.009177
0.010441
0.008324
0.009897
0.009620
0.006700
0.006533
0.007526
0.007287
0.008436
0.006548
0.006381
0.005196
0.004075
0.004990
0.004443
0.004535
0.004809
0.003921
0.003982
0.002441
0.003671
0.002550
0.002736
0.001960
0.002710
0.002296
0.001557
0.002368
0.002436
0.001598
0.001481
0.001800
0.001317
0.001188
0.001423
0.000975
0.001428
0.001188
0.000882
0.000819
0.000754
0.000707
0.000508
0.001077
0.000872
0.000512
0.000737
0.000487
0.000574
0.000592
0.001771
0.003994
0.002053
0.001610
0.006013
0.004626
0.002738
0.001282
0.001769
0.001165
0.001961
0.000941
0.000814
0.001434
0.000885
0.000881
0.000374
0.000541
0.000588
0.000591
0.000481
0.001457
0.000717
0.000323
0.000621
0.000380
0.000201
0.000235
0.000560
0.000549
0.000287
0.000165
0.000196
0.000370
0.000393
0.000293
0.000157
0.000247
0.000269
0.000193
0.000180
0.000119
0.000214
0.000167
0.000196
0.000282
0.000148
0.000153
0.000097
0.000252
