0.165000
0.180000
0.240000
0.230000
0.245000
0.250000
0.245000
0.265000
0.265000
0.265000
0.275000
0.260000
0.275000
0.280000
0.270000
0.280000
0.270000
0.280000
0.295000
0.285000
0.255000
0.290000
0.275000
0.280000
0.285000
0.285000
0.285000
0.295000
0.300000
0.290000
0.300000
0.295000
0.305000
0.295000
0.305000
0.295000
0.315000
0.300000
0.310000
0.300000
0.310000
0.310000
0.320000
0.315000
0.310000
0.320000
0.315000
0.320000
0.265000
0.305000
0.290000
0.310000
0.315000
0.315000
0.320000
0.320000
0.320000
0.305000
0.315000
0.320000
0.320000
0.325000
0.320000
0.315000
0.325000
0.315000
0.325000
0.320000
0.320000
0.320000
0.320000
0.325000
0.325000
0.320000
0.325000
0.325000
0.325000
0.320000
0.325000
0.325000
0.325000
0.325000
0.325000
0.320000
0.325000
0.325000
0.320000
0.325000
0.325000
0.320000
0.325000
0.325000
0.325000
0.325000
0.320000
0.325000
0.325000
0.325000
0.325000
0.325000
0.325000
0.300000
0.295000
0.315000
0.320000
0.325000
0.320000
0.325000
0.320000
0.310000
0.310000
0.310000
0.325000
0.325000
0.320000
0.325000
0.325000
0.325000
0.325000
0.325000
0.325000
0.325000
0.325000
0.325000
0.325000
0.325000
0.325000
0.325000
0.325000
0.325000
0.325000
0.325000
0.325000
0.325000
0.325000
0.325000
0.325000
0.325000
0.325000
0.325000
0.325000
0.325000
0.325000
0.325000
0.325000
0.325000
0.325000
0.325000
0.325000
0.325000
