0.122119
0.091855
0.072184
0.071828
0.071670
0.071679
0.068617
0.069077
0.067880
0.067696
0.065485
0.066819
0.066597
0.067309
0.066735
0.065467
0.067818
0.067495
0.066550
0.065209
0.065115
0.064745
0.066120
0.065786
0.068504
0.065142
0.064754
0.063618
0.066051
0.064141
0.065042
0.064598
0.070970
0.065560
0.065386
0.064033
0.066146
0.067188
0.068559
0.064363
0.066343
0.065738
0.063971
0.063500
0.065522
0.062699
0.064418
0.062931
0.066645
0.067417
0.066031
0.066385
0.067312
0.066929
0.064259
0.066871
0.062713
0.065449
0.063235
0.070559
0.062662
0.063572
0.064330
0.066545
0.064051
0.062547
0.062941
0.061549
0.061776
0.063245
0.061836
0.062798
0.059665
0.060669
0.061457
0.061013
0.065513
0.060006
0.060849
0.060162
0.063107
0.060122
0.058736
0.058680
0.061296
0.057080
0.061962
0.056959
0.062674
0.057471
0.063679
0.064311
0.061199
0.061009
0.058122
0.059674
0.059871
0.061586
0.060639
0.059948
0.060503
0.063966
0.060749
0.062429
0.060995
0.063714
0.059764
0.057895
0.060083
0.058020
0.058424
0.059568
0.076010
0.057719
0.063298
0.066679
0.067116
0.064884
0.059606
0.055682
0.060321
0.057724
0.058542
0.061961
0.057542
0.060472
0.056932
0.061499
0.055707
0.059200
0.058774
0.056698
0.059234
0.058588
0.060375
0.056079
0.056921
0.059558
0.056539
0.055279
0.061938
0.054602
0.049895
0.060297
0.050659
0.051731
0.049380
0.059323
0.053190
0.053284
