0.128237
0.101528
0.089619
0.079396
0.082667
0.076821
0.069483
0.068903
0.068629
0.063561
0.066710
0.071541
0.064005
0.063401
0.064241
0.066105
0.066028
0.064842
0.066806
0.061163
0.062075
0.060661
0.061418
0.057049
0.061473
0.060945
0.058874
0.059299
0.052492
0.057191
0.054061
0.056674
0.054353
0.058843
0.055400
0.056710
0.058499
0.055492
0.053509
0.053463
0.055738
0.054258
0.053505
0.053141
0.055745
0.049804
0.051582
0.045933
0.054346
0.057174
0.051421
0.045744
0.047798
0.053254
0.046498
0.043097
0.045715
0.048001
0.049182
0.043892
0.048541
0.045834
0.047511
0.046542
0.044045
0.039515
0.053277
0.040809
0.042649
0.052325
0.039124
0.044505
0.036979
0.041538
0.049724
0.053959
0.060778
0.042533
0.068895
0.048171
0.055920
0.064566
0.043461
0.054629
0.052384
0.048425
0.057924
0.046997
0.053152
0.044108
0.047511
0.040587
0.044031
0.040827
0.040427
0.044081
0.046098
0.048735
0.046432
0.041321
0.043819
0.040911
0.036579
0.043993
0.042997
0.041496
0.039998
0.039395
0.041179
0.045970
0.034177
0.043780
0.033227
0.047613
0.038779
0.035311
0.034181
0.045253
0.039205
0.036497
0.039934
0.035541
0.043759
0.035245
0.036401
0.039187
0.048403
0.034265
0.046444
0.052433
0.043956
0.043775
0.029028
0.033034
0.036603
0.026758
0.028768
0.032327
0.039379
0.044120
0.027688
0.028196
0.032408
0.029164
0.038164
0.028107
0.041232
0.034092
0.032265
0.020842
