0.090234
0.078879
0.076186
0.072113
0.065167
0.059456
0.062417
0.062414
0.061501
0.055098
0.056816
0.059749
0.055781
0.058226
0.059632
0.051658
0.048119
0.051621
0.045372
0.049530
0.049089
0.048502
0.049107
0.046760
0.047960
0.043278
0.046481
0.046866
0.042714
0.040371
0.038035
0.039969
0.037367
0.033106
0.034372
0.033806
0.033129
0.036529
0.034077
0.035132
0.032013
0.029958
0.030355
0.030682
0.027757
0.032662
0.031134
0.030189
0.030600
0.024503
0.028635
0.026315
0.027082
0.024294
0.023787
0.022349
0.026006
0.023713
0.022499
0.023127
0.024111
0.020093
0.021417
0.022254
0.018580
0.020625
0.019516
0.015885
0.019304
0.021113
0.018386
0.017651
0.018858
0.020655
0.014613
0.018183
0.019364
0.020107
0.016920
0.018496
0.017324
0.014682
0.014608
0.011526
0.011824
0.011533
0.020058
0.014365
0.012316
0.018757
0.020186
0.021650
0.011260
0.022384
0.013786
0.020909
0.014587
0.018437
0.014720
0.011983
0.011636
0.010882
0.009576
0.008610
0.009971
0.010070
0.009515
0.010980
0.009941
0.009157
0.010923
0.012264
0.009512
0.010992
0.010779
0.008251
0.010550
0.007202
0.007530
0.012922
0.011527
0.012088
0.008882
0.016314
0.008696
0.006879
0.005363
0.006110
0.013236
0.009865
0.011733
0.009748
0.008637
0.012445
0.006844
0.007075
0.006150
0.011659
0.007531
0.006424
0.003940
0.004387
0.006196
0.004601
0.005598
0.005684
0.004468
0.004051
0.003541
0.003943
