0.129886
0.072680
0.073520
0.071828
0.071670
0.071670
0.071828
0.071670
0.071670
0.071670
0.071670
0.071276
0.071713
0.072296
0.071158
0.072108
0.070839
0.070445
0.070415
0.069751
0.070498
0.068851
0.069441
0.067448
0.066131
0.069248
0.065636
0.066401
0.066807
0.065362
0.069417
0.066772
0.069441
0.068000
0.065316
0.067455
0.066938
0.061860
0.067329
0.062679
0.062969
0.061672
0.063226
0.062308
0.059968
0.060439
0.059087
0.060151
0.059421
0.058346
0.057581
0.060547
0.056245
0.056702
0.056582
0.058694
0.057446
0.055883
0.056952
0.053979
0.054555
0.054103
0.051464
0.055238
0.053910
0.052968
0.049570
0.052108
0.054955
0.051495
0.051522
0.049555
0.048730
0.052433
0.048245
0.051444
0.047890
0.048721
0.044900
0.048272
0.049206
0.048637
0.048305
0.047700
0.049365
0.046746
0.048265
0.048848
0.047023
0.043039
0.044553
0.046151
0.049052
0.044044
0.042722
0.038524
0.042515
0.040875
0.040158
0.038190
0.035762
0.037520
0.036822
0.040122
0.036785
0.039213
0.038521
0.038475
0.036349
0.038970
0.036825
0.036547
0.037281
0.037767
0.033716
0.034899
0.035727
0.033256
0.035145
0.035446
0.035407
0.033764
0.034771
0.032509
0.033590
0.031805
0.029517
0.030460
0.032898
0.036707
0.033518
0.029355
0.025373
0.028979
0.047675
0.040965
0.045978
0.048636
0.044188
0.047581
0.043693
0.052488
0.044026
0.044807
0.040179
0.040410
0.036390
0.034348
0.046332
0.035127
