0.073474
0.068710
0.068605
0.065381
0.062954
0.065822
0.063263
0.066792
0.059608
0.063519
0.057137
0.055064
0.050796
0.053395
0.049418
0.042782
0.046171
0.048526
0.041687
0.042007
0.041421
0.041499
0.041951
0.036386
0.034191
0.034225
0.030530
0.032899
0.030601
0.028966
0.028575
0.026451
0.025232
0.026416
0.026127
0.028135
0.025232
0.021494
0.024556
0.031058
0.021566
0.023869
0.020034
0.021787
0.018392
0.020795
0.016811
0.016483
0.016099
0.013578
0.017159
0.012503
0.015392
0.015184
0.012991
0.021579
0.016850
0.024850
0.018966
0.015869
0.016690
0.019721
0.016636
0.009265
0.011953
0.015914
0.009221
0.011164
0.008320
0.007704
0.008534
0.007184
0.010129
0.005604
0.009478
0.007307
0.009385
0.009621
0.011291
0.006699
0.010198
0.007777
0.006767
0.010859
0.009667
0.010311
0.011953
0.008068
0.007356
0.008392
0.005762
0.011746
0.009342
0.010963
0.010320
0.006959
0.005142
0.008863
0.003426
0.009109
0.006268
0.003189
0.008955
0.003780
0.004803
0.012980
0.008278
0.010219
0.015147
0.005617
0.006083
0.011525
0.010946
0.017443
0.025087
0.028866
0.015658
0.008962
0.011213
0.016786
0.009863
0.009749
0.006571
0.012040
0.009743
0.006235
0.009288
0.009314
0.008678
0.005724
0.006941
0.005422
0.005563
0.008399
0.004050
0.006344
0.004832
0.003789
0.005815
0.006906
0.005535
0.010179
0.002130
0.007677
0.003242
0.006978
0.004517
0.006006
0.002087
0.002337
