0.073452
0.070776
0.071905
0.069083
0.070466
0.071392
0.066864
0.067890
0.065163
0.064277
0.060901
0.064157
0.061392
0.055635
0.050820
0.047397
0.045292
0.050208
0.045485
0.042209
0.040125
0.037139
0.039167
0.034295
0.037903
0.031652
0.034749
0.034762
0.030826
0.026790
0.031129
0.026396
0.028765
0.029728
0.028248
0.026180
0.021551
0.021491
0.024623
0.022453
0.022527
0.015732
0.016431
0.013460
0.017481
0.016660
0.014081
0.016158
0.015627
0.019703
0.026709
0.012000
0.021115
0.012071
0.014168
0.026755
0.015466
0.012707
0.011433
0.021401
0.020222
0.033012
0.027957
0.011172
0.016238
0.009213
0.009964
0.009173
0.009288
0.018383
0.008622
0.006863
0.010296
0.007057
0.010244
0.014928
0.008601
0.008709
0.016249
0.006613
0.016899
0.029212
0.011017
0.034961
0.011549
0.020728
0.011410
0.009216
0.017437
0.014545
0.013605
0.006488
0.010857
0.008591
0.008221
0.020683
0.006553
0.017480
0.007893
0.007944
0.009763
0.005075
0.005167
0.006884
0.007780
0.007180
0.006486
0.009971
0.006987
0.004236
0.005178
0.019483
0.008805
0.003977
0.008210
0.006004
0.004108
0.002917
0.005573
0.007065
0.004364
0.013038
0.004191
0.015230
0.008051
0.005146
0.004219
0.002774
0.004083
0.002603
0.002710
0.005107
0.003212
0.001786
0.003126
0.002379
0.002560
0.002792
0.002096
0.002016
0.004007
0.003452
0.007961
0.002346
0.001460
0.012804
0.006370
0.015052
0.008966
0.005619
