0.072357
0.074154
0.071832
0.071670
0.071670
0.071670
0.071670
0.070319
0.068297
0.067244
0.069460
0.068082
0.065901
0.065547
0.063879
0.060927
0.067998
0.059252
0.061850
0.062099
0.060557
0.056299
0.056596
0.056818
0.057770
0.055256
0.056928
0.051933
0.051611
0.056625
0.054665
0.049740
0.045039
0.044110
0.048121
0.048512
0.045609
0.044526
0.044702
0.049024
0.046724
0.043594
0.047214
0.042772
0.040250
0.040591
0.036736
0.039355
0.038221
0.036787
0.036869
0.037056
0.032712
0.034163
0.030978
0.035354
0.029244
0.029712
0.028523
0.031495
0.026661
0.028389
0.027819
0.028262
0.026717
0.029689
0.026719
0.021146
0.029583
0.023481
0.021413
0.028323
0.021913
0.020376
0.021296
0.023009
0.022117
0.018876
0.018358
0.017819
0.019440
0.020748
0.021543
0.018740
0.018782
0.016526
0.019715
0.016712
0.016885
0.013255
0.013487
0.013875
0.015552
0.014332
0.013986
0.011238
0.010772
0.014097
0.012883
0.013594
0.011661
0.012922
0.010155
0.011252
0.016600
0.015130
0.015048
0.013306
0.013154
0.018775
0.018528
0.011756
0.010524
0.014312
0.014472
0.015881
0.013097
0.013302
0.012120
0.016346
0.013234
0.010682
0.010345
0.012711
0.010934
0.011183
0.009253
0.009959
0.012140
0.006790
0.010915
0.006656
0.005924
0.007651
0.008949
0.007024
0.005704
0.003713
0.006577
0.010120
0.007794
0.007521
0.006782
0.006159
0.005915
0.005318
0.005432
0.007392
0.012884
0.006446
