0.089385
0.077533
0.070336
0.069253
0.065035
0.069014
0.059223
0.061088
0.060523
0.059003
0.054032
0.053224
0.054613
0.049798
0.046609
0.046309
0.044836
0.045450
0.039975
0.046885
0.041095
0.042917
0.041771
0.040311
0.047666
0.041708
0.042381
0.041648
0.044377
0.036521
0.035860
0.040168
0.040367
0.038827
0.034632
0.038404
0.034145
0.033195
0.033015
0.034308
0.034700
0.033819
0.036673
0.038258
0.028330
0.031331
0.030479
0.030920
0.026508
0.027979
0.024561
0.024615
0.023580
0.022898
0.022031
0.025685
0.020042
0.018826
0.025761
0.020287
0.023521
0.017915
0.024816
0.020748
0.015838
0.018435
0.015439
0.019200
0.018619
0.017097
0.020620
0.012759
0.023016
0.013846
0.024254
0.015187
0.020098
0.012891
0.013678
0.013624
0.012914
0.012719
0.011751
0.010795
0.010005
0.011810
0.011027
0.008413
0.010183
0.008553
0.011836
0.007688
0.012078
0.010739
0.008462
0.009406
0.008471
0.004493
0.008570
0.008626
0.010111
0.009138
0.006731
0.006978
0.005493
0.004410
0.005756
0.005049
0.005454
0.006073
0.008166
0.007541
0.008581
0.008870
0.007761
0.006408
0.006149
0.005897
0.004617
0.005223
0.007162
0.005920
0.006245
0.003794
0.005593
0.003056
0.004029
0.002473
0.002993
0.002241
0.001816
0.002673
0.002551
0.002003
0.004086
0.003485
0.003274
0.007027
0.003501
0.007393
0.003807
0.011011
0.006123
0.005623
0.003480
0.003547
0.005435
0.002279
0.006704
0.002866
