0.468888
0.331331
0.210102
0.222368
0.170069
0.118113
0.121012
0.075487
0.073385
0.072949
0.071939
0.071630
0.072483
0.072108
0.071828
0.071670
0.071670
0.071670
0.071670
0.071670
0.071670
0.071670
0.070839
0.070371
0.071203
0.070371
0.070498
0.070062
0.069155
0.071048
0.070461
0.069091
0.069487
0.069184
0.067526
0.067045
0.067735
0.068205
0.068240
0.068137
0.065586
0.064924
0.064701
0.063811
0.067095
0.064547
0.063824
0.064324
0.062262
0.063287
0.062251
0.061941
0.060301
0.056993
0.059614
0.058419
0.060311
0.058508
0.059395
0.057318
0.056342
0.058495
0.060678
0.058381
0.057230
0.056690
0.054708
0.054426
0.053303
0.052678
0.053177
0.054357
0.053205
0.052234
0.050525
0.050055
0.054250
0.052524
0.054660
0.052084
0.047902
0.050890
0.051032
0.047816
0.052496
0.046295
0.044726
0.044304
0.046796
0.049379
0.046030
0.050061
0.040542
0.047431
0.043493
0.041023
0.043458
0.041271
0.042675
0.040710
0.035204
0.041904
0.038193
0.034656
0.037488
0.034210
0.032591
0.028792
0.028219
0.035757
0.028733
0.024240
0.021602
0.023936
0.023696
0.019250
0.020121
0.017393
0.019205
0.017345
0.019773
0.014924
0.017692
0.016784
0.014500
0.012428
0.014826
0.010950
0.015828
0.009302
0.010137
0.008775
0.008181
0.007484
0.007881
0.008195
0.009852
0.010620
0.006626
0.006634
0.009130
0.005650
0.005946
0.004867
0.005507
0.007220
0.004819
0.005405
0.005722
0.002304
