0.375326
0.150385
0.137899
0.098209
0.082794
0.075279
0.072367
0.072319
0.071518
0.071142
0.071469
0.071176
0.070735
0.071906
0.070350
0.069269
0.071370
0.070444
0.070273
0.070987
0.069362
0.068125
0.066770
0.068104
0.066920
0.065688
0.064689
0.066109
0.067242
0.067125
0.067461
0.063981
0.064781
0.063061
0.062167
0.060235
0.061989
0.062842
0.059616
0.060679
0.058802
0.057341
0.059059
0.056891
0.055894
0.056642
0.054627
0.057884
0.055146
0.056657
0.054974
0.054773
0.053822
0.050412
0.053999
0.050650
0.052639
0.045839
0.049444
0.045898
0.044099
0.046460
0.048112
0.046998
0.045299
0.046721
0.043306
0.041307
0.043512
0.046604
0.042261
0.041145
0.042484
0.041987
0.046776
0.040676
0.039776
0.040460
0.038133
0.035337
0.041857
0.036081
0.035543
0.033820
0.034513
0.032753
0.030131
0.029321
0.031067
0.033670
0.026795
0.029365
0.027011
0.025703
0.027212
0.027293
0.029359
0.022998
0.027343
0.026381
0.024991
0.023759
0.021942
0.023692
0.021107
0.022941
0.025515
0.023649
0.024636
0.024782
0.020958
0.022638
0.021163
0.025174
0.019879
0.021763
0.020628
0.022298
0.020207
0.026444
0.020441
0.019969
0.022409
0.017928
0.019633
0.018422
0.020453
0.018386
0.017692
0.018765
0.017881
0.018786
0.016415
0.016114
0.018070
0.015130
0.015941
0.015151
0.017081
0.014212
0.015972
0.016008
0.011672
0.015782
0.014585
0.013035
0.013382
0.014937
0.015117
0.015757
