0.372839
0.140388
0.074852
0.071885
0.071832
0.071828
0.072387
0.071797
0.071950
0.071950
0.070843
0.069753
0.070299
0.069429
0.069213
0.068761
0.069215
0.067425
0.067845
0.067932
0.066576
0.066896
0.065363
0.067705
0.067583
0.064003
0.061584
0.065644
0.063255
0.064816
0.065707
0.063709
0.066363
0.064840
0.061991
0.064995
0.066155
0.062055
0.062501
0.063245
0.060397
0.061684
0.061691
0.061693
0.060857
0.060139
0.057990
0.058933
0.059080
0.058100
0.057388
0.059805
0.054285
0.056506
0.055884
0.054872
0.055689
0.056781
0.056068
0.056433
0.054602
0.055229
0.053693
0.053448
0.052904
0.051675
0.052572
0.051705
0.054078
0.055517
0.052556
0.054506
0.054124
0.052241
0.052793
0.051384
0.052567
0.052760
0.051021
0.050355
0.050584
0.048544
0.048442
0.049206
0.050797
0.047698
0.048848
0.047562
0.048961
0.045853
0.048730
0.046915
0.046780
0.045990
0.045067
0.047705
0.044919
0.044366
0.046626
0.043211
0.043030
0.041569
0.042786
0.041772
0.042384
0.039760
0.040032
0.038704
0.040735
0.039660
0.041479
0.038576
0.036761
0.040415
0.038297
0.041833
0.048114
0.038613
0.040404
0.044802
0.040195
0.042087
0.037816
0.039394
0.040407
0.040520
0.035561
0.040933
0.036971
0.038282
0.043983
0.040579
0.035502
0.034439
0.035095
0.032651
0.040800
0.037655
0.037385
0.037947
0.033041
0.036804
0.038581
0.047112
0.052412
0.054974
0.053585
0.051584
0.053347
0.048950
