0.129577
0.102761
0.097672
0.082410
0.071943
0.076258
0.073668
0.074185
0.072005
0.071053
0.071053
0.070867
0.069271
0.067446
0.069945
0.066509
0.067510
0.069875
0.069412
0.065542
0.066236
0.068243
0.065997
0.062545
0.063777
0.058735
0.064376
0.062179
0.056611
0.055302
0.053090
0.054872
0.055837
0.051672
0.047595
0.048499
0.043579
0.044443
0.044629
0.048023
0.040116
0.038771
0.036308
0.035710
0.039203
0.038076
0.035531
0.036494
0.034216
0.033550
0.034581
0.034034
0.033670
0.033783
0.033009
0.038911
0.032900
0.027324
0.043710
0.038355
0.041763
0.032215
0.033087
0.027496
0.029897
0.026068
0.024281
0.023424
0.020004
0.021791
0.025268
0.018507
0.015841
0.017013
0.014793
0.016067
0.012855
0.015301
0.010143
0.011965
0.010903
0.017400
0.010708
0.008442
0.009919
0.012599
0.020457
0.007811
0.025618
0.019081
0.010027
0.038654
0.014881
0.010830
0.012229
0.008008
0.013941
0.005837
0.007909
0.004803
0.005792
0.006747
0.008203
0.006079
0.004167
0.007795
0.006397
0.004739
0.004185
0.005209
0.002673
0.002655
0.011979
0.002976
0.027208
0.007147
0.009591
0.011357
0.007881
0.009010
0.010795
0.007151
0.007439
0.005658
0.002560
0.002585
0.003930
0.006475
0.001677
0.002703
0.001719
0.008819
0.010750
0.029915
0.008901
0.040101
0.017508
0.022642
0.012991
0.037978
0.016768
0.026698
0.026690
0.040166
0.024851
0.019130
0.011320
0.011748
0.006310
0.008155
