0.578645
0.295420
0.253871
0.236269
0.172537
0.100476
0.077039
0.076463
0.069900
0.070389
0.066923
0.065606
0.062100
0.062239
0.061098
0.057041
0.055458
0.053368
0.051665
0.047971
0.045568
0.045495
0.048217
0.041521
0.041248
0.038755
0.039110
0.037110
0.035457
0.037799
0.034730
0.034988
0.035258
0.033406
0.034383
0.033065
0.032912
0.028316
0.027044
0.026839
0.024617
0.021303
0.021541
0.022109
0.021961
0.020635
0.020927
0.019419
0.020466
0.017798
0.017031
0.016509
0.017691
0.021083
0.016088
0.018018
0.015695
0.017530
0.015130
0.015732
0.017719
0.015554
0.014562
0.016052
0.014529
0.014719
0.014770
0.014791
0.012166
0.015714
0.014557
0.013565
0.015086
0.014537
0.015101
0.014124
0.015263
0.015395
0.015833
0.016199
0.016201
0.015153
0.015094
0.014444
0.014712
0.013802
0.013028
0.015512
0.013720
0.014484
0.014449
0.016629
0.015656
0.013788
0.013820
0.011774
0.015324
0.012780
0.015291
0.014409
0.012691
0.013328
0.012448
0.013488
0.013467
0.015877
0.013236
0.013286
0.013422
0.014189
0.012514
0.015115
0.014177
0.013293
0.013266
0.014254
0.014338
0.014186
0.014168
0.012411
0.014299
0.012346
0.016847
0.012365
0.012350
0.012379
0.014058
0.010929
0.013247
0.010960
0.014242
0.012672
0.014383
0.011558
0.014093
0.011734
0.013511
0.010076
0.012675
0.013225
0.012352
0.012600
0.011720
0.012287
0.010869
0.013235
0.014078
0.012639
0.012556
0.013399
