0.107987
0.074564
0.075146
0.074368
0.073871
0.074222
0.074897
0.073093
0.072481
0.073663
0.074377
0.075636
0.073091
0.074405
0.073231
0.072973
0.072820
0.069590
0.071415
0.069536
0.072351
0.072298
0.070083
0.071059
0.068039
0.070470
0.068288
0.069648
0.068436
0.069659
0.068202
0.069381
0.068645
0.068699
0.067871
0.067353
0.071264
0.070148
0.068385
0.063740
0.069402
0.069085
0.066396
0.066088
0.065489
0.064919
0.065931
0.066206
0.065703
0.065735
0.065606
0.065144
0.065415
0.062488
0.062556
0.065574
0.064981
0.061409
0.061879
0.063441
0.061662
0.064899
0.065079
0.062923
0.060441
0.060538
0.067635
0.059334
0.058126
0.060317
0.059736
0.059901
0.062155
0.059999
0.058735
0.057086
0.060496
0.060701
0.060640
0.059201
0.063619
0.059889
0.058113
0.060981
0.059824
0.063320
0.058116
0.063145
0.062094
0.060809
0.060230
0.060251
0.057774
0.059714
0.054724
0.053874
0.053965
0.054238
0.052674
0.056031
0.057177
0.054210
0.057946
0.055547
0.062382
0.058872
0.057428
0.058378
0.055748
0.053985
0.047935
0.050911
0.053715
0.048667
0.051274
0.050770
0.050353
0.052629
0.054099
0.055508
0.050841
0.055171
0.055633
0.059521
0.053598
0.059943
0.051881
0.052904
0.056362
0.060124
0.052338
0.050340
0.051677
0.046935
0.050018
0.050058
0.051782
0.048461
0.047921
0.051389
0.047845
0.049942
0.040730
0.048804
0.044434
0.045816
0.042808
0.043611
0.046381
0.040422
