0.119284
0.088803
0.073731
0.073742
0.072396
0.072973
0.071714
0.072300
0.071670
0.071203
0.071670
0.071670
0.071670
0.071670
0.071089
0.069996
0.070112
0.069572
0.066697
0.067956
0.067524
0.068646
0.068321
0.070826
0.067895
0.068641
0.067118
0.068794
0.065415
0.067355
0.068414
0.064941
0.068313
0.066081
0.068282
0.070364
0.064560
0.063726
0.065144
0.068165
0.063435
0.065302
0.065708
0.065134
0.062643
0.063983
0.062799
0.067085
0.065845
0.062716
0.062541
0.066776
0.060264
0.062259
0.061808
0.063080
0.063287
0.066159
0.062668
0.066106
0.060106
0.062736
0.066333
0.067023
0.058279
0.072877
0.059637
0.063878
0.066992
0.061025
0.063217
0.061344
0.065556
0.064734
0.060701
0.060422
0.060782
0.062790
0.064014
0.059432
0.058929
0.062884
0.061497
0.059088
0.059775
0.061609
0.061299
0.060685
0.060276
0.059156
0.058532
0.066607
0.062189
0.059487
0.066309
0.061313
0.059240
0.062406
0.060584
0.062489
0.059845
0.058623
0.062679
0.063975
0.060467
0.056994
0.059501
0.057755
0.058918
0.060100
0.057077
0.059490
0.060850
0.060177
0.061742
0.056605
0.061785
0.059594
0.059310
0.056656
0.056470
0.060750
0.058383
0.057940
0.057580
0.058490
0.058956
0.057489
0.057900
0.051990
0.056229
0.060421
0.054904
0.057835
0.057622
0.058509
0.059371
0.057066
0.053384
0.054501
0.055806
0.051956
0.052233
0.054544
0.054424
0.057975
0.058204
0.056684
0.058610
0.054327
