0.094326
0.071508
0.077171
0.071938
0.071670
0.071670
0.070327
0.071941
0.069481
0.070261
0.068045
0.071489
0.072341
0.069768
0.069892
0.071158
0.069995
0.067503
0.068103
0.068751
0.066931
0.069013
0.069371
0.066605
0.070118
0.066230
0.065955
0.066380
0.068721
0.067609
0.067221
0.067119
0.070399
0.068039
0.066621
0.069726
0.067810
0.070842
0.066878
0.066233
0.068849
0.067539
0.067288
0.068196
0.067328
0.067785
0.070849
0.065919
0.066694
0.067517
0.065556
0.064308
0.066292
0.065484
0.066216
0.066541
0.068037
0.066860
0.066335
0.066546
0.067288
0.066267
0.066846
0.066901
0.065928
0.067287
0.066915
0.066982
0.066199
0.065126
0.067116
0.066363
0.068448
0.069307
0.065493
0.066855
0.067012
0.066826
0.065585
0.066171
0.066259
0.065191
0.063590
0.067622
0.067453
0.065997
0.066914
0.066807
0.065651
0.066562
0.065420
0.064482
0.065730
0.064806
0.066404
0.067512
0.061655
0.064943
0.064242
0.067425
0.066589
0.067761
0.066625
0.067057
0.067585
0.062291
0.066982
0.066126
0.064230
0.065865
0.062967
0.065131
0.066525
0.063585
0.063564
0.067252
0.064686
0.063712
0.065260
0.062421
0.063138
0.065327
0.063884
0.061587
0.065152
0.064765
0.062448
0.064111
0.064758
0.065128
0.063756
0.065169
0.068766
0.061783
0.065380
0.064251
0.063791
0.062769
0.061345
0.063055
0.066145
0.065055
0.064743
0.062965
0.063384
0.063547
0.062852
0.059838
0.062468
0.065765
