0.108825
0.073221
0.071670
0.071670
0.071670
0.071670
0.071670
0.071670
0.071670
0.071670
0.071670
0.071670
0.071670
0.070835
0.071203
0.071670
0.071296
0.071670
0.071670
0.071670
0.071670
0.071670
0.071670
0.071670
0.071670
0.071670
0.071670
0.071640
0.071670
0.072230
0.074151
0.071031
0.071670
0.071670
0.071670
0.070931
0.070013
0.071522
0.069947
0.071784
0.071203
0.071950
0.069362
0.072714
0.070897
0.071203
0.071670
0.070184
0.070078
0.071823
0.069741
0.070061
0.070735
0.070268
0.069269
0.069214
0.069851
0.069965
0.069141
0.069082
0.071093
0.070012
0.069852
0.068646
0.068645
0.069323
0.068733
0.069503
0.067715
0.068133
0.070720
0.069243
0.069468
0.069240
0.068875
0.068851
0.069683
0.072229
0.070047
0.071788
0.071255
0.068511
0.068750
0.067806
0.069841
0.071692
0.069494
0.067664
0.067118
0.067201
0.068057
0.068127
0.067771
0.064334
0.066872
0.066581
0.066559
0.066278
0.066715
0.065529
0.065804
0.070274
0.070862
0.069344
0.067867
0.068154
0.067587
0.066945
0.068347
0.070401
0.068889
0.071518
0.067860
0.065116
0.066561
0.067316
0.067935
0.069203
0.067676
0.065367
0.067604
0.068235
0.068898
0.066810
0.067321
0.065895
0.066306
0.069578
0.070006
0.066266
0.069289
0.064207
0.067707
0.065222
0.063640
0.070188
0.066787
0.063635
0.066463
0.063715
0.067288
0.066024
0.064610
0.064018
0.066128
0.067752
0.064189
0.063306
0.067844
0.064119
