0.133249
0.095901
0.082800
0.076551
0.073786
0.068311
0.059500
0.061174
0.058276
0.057006
0.053006
0.052449
0.051805
0.053192
0.048515
0.049383
0.050820
0.051997
0.048714
0.044910
0.044836
0.045045
0.043585
0.044347
0.042695
0.044221
0.042225
0.040013
0.040854
0.042676
0.039676
0.038966
0.041697
0.037236
0.039057
0.038497
0.038350
0.037745
0.039737
0.037111
0.036207
0.037290
0.035882
0.035387
0.034323
0.034663
0.035039
0.036470
0.034764
0.035574
0.034413
0.031895
0.033748
0.037014
0.037357
0.034502
0.033880
0.033516
0.033765
0.035401
0.032273
0.031988
0.033279
0.032397
0.034763
0.034358
0.032522
0.035054
0.033569
0.032816
0.032675
0.033125
0.031732
0.030779
0.030232
0.030850
0.029984
0.030868
0.029741
0.030190
0.029402
0.027033
0.027911
0.028876
0.028999
0.028892
0.027934
0.027764
0.028353
0.027164
0.025393
0.028747
0.027225
0.026738
0.028778
0.029473
0.029696
0.028637
0.028602
0.030060
0.029160
0.030548
0.028773
0.029764
0.027569
0.026818
0.026999
0.027586
0.026393
0.025966
0.024473
0.023981
0.024100
0.025371
0.025811
0.026681
0.024456
0.024095
0.024763
0.023394
0.024217
0.023408
0.022957
0.022034
0.021465
0.022204
0.023574
0.022195
0.022238
0.023632
0.022264
0.022325
0.020927
0.022055
0.022067
0.020469
0.021072
0.020593
0.020633
0.021321
0.021396
0.020728
0.021553
0.020574
0.019875
0.021696
0.019536
0.019417
0.019012
0.019749
