0.247618
0.062570
0.062712
0.062712
0.062595
0.061337
0.062026
0.061593
0.061167
0.060063
0.058910
0.058316
0.056895
0.057446
0.057913
0.057086
0.054806
0.056519
0.057255
0.054914
0.054915
0.052904
0.052485
0.052671
0.054292
0.054209
0.051993
0.052951
0.052241
0.052652
0.050004
0.051042
0.048336
0.050048
0.046778
0.044370
0.047268
0.045277
0.044520
0.043101
0.045555
0.042140
0.041831
0.043644
0.042913
0.042026
0.040591
0.040904
0.040242
0.040287
0.037647
0.037205
0.039219
0.040388
0.038332
0.037029
0.037350
0.036988
0.036059
0.037372
0.037006
0.037115
0.037133
0.037024
0.035047
0.036222
0.035492
0.036501
0.035804
0.040206
0.038171
0.037003
0.038129
0.037838
0.036109
0.036374
0.035009
0.035187
0.036351
0.036588
0.038205
0.037129
0.038300
0.040284
0.036230
0.035317
0.036862
0.035438
0.034616
0.033420
0.035924
0.036369
0.032056
0.035368
0.033647
0.033177
0.033888
0.033117
0.035042
0.034982
0.032200
0.031736
0.033858
0.032323
0.033705
0.032084
0.032179
0.033136
0.035487
0.031800
0.033334
0.032446
0.034034
0.033288
0.032816
0.031799
0.032587
0.032555
0.034423
0.032633
0.030706
0.034044
0.033271
0.032286
0.029628
0.032671
0.038327
0.041574
0.038684
0.034099
0.029878
0.029493
0.030875
0.034849
0.030986
0.028649
0.026193
0.028965
0.025194
0.025689
0.026194
0.029363
0.026108
0.024997
0.025213
0.024666
0.025279
0.024147
0.024266
0.025057
