0.224615
0.062385
0.059125
0.058457
0.057888
0.056771
0.053268
0.053805
0.052831
0.053058
0.052196
0.052195
0.052020
0.051520
0.052541
0.050252
0.050570
0.049672
0.049036
0.050334
0.047485
0.045576
0.047242
0.045030
0.046866
0.044436
0.044457
0.045441
0.046732
0.045939
0.044585
0.044489
0.044258
0.042397
0.044066
0.042963
0.043746
0.044015
0.042784
0.042029
0.045328
0.044257
0.043342
0.044832
0.043785
0.044578
0.041570
0.043440
0.042277
0.041471
0.039969
0.042494
0.041569
0.040720
0.039934
0.043057
0.041419
0.040536
0.042897
0.042404
0.042146
0.041428
0.038818
0.040366
0.041152
0.040383
0.042065
0.040430
0.042034
0.040331
0.043645
0.040317
0.041975
0.041970
0.040224
0.041088
0.041094
0.041863
0.042912
0.038781
0.042751
0.039647
0.041937
0.041104
0.042017
0.041023
0.040184
0.042716
0.042224
0.040808
0.038079
0.041072
0.039910
0.040606
0.040391
0.037956
0.041927
0.040140
0.041923
0.040379
0.041955
0.042725
0.041967
0.040168
0.041855
0.042329
0.042441
0.043246
0.039720
0.040763
0.040879
0.039198
0.040919
0.040596
0.042045
0.041696
0.041644
0.041732
0.039954
0.043366
0.041452
0.043092
0.040964
0.037924
0.040286
0.038477
0.039934
0.041529
0.039733
0.039013
0.038982
0.038214
0.039229
0.038554
0.038273
0.040410
0.038965
0.037072
0.038681
0.036235
0.038126
0.036976
0.037146
0.035503
0.037950
0.037895
0.037071
0.038455
0.034252
0.036609
