0.201294
0.065335
0.062712
0.062712
0.062712
0.062712
0.062712
0.062712
0.062712
0.062712
0.062712
0.062712
0.062712
0.062712
0.062712
0.062712
0.062712
0.062712
0.062712
0.062712
0.062712
0.062712
0.062712
0.062712
0.062712
0.062712
0.062712
0.062712
0.062712
0.062712
0.062712
0.062712
0.062712
0.062712
0.062712
0.062712
0.062712
0.062712
0.062712
0.062712
0.062712
0.062712
0.062712
0.062712
0.062712
0.062712
0.062712
0.062712
0.062712
0.062712
0.062712
0.062440
0.062712
0.062166
0.061586
0.062712
0.062014
0.062478
0.061388
0.061701
0.062636
0.061894
0.062712
0.062595
0.062595
0.060178
0.062201
0.059268
0.059061
0.056628
0.056178
0.055734
0.055988
0.054874
0.054510
0.059119
0.062712
0.062712
0.062712
0.062712
0.062595
0.062595
0.062478
0.061495
0.057851
0.056604
0.055413
0.053858
0.054274
0.053387
0.051707
0.054687
0.055687
0.054810
0.053657
0.054411
0.053491
0.050343
0.053470
0.052583
0.053297
0.054238
0.054229
0.054171
0.054174
0.052491
0.051674
0.054116
0.053339
0.051613
0.053275
0.054107
0.051702
0.053308
0.052528
0.054091
0.054154
0.054089
0.053268
0.052455
0.053242
0.052427
0.052406
0.053262
0.052415
0.054081
0.050763
0.052393
0.052420
0.053225
0.053226
0.052441
0.053253
0.052451
0.054062
0.054090
0.054072
0.053216
0.053227
0.052382
0.053240
0.054050
0.053207
0.053210
0.053221
0.053205
0.053209
0.052376
0.054055
0.052384
