0.097029
0.062022
0.062582
0.061639
0.060944
0.061246
0.059822
0.058196
0.058149
0.057113
0.054925
0.057264
0.054781
0.056201
0.054778
0.053106
0.051653
0.050236
0.048921
0.046669
0.046634
0.042619
0.040274
0.038761
0.041092
0.036873
0.038933
0.035880
0.032800
0.032127
0.030954
0.030903
0.031453
0.027824
0.027266
0.027984
0.026398
0.024311
0.021441
0.020418
0.019486
0.017917
0.018776
0.015838
0.017138
0.015247
0.015031
0.012324
0.014530
0.012444
0.012938
0.013398
0.010097
0.008738
0.010297
0.010224
0.008385
0.008508
0.007947
0.006419
0.006465
0.005662
0.005165
0.004440
0.004167
0.004143
0.003418
0.003012
0.002527
0.002675
0.002968
0.002737
0.002831
0.002843
0.002099
0.002083
0.002241
0.002077
0.001829
0.001938
0.001791
0.001344
0.001669
0.001697
0.001491
0.002171
0.001574
0.002179
0.006182
0.005630
0.005639
0.004890
0.005171
0.004126
0.003968
0.002988
0.003279
0.004589
0.003057
0.002122
0.004206
0.009600
0.008499
0.008725
0.003368
0.003710
0.003483
0.002095
0.001534
0.001540
0.001266
0.001307
0.001170
0.000602
0.000900
0.000738
0.000530
0.000344
0.000428
0.000466
0.000337
0.000382
0.000385
0.000332
0.000263
0.000344
0.000316
0.000259
0.000320
0.000277
0.000452
0.000333
0.000292
0.000241
0.000275
0.000239
0.000367
0.000191
0.000211
0.000241
0.000284
0.000247
0.000184
0.000216
0.000240
0.000160
0.000218
0.000161
0.000124
0.000122
