0.100466
0.064720
0.061474
0.060773
0.058693
0.056515
0.057598
0.054568
0.053354
0.050808
0.049738
0.047915
0.047542
0.044300
0.044283
0.045229
0.043710
0.041493
0.039527
0.041210
0.039431
0.042257
0.037719
0.038601
0.036719
0.031285
0.029640
0.030058
0.031862
0.028360
0.026968
0.025862
0.025801
0.025029
0.021589
0.022534
0.022335
0.020250
0.019893
0.019406
0.019744
0.021355
0.019538
0.019839
0.018819
0.018851
0.016580
0.016350
0.012657
0.014001
0.013308
0.010773
0.010106
0.008353
0.007226
0.005346
0.005780
0.005233
0.004836
0.005728
0.004198
0.003446
0.003782
0.004337
0.005418
0.004584
0.005539
0.006297
0.003904
0.004417
0.006447
0.005018
0.004487
0.004556
0.004467
0.005950
0.004665
0.007106
0.007194
0.005980
0.006078
0.003257
0.003384
0.002996
0.004289
0.003063
0.002606
0.002313
0.001979
0.002329
0.002490
0.002563
0.002040
0.001358
0.001910
0.005765
0.006330
0.005381
0.004276
0.002708
0.002717
0.003534
0.002600
0.002331
0.002405
0.002377
0.002251
0.001620
0.001942
0.002214
0.002386
0.002364
0.002737
0.005079
0.003937
0.002898
0.002898
0.002837
0.003463
0.001166
0.001273
0.001054
0.000774
0.000631
0.000585
0.000580
0.000559
0.000336
0.000359
0.000387
0.000472
0.000284
0.000275
0.000234
0.000204
0.000203
0.000161
0.000198
0.000149
0.000204
0.000111
0.000123
0.000145
0.000137
0.000134
0.000111
0.000091
0.000109
0.000133
0.000114
