0.082892
0.062902
0.059504
0.057072
0.055161
0.052790
0.050552
0.050420
0.046481
0.043854
0.042364
0.043767
0.042616
0.038666
0.038189
0.038419
0.034780
0.034765
0.032974
0.033194
0.032754
0.028897
0.028529
0.029831
0.029581
0.028090
0.025729
0.025144
0.025154
0.024277
0.021453
0.023007
0.024967
0.019590
0.019823
0.021785
0.021052
0.022338
0.022195
0.017555
0.017218
0.022077
0.017131
0.015995
0.014544
0.016356
0.012210
0.011251
0.010274
0.011430
0.013007
0.012157
0.008838
0.010386
0.009282
0.007997
0.006959
0.006411
0.005606
0.006091
0.003586
0.004296
0.003034
0.003354
0.003060
0.002430
0.002865
0.003103
0.002535
0.002401
0.002044
0.001835
0.001928
0.001646
0.001343
0.001246
0.001226
0.001070
0.000741
0.000968
0.001096
0.001178
0.001153
0.000792
0.000665
0.000909
0.000640
0.000538
0.000647
0.000844
0.000768
0.000884
0.000661
0.000544
0.000669
0.000722
0.000636
0.000461
0.000415
0.000489
0.000444
0.000441
0.000547
0.000621
0.000499
0.001541
0.001654
0.001632
0.001012
0.001369
0.001150
0.001039
0.001181
0.000815
0.000792
0.001148
0.000869
0.001220
0.001169
0.001330
0.000779
0.000820
0.000421
0.000558
0.000386
0.000494
0.000451
0.000374
0.000358
0.000289
0.000286
0.000232
0.000264
0.000311
0.000191
0.000232
0.000213
0.000277
0.000197
0.000179
0.000166
0.000141
0.000155
0.000177
0.000176
0.000152
0.000133
0.000206
0.000111
0.000116
