0.074607
0.070569
0.067708
0.068472
0.066856
0.063504
0.065106
0.064134
0.062545
0.062417
0.061310
0.061434
0.061721
0.061179
0.059064
0.059492
0.061665
0.058680
0.055550
0.056275
0.059133
0.055526
0.052150
0.054063
0.052165
0.052925
0.049596
0.050975
0.052293
0.049652
0.047777
0.047267
0.048506
0.050122
0.047918
0.048683
0.043317
0.046789
0.042420
0.043496
0.042865
0.042515
0.039875
0.038520
0.040731
0.035627
0.035834
0.035692
0.033556
0.035256
0.034436
0.035235
0.035011
0.030818
0.033622
0.031883
0.032898
0.030627
0.031209
0.030224
0.029962
0.029481
0.028201
0.029014
0.027775
0.026935
0.029166
0.028102
0.026015
0.030773
0.025926
0.025046
0.028768
0.025599
0.026558
0.025750
0.026385
0.023801
0.025913
0.024526
0.019862
0.017616
0.017753
0.017178
0.015468
0.015004
0.015514
0.014986
0.014100
0.014917
0.013228
0.013431
0.014123
0.012307
0.011987
0.011801
0.011947
0.011143
0.012182
0.011038
0.011898
0.010305
0.010465
0.011142
0.010579
0.009936
0.009741
0.008712
0.010851
0.008625
0.010426
0.010992
0.012441
0.010597
0.009050
0.009336
0.009306
0.008915
0.008418
0.010274
0.011761
0.008274
0.008954
0.009230
0.009460
0.010139
0.010273
0.009142
0.009070
0.008144
0.008845
0.009169
0.009046
0.008602
0.007422
0.009874
0.008239
0.008459
0.007805
0.009390
0.007588
0.008050
0.008021
0.008520
0.008553
0.007689
0.008800
0.007772
0.009060
0.007684
