0.070372
0.065646
0.062164
0.054839
0.052600
0.050357
0.050673
0.047919
0.047186
0.044460
0.046576
0.045165
0.040952
0.040869
0.040495
0.041517
0.036127
0.036599
0.036995
0.034230
0.037486
0.036442
0.033744
0.032635
0.032077
0.035767
0.036725
0.030639
0.029729
0.029375
0.029207
0.028423
0.026645
0.026328
0.029162
0.028079
0.027549
0.027421
0.025946
0.024317
0.027585
0.023370
0.022073
0.020753
0.021032
0.019957
0.020587
0.021226
0.019399
0.020815
0.020309
0.016642
0.019876
0.017790
0.023255
0.018514
0.018425
0.015999
0.016325
0.015717
0.015552
0.014855
0.015581
0.013827
0.015060
0.013856
0.013237
0.017791
0.012871
0.021501
0.014153
0.016510
0.013351
0.017807
0.016890
0.016594
0.014813
0.012036
0.016024
0.014317
0.013168
0.013787
0.011501
0.013475
0.011329
0.013082
0.012491
0.015701
0.012158
0.011292
0.011356
0.013246
0.011629
0.011724
0.009707
0.010012
0.010599
0.011323
0.009563
0.011269
0.012567
0.011097
0.011877
0.008640
0.010203
0.010316
0.011039
0.010979
0.008713
0.012132
0.009138
0.011986
0.009060
0.009865
0.007816
0.009627
0.009896
0.009102
0.007970
0.008551
0.008718
0.008011
0.009712
0.008293
0.010932
0.008591
0.008722
0.008673
0.010018
0.007732
0.008969
0.008271
0.008379
0.008463
0.008078
0.009089
0.007408
0.009078
0.010825
0.007681
0.008934
0.008153
0.007591
0.008787
0.008573
0.009193
0.008793
0.008184
0.008753
0.007981
