0.075982
0.072175
0.068819
0.067202
0.067567
0.065531
0.066622
0.065817
0.063060
0.060542
0.062213
0.060109
0.058468
0.058003
0.058168
0.055007
0.054910
0.057154
0.054917
0.055173
0.054678
0.054468
0.050038
0.052209
0.050390
0.048614
0.047574
0.050537
0.048644
0.048485
0.046049
0.046554
0.044950
0.047124
0.046760
0.041775
0.045378
0.044885
0.044481
0.044019
0.040612
0.037396
0.036017
0.037071
0.037315
0.036215
0.036676
0.033696
0.034492
0.031693
0.032728
0.033179
0.029840
0.034572
0.032457
0.031361
0.029880
0.028621
0.029509
0.029344
0.030223
0.028321
0.026151
0.026065
0.027828
0.025800
0.025301
0.026264
0.024425
0.028007
0.025707
0.025953
0.026787
0.022945
0.023267
0.022019
0.021642
0.025721
0.026446
0.023475
0.025774
0.025241
0.025459
0.024219
0.024758
0.026865
0.025798
0.026361
0.022984
0.023783
0.025195
0.024400
0.022756
0.023396
0.026212
0.022197
0.021788
0.021852
0.024547
0.022326
0.021981
0.019810
0.021961
0.023246
0.025668
0.023531
0.026402
0.023837
0.026930
0.023531
0.019842
0.023296
0.022073
0.022668
0.022439
0.020774
0.024134
0.019879
0.021982
0.020980
0.022164
0.019455
0.019280
0.021023
0.023850
0.023663
0.019158
0.018543
0.023823
0.019956
0.018269
0.021587
0.017084
0.019274
0.018298
0.016679
0.019021
0.018251
0.017899
0.017619
0.018959
0.017266
0.017819
0.019345
0.018696
0.018948
0.019743
0.019697
0.020085
0.023693
