0.132318
0.076033
0.072201
0.072077
0.070971
0.069898
0.068244
0.064428
0.065456
0.062936
0.061467
0.057452
0.060423
0.059084
0.056594
0.053779
0.054664
0.050266
0.053188
0.049987
0.049038
0.048625
0.045695
0.047994
0.047028
0.045809
0.043294
0.043675
0.043201
0.037762
0.041981
0.040929
0.041674
0.039295
0.039747
0.037220
0.035152
0.036599
0.033305
0.033032
0.031101
0.034283
0.029996
0.029369
0.029958
0.028910
0.031267
0.025879
0.030496
0.025886
0.025355
0.024684
0.024741
0.021528
0.023291
0.020512
0.021809
0.018933
0.021418
0.020507
0.023059
0.018145
0.023112
0.016448
0.022114
0.019292
0.016873
0.020289
0.011236
0.011597
0.015677
0.011025
0.011990
0.009124
0.011102
0.010401
0.006736
0.010647
0.009533
0.014048
0.008735
0.008775
0.011278
0.006984
0.005473
0.005982
0.006737
0.005895
0.004688
0.004919
0.005114
0.003632
0.005754
0.002790
0.004581
0.003846
0.004487
0.002768
0.003250
0.002279
0.002370
0.002486
0.002399
0.002438
0.002195
0.002670
0.003731
0.001930
0.003114
0.003156
0.003335
0.002664
0.002575
0.001847
0.001739
0.001989
0.002135
0.001800
0.001606
0.002881
0.002627
0.001292
0.001123
0.001634
0.001670
0.001417
0.000598
0.001622
0.001481
0.001342
0.000993
0.002084
0.002927
0.001911
0.000706
0.000791
0.000446
0.001128
0.001012
0.003702
0.000692
0.002931
0.003136
0.003531
0.003591
0.001118
0.001463
0.001923
0.002628
0.001408
