0.202338
0.075677
0.071360
0.071670
0.071203
0.070874
0.070218
0.071513
0.071195
0.069154
0.069449
0.068059
0.069017
0.069145
0.067411
0.068976
0.065105
0.067921
0.066708
0.066151
0.065855
0.066317
0.064299
0.065998
0.062431
0.063271
0.064729
0.062574
0.060963
0.066018
0.059845
0.060087
0.061665
0.060295
0.058969
0.057279
0.056731
0.055102
0.055330
0.053312
0.052635
0.049832
0.048351
0.049109
0.051390
0.049436
0.048735
0.049708
0.051117
0.050258
0.045739
0.044807
0.043230
0.044973
0.042916
0.050452
0.046489
0.046411
0.042295
0.041432
0.036743
0.040788
0.038084
0.037212
0.040045
0.036499
0.036389
0.035826
0.037760
0.036079
0.035886
0.039591
0.035227
0.033729
0.033108
0.031313
0.034025
0.034016
0.030278
0.035935
0.036978
0.032680
0.035802
0.030107
0.029361
0.032562
0.032817
0.030697
0.031179
0.034077
0.032672
0.031690
0.030325
0.033214
0.037159
0.032256
0.053605
0.034561
0.036365
0.040890
0.033255
0.032698
0.029293
0.029996
0.028018
0.029461
0.030134
0.029765
0.031202
0.029477
0.033339
0.029492
0.030767
0.027612
0.028241
0.028955
0.028677
0.026259
0.027656
0.027138
0.028335
0.028965
0.027564
0.028194
0.025247
0.027173
0.027017
0.023700
0.024654
0.022502
0.021025
0.028409
0.023854
0.020657
0.020725
0.021623
0.021650
0.019827
0.020005
0.019606
0.016940
0.017463
0.018093
0.018713
0.017018
0.016704
0.013513
0.014949
0.013680
0.016114
