0.189603
0.147964
0.091233
0.069683
0.071894
0.068850
0.067993
0.068545
0.067619
0.066164
0.067385
0.067070
0.066185
0.065938
0.066601
0.066263
0.062610
0.060275
0.061994
0.062426
0.061943
0.059060
0.064133
0.060129
0.057748
0.056897
0.056899
0.051313
0.054575
0.056648
0.052904
0.057700
0.050484
0.045032
0.049965
0.046310
0.050659
0.048199
0.045564
0.048410
0.043984
0.048074
0.045202
0.044262
0.047236
0.041568
0.041047
0.042924
0.039490
0.044660
0.038174
0.043028
0.039291
0.039754
0.040612
0.042513
0.036639
0.033857
0.034610
0.043484
0.038313
0.034864
0.035532
0.036686
0.031206
0.031626
0.032794
0.035231
0.031484
0.030354
0.028918
0.027409
0.031015
0.029969
0.030936
0.028353
0.029732
0.029049
0.028089
0.027169
0.026765
0.029052
0.026199
0.028750
0.027999
0.028129
0.029159
0.027764
0.022895
0.027379
0.023697
0.023322
0.023036
0.022379
0.024161
0.023225
0.022709
0.021508
0.024074
0.024211
0.023414
0.021042
0.023069
0.024041
0.022834
0.024753
0.023643
0.022568
0.029528
0.020543
0.032431
0.020232
0.024458
0.024021
0.018628
0.032223
0.026908
0.018815
0.028621
0.019836
0.016073
0.015241
0.015271
0.017749
0.015955
0.014650
0.008939
0.008334
0.008520
0.009266
0.010884
0.009691
0.004796
0.013907
0.023398
0.014926
0.015572
0.013326
0.007707
0.010647
0.014155
0.006719
0.006013
0.004982
0.005100
0.005169
0.012238
0.006808
0.004847
0.003972
