0.105204
0.076198
0.072239
0.071670
0.071670
0.071670
0.072230
0.073883
0.070660
0.071119
0.071810
0.071971
0.072201
0.070598
0.072379
0.071894
0.071672
0.072617
0.070706
0.071398
0.069687
0.069979
0.070733
0.067986
0.069912
0.068962
0.069156
0.068880
0.069923
0.070826
0.067258
0.071031
0.069776
0.066387
0.068525
0.069478
0.067287
0.067210
0.068721
0.065751
0.067423
0.067581
0.065994
0.066656
0.066773
0.067980
0.066807
0.066655
0.065679
0.065809
0.066648
0.069437
0.068119
0.067686
0.065194
0.067445
0.069335
0.070867
0.066014
0.065390
0.066450
0.065823
0.071363
0.064592
0.065896
0.067513
0.065358
0.065516
0.066392
0.066620
0.069213
0.067952
0.066842
0.067204
0.069437
0.066734
0.063768
0.062374
0.065600
0.063050
0.062629
0.062614
0.064624
0.068728
0.065768
0.064021
0.065369
0.062749
0.059638
0.063863
0.064596
0.061283
0.064268
0.063118
0.062142
0.062845
0.067184
0.059416
0.064313
0.068936
0.062062
0.065266
0.063954
0.070760
0.067850
0.059220
0.069075
0.064910
0.061164
0.067190
0.063717
0.068799
0.065517
0.062236
0.069500
0.065164
0.063676
0.061631
0.057828
0.062393
0.057096
0.057777
0.058285
0.060088
0.060236
0.063671
0.059929
0.061407
0.055425
0.057098
0.057447
0.059660
0.057949
0.057808
0.056922
0.062766
0.055811
0.054081
0.055833
0.054204
0.052113
0.053273
0.051008
0.054531
0.058509
0.053457
0.049628
0.052519
0.050175
0.055241
