0.110746
0.084324
0.072683
0.072286
0.072286
0.072247
0.069975
0.077446
0.073059
0.070735
0.069336
0.070371
0.067358
0.071607
0.067011
0.069264
0.067268
0.068768
0.069391
0.066907
0.069133
0.066836
0.068634
0.068640
0.069043
0.070880
0.070555
0.070126
0.068936
0.066147
0.069633
0.065549
0.067706
0.071556
0.066800
0.064456
0.069622
0.066419
0.067699
0.066788
0.066390
0.063186
0.066992
0.064776
0.067186
0.066525
0.069452
0.065246
0.067945
0.063265
0.062691
0.065126
0.064011
0.065960
0.061378
0.062955
0.066376
0.064563
0.065123
0.060989
0.063877
0.064230
0.061859
0.064819
0.065232
0.064182
0.066125
0.067578
0.062360
0.063238
0.063579
0.060589
0.059378
0.061775
0.063248
0.058995
0.058086
0.060956
0.061987
0.060890
0.061948
0.062467
0.064358
0.060214
0.063250
0.063020
0.063357
0.059028
0.063929
0.061629
0.063461
0.062397
0.065529
0.059929
0.063814
0.057850
0.062271
0.061479
0.063281
0.057905
0.058078
0.054977
0.061474
0.064600
0.062823
0.057671
0.057156
0.055830
0.057372
0.057816
0.054817
0.058569
0.055719
0.055852
0.053371
0.057474
0.056432
0.055053
0.056083
0.051018
0.051899
0.057646
0.056502
0.054412
0.055985
0.054026
0.052167
0.049617
0.056802
0.059362
0.052804
0.051258
0.051615
0.060114
0.056936
0.055875
0.053873
0.054757
0.058630
0.050709
0.054468
0.053351
0.047877
0.050515
0.052532
0.055090
0.049552
0.049941
0.047943
0.051731
