0.104351
0.075206
0.071801
0.071950
0.071670
0.071670
0.071670
0.071575
0.068834
0.070740
0.069224
0.066603
0.069671
0.067823
0.066239
0.067468
0.067112
0.065954
0.068051
0.066043
0.065107
0.064051
0.064834
0.064698
0.064156
0.064238
0.060640
0.062757
0.061969
0.063527
0.063060
0.061851
0.061243
0.063013
0.060717
0.062582
0.060851
0.060275
0.061653
0.060783
0.058775
0.058685
0.058458
0.058718
0.058514
0.058789
0.059776
0.054739
0.057550
0.057223
0.057855
0.057124
0.056576
0.055051
0.056953
0.054844
0.056450
0.054212
0.056620
0.054081
0.054152
0.054613
0.054758
0.054133
0.054121
0.054047
0.050212
0.050719
0.052926
0.049711
0.048167
0.047682
0.049485
0.048629
0.047118
0.045050
0.046826
0.048040
0.047646
0.048194
0.045830
0.047482
0.048407
0.047154
0.045925
0.044928
0.044813
0.043871
0.045373
0.043742
0.044377
0.043042
0.043826
0.039861
0.038574
0.043491
0.042196
0.042417
0.041451
0.042999
0.041930
0.041046
0.039853
0.040810
0.040858
0.041595
0.040273
0.040830
0.039141
0.040846
0.038048
0.041491
0.040777
0.040485
0.039584
0.040280
0.039339
0.040319
0.037231
0.040419
0.039033
0.038864
0.042499
0.039074
0.041036
0.040697
0.040090
0.037691
0.037792
0.037245
0.039858
0.038429
0.038710
0.037598
0.037401
0.038106
0.038370
0.038574
0.038705
0.036736
0.037024
0.037509
0.036745
0.037714
0.037580
0.038782
0.036283
0.038834
0.035576
0.036937
