0.127624
0.072919
0.058515
0.058905
0.061843
0.060691
0.059110
0.067179
0.056691
0.058805
0.060211
0.058241
0.060902
0.060854
0.057991
0.056385
0.058069
0.058037
0.057350
0.058197
0.057372
0.058858
0.057038
0.059633
0.058746
0.056158
0.055323
0.057883
0.057046
0.058742
0.055286
0.057870
0.057001
0.057870
0.055286
0.059612
0.059607
0.057056
0.055623
0.057198
0.055817
0.055471
0.056960
0.058982
0.055183
0.056025
0.053294
0.058071
0.056964
0.057532
0.056245
0.058582
0.055100
0.056281
0.056990
0.056994
0.057010
0.057917
0.057094
0.058752
0.056125
0.056994
0.056276
0.057148
0.056686
0.055997
0.056435
0.057170
0.056278
0.054960
0.055070
0.055446
0.054492
0.054141
0.056540
0.052764
0.055315
0.055829
0.057134
0.053874
0.054144
0.054155
0.058799
0.057418
0.054130
0.050332
0.051837
0.053685
0.050728
0.053226
0.054829
0.055892
0.055886
0.054132
0.055569
0.051837
0.055022
0.051682
0.051843
0.054545
0.052811
0.052987
0.052222
0.052912
0.053112
0.052064
0.051711
0.050512
0.050430
0.051719
0.049142
0.042933
0.052391
0.053257
0.054173
0.057109
0.056007
0.053303
0.056107
0.057050
0.056898
0.054894
0.055431
0.058287
0.056934
0.058180
0.057468
0.056500
0.054152
0.056278
0.055614
0.054812
0.055692
0.053755
0.052568
0.054512
0.055044
0.053883
0.056320
0.055112
0.057405
0.056762
0.055979
0.055007
0.054220
0.053341
0.052331
0.054392
0.052578
0.062181
