0.164939
0.101894
0.064537
0.062308
0.059410
0.059699
0.059011
0.058060
0.058849
0.057372
0.059633
0.057118
0.059700
0.053753
0.055330
0.054867
0.057156
0.054858
0.057316
0.058118
0.055201
0.055026
0.056480
0.057244
0.055422
0.056500
0.054955
0.057343
0.056692
0.055662
0.053800
0.056777
0.053546
0.055707
0.053676
0.055214
0.050831
0.051674
0.054671
0.053491
0.053855
0.051025
0.050011
0.043613
0.045149
0.050166
0.046405
0.047224
0.044542
0.045738
0.042967
0.044542
0.043157
0.043543
0.043086
0.039077
0.041029
0.040208
0.050298
0.039325
0.039320
0.038421
0.040177
0.043642
0.040153
0.041444
0.039972
0.041059
0.045510
0.042956
0.042227
0.041145
0.043453
0.042475
0.041979
0.037604
0.044110
0.043631
0.041978
0.044472
0.038900
0.038405
0.038009
0.037524
0.046175
0.038123
0.040866
0.043836
0.042828
0.036045
0.040544
0.044331
0.034293
0.038396
0.035781
0.033759
0.035053
0.039815
0.033674
0.036185
0.038676
0.043790
0.038191
0.040935
0.044345
0.047912
0.040492
0.038716
0.040420
0.034541
0.036642
0.041280
0.039200
0.038659
0.038008
0.037751
0.040291
0.038815
0.041354
0.036372
0.036064
0.036427
0.035858
0.038673
0.036017
0.043484
0.044458
0.045244
0.044896
0.049124
0.048426
0.044914
0.044302
0.047375
0.045831
0.049246
0.044969
0.046195
0.041983
0.042874
0.042840
0.050557
0.048271
0.055656
0.042057
0.044783
0.045654
0.051954
0.043360
0.043912
