0.303642
0.201241
0.186175
0.155264
0.179322
0.129451
0.106514
0.096476
0.079567
0.078998
0.069244
0.068801
0.062970
0.047909
0.055719
0.058421
0.048726
0.046170
0.044941
0.050680
0.053576
0.050985
0.048116
0.046280
0.044251
0.047917
0.043992
0.044629
0.041044
0.035649
0.042910
0.040965
0.033155
0.035917
0.033815
0.033703
0.027711
0.032705
0.032272
0.035598
0.035131
0.034750
0.028409
0.021702
0.038397
0.025242
0.026881
0.028469
0.023159
0.018838
0.023300
0.016925
0.026310
0.017504
0.019235
0.019028
0.012970
0.015033
0.020171
0.019632
0.019355
0.013749
0.015559
0.012133
0.014812
0.014167
0.011450
0.006831
0.012813
0.014964
0.012172
0.008409
0.007901
0.007405
0.007592
0.006241
0.008428
0.006573
0.006620
0.006036
0.005453
0.010415
0.005251
0.006476
0.010577
0.004095
0.010653
0.004532
0.004643
0.005922
0.005605
0.005568
0.004110
0.005199
0.004616
0.004016
0.002425
0.004266
0.003923
0.004538
0.003890
0.003890
0.002781
0.003581
0.003724
0.003487
0.004383
0.001788
0.005024
0.002814
0.002246
0.003186
0.001925
0.001665
0.004399
0.001543
0.001909
0.004938
0.000869
0.002699
0.001479
0.001141
0.002250
0.002568
0.001092
0.003430
0.002311
0.001619
0.002060
0.000984
0.001255
0.001488
0.000798
0.001426
0.001075
0.000855
0.001163
0.001005
0.000345
0.000577
0.000379
0.000272
0.001353
0.000432
0.000837
0.002262
0.001246
0.002132
0.000658
0.000349
