0.190262
0.083958
0.070397
0.071360
0.071670
0.071119
0.070867
0.069667
0.069358
0.070435
0.068543
0.067167
0.065734
0.065928
0.066138
0.064860
0.067904
0.066605
0.064418
0.064271
0.065819
0.063542
0.063560
0.061797
0.059731
0.060838
0.059047
0.057589
0.057127
0.058324
0.059159
0.060083
0.055305
0.056031
0.055631
0.054425
0.053435
0.053610
0.050563
0.050737
0.049953
0.049774
0.049801
0.051699
0.051261
0.056746
0.050939
0.051503
0.053377
0.050555
0.048340
0.055273
0.047663
0.048058
0.045328
0.041858
0.038624
0.041980
0.044594
0.042603
0.041109
0.037715
0.043041
0.039079
0.037825
0.037772
0.037117
0.032680
0.031974
0.036703
0.032775
0.032989
0.032385
0.029597
0.031014
0.026552
0.029603
0.031988
0.028644
0.026784
0.028592
0.028208
0.026281
0.028774
0.030248
0.019306
0.018171
0.021625
0.033776
0.030551
0.021013
0.019620
0.017069
0.019033
0.024090
0.019465
0.020739
0.024183
0.019183
0.020655
0.023925
0.028344
0.014621
0.015236
0.019703
0.016624
0.027123
0.018260
0.015115
0.017256
0.013929
0.015383
0.014060
0.015541
0.010441
0.010761
0.011629
0.010829
0.009677
0.007792
0.016192
0.009303
0.014729
0.012806
0.010897
0.009900
0.011650
0.008748
0.014976
0.011809
0.017659
0.019893
0.013376
0.018445
0.016419
0.024417
0.016664
0.009681
0.010138
0.008427
0.009111
0.010887
0.007952
0.010438
0.008766
0.008555
0.012470
0.007954
0.008769
0.008379
