0.086745
0.073611
0.072751
0.069783
0.070595
0.070837
0.068687
0.070539
0.067765
0.065309
0.067214
0.067782
0.069529
0.069142
0.069180
0.069034
0.068080
0.067192
0.067745
0.065085
0.070960
0.065189
0.068156
0.063849
0.067426
0.066932
0.068667
0.067171
0.068831
0.065653
0.066751
0.066408
0.068034
0.066213
0.063379
0.064684
0.063114
0.060653
0.058790
0.057814
0.061131
0.059318
0.064873
0.065604
0.058381
0.058379
0.056648
0.059915
0.058253
0.063725
0.055422
0.057182
0.052027
0.053544
0.052951
0.054860
0.053490
0.056189
0.054895
0.058663
0.054062
0.051352
0.045809
0.046715
0.051486
0.054512
0.047682
0.051909
0.048887
0.058008
0.049868
0.046723
0.050506
0.049498
0.049765
0.045868
0.050129
0.041273
0.044706
0.042162
0.043218
0.049431
0.048002
0.045139
0.041831
0.040293
0.046991
0.044741
0.034866
0.036798
0.034910
0.040485
0.034104
0.042126
0.036363
0.040038
0.040410
0.043707
0.037866
0.033744
0.035471
0.031814
0.040400
0.043851
0.045623
0.038857
0.043504
0.041646
0.036739
0.032921
0.039661
0.044412
0.039268
0.040907
0.041337
0.042372
0.035464
0.046897
0.035221
0.034631
0.034571
0.043816
0.048366
0.039619
0.036809
0.039196
0.036162
0.038129
0.030875
0.029625
0.027917
0.028816
0.030012
0.025277
0.026391
0.031249
0.034938
0.026150
0.025234
0.026699
0.027598
0.023187
0.038056
0.027570
0.032617
0.026947
0.022486
0.022123
0.015214
0.018998
