0.086724
0.070563
0.071670
0.071670
0.071670
0.071670
0.071670
0.070651
0.070691
0.071924
0.070817
0.070690
0.070763
0.066640
0.069576
0.064411
0.067722
0.067410
0.065019
0.066705
0.067005
0.065375
0.064641
0.064758
0.066411
0.065711
0.062033
0.064709
0.066386
0.066663
0.064231
0.067466
0.064625
0.063583
0.062973
0.062304
0.063817
0.062898
0.063113
0.067778
0.060840
0.061719
0.063268
0.061774
0.064263
0.060503
0.060131
0.062348
0.058035
0.059472
0.057691
0.066096
0.055356
0.058356
0.063286
0.063499
0.055240
0.060306
0.057974
0.057989
0.057955
0.050881
0.055893
0.054152
0.055293
0.054824
0.053433
0.056240
0.058312
0.059845
0.056338
0.055025
0.062772
0.055268
0.056698
0.055855
0.053631
0.052043
0.045651
0.046194
0.042961
0.044832
0.049591
0.041508
0.039735
0.057060
0.042167
0.039186
0.040057
0.041355
0.042578
0.041297
0.040323
0.041160
0.033353
0.028910
0.039274
0.036739
0.036690
0.030353
0.031048
0.032987
0.032254
0.032194
0.031945
0.032661
0.030282
0.041539
0.035779
0.043429
0.037702
0.039306
0.041692
0.036433
0.035228
0.036634
0.029349
0.035928
0.035799
0.037063
0.031983
0.031986
0.034365
0.031391
0.031499
0.035167
0.029175
0.032573
0.029913
0.029321
0.034716
0.029324
0.029944
0.033160
0.040265
0.032074
0.028706
0.025037
0.024042
0.023661
0.021921
0.020586
0.029894
0.029574
0.027531
0.053215
0.029195
0.037294
0.023401
0.025837
