0.145739
0.107787
0.083318
0.089847
0.084996
0.084718
0.068649
0.066847
0.069814
0.070013
0.068131
0.070809
0.064947
0.063558
0.063427
0.068264
0.064612
0.068753
0.066545
0.062908
0.062996
0.064208
0.063772
0.062184
0.057551
0.056197
0.054264
0.055570
0.053703
0.051879
0.053674
0.055538
0.051610
0.048041
0.050716
0.047893
0.048257
0.040624
0.046916
0.043088
0.044101
0.039688
0.038436
0.035208
0.031490
0.033164
0.032889
0.028519
0.025672
0.032003
0.023772
0.030597
0.024613
0.026308
0.024693
0.028307
0.027101
0.028496
0.019953
0.023407
0.023699
0.017632
0.024371
0.015297
0.022912
0.020379
0.019744
0.015463
0.027473
0.021735
0.014277
0.019130
0.014468
0.017184
0.013057
0.013456
0.013434
0.019087
0.016134
0.012048
0.018524
0.009711
0.022380
0.011091
0.025039
0.012390
0.015592
0.013877
0.017586
0.013276
0.018454
0.018732
0.011087
0.012942
0.013543
0.025120
0.014645
0.006444
0.007124
0.011634
0.013579
0.012605
0.009524
0.014038
0.009110
0.008518
0.008205
0.011517
0.022819
0.013617
0.008100
0.008725
0.010480
0.009022
0.006223
0.005270
0.003253
0.004736
0.005249
0.002914
0.006000
0.005288
0.007297
0.005371
0.004190
0.003100
0.003674
0.005928
0.008835
0.004071
0.004811
0.010373
0.005083
0.008731
0.004748
0.009976
0.005453
0.002124
0.003372
0.004564
0.005554
0.004170
0.008062
0.019598
0.028691
0.018995
0.017157
0.028943
0.008754
0.017797
