0.072702
0.071675
0.071246
0.070749
0.068544
0.069038
0.067472
0.067321
0.066723
0.066365
0.064270
0.061420
0.062554
0.058995
0.059889
0.057165
0.058522
0.057588
0.057132
0.055594
0.055650
0.054066
0.053074
0.050981
0.050752
0.049024
0.050179
0.048599
0.047029
0.047352
0.046849
0.045765
0.048059
0.045082
0.045750
0.047831
0.046792
0.045286
0.043450
0.043703
0.045466
0.046169
0.045428
0.043033
0.043096
0.044300
0.040724
0.042697
0.041669
0.043166
0.042151
0.041191
0.040095
0.039409
0.040961
0.042428
0.043421
0.040744
0.039553
0.039374
0.042546
0.038805
0.037096
0.032291
0.035908
0.036200
0.034523
0.034795
0.034181
0.034507
0.032753
0.034124
0.031241
0.030606
0.031746
0.031943
0.033842
0.031791
0.031668
0.031647
0.029802
0.029436
0.028970
0.031030
0.028372
0.028098
0.025566
0.029793
0.029576
0.027668
0.028839
0.030366
0.027443
0.027542
0.028285
0.028424
0.028947
0.028106
0.026669
0.029454
0.026493
0.025859
0.027390
0.024321
0.025698
0.027769
0.025025
0.024438
0.023518
0.025685
0.025448
0.026020
0.025639
0.023720
0.025677
0.027005
0.023935
0.022243
0.019841
0.022223
0.021509
0.022873
0.022331
0.020696
0.023440
0.022586
0.018780
0.023862
0.024006
0.021582
0.021443
0.022378
0.018711
0.021276
0.021532
0.020281
0.022278
0.019674
0.020675
0.021133
0.020736
0.023471
0.021137
0.021283
0.020325
0.019948
0.023421
0.021978
0.019118
0.020688
