0.138512
0.104529
0.096572
0.093723
0.084955
0.075401
0.074015
0.072775
0.068964
0.066183
0.063062
0.062475
0.060406
0.053911
0.058887
0.055737
0.055817
0.055770
0.052315
0.052493
0.050914
0.055414
0.047338
0.047426
0.041965
0.041360
0.041081
0.040432
0.034232
0.038763
0.036728
0.032920
0.035044
0.036843
0.035739
0.034450
0.028920
0.030088
0.034041
0.028496
0.025311
0.027104
0.026470
0.023697
0.022152
0.020020
0.019997
0.018464
0.016706
0.017978
0.016751
0.013741
0.010895
0.013169
0.014882
0.011486
0.013489
0.013929
0.008794
0.009983
0.007984
0.008288
0.008013
0.007505
0.007658
0.007415
0.006618
0.004878
0.002756
0.003560
0.003651
0.003125
0.002616
0.002152
0.002076
0.002126
0.003508
0.003072
0.004697
0.004253
0.003368
0.002733
0.004280
0.002792
0.003809
0.001735
0.003696
0.001663
0.003539
0.004869
0.004370
0.003553
0.003593
0.003241
0.001870
0.002041
0.001717
0.002131
0.001284
0.003740
0.001459
0.001706
0.001370
0.002054
0.001276
0.001332
0.001365
0.001245
0.001301
0.000720
0.001241
0.002035
0.000452
0.000980
0.001496
0.002235
0.000669
0.001323
0.000885
0.002339
0.000767
0.001234
0.002662
0.000877
0.001022
0.002176
0.000513
0.001198
0.000655
0.002458
0.001635
0.002181
0.000792
0.001903
0.000758
0.000397
0.000568
0.001886
0.000727
0.003950
0.002488
0.001866
0.007430
0.001620
0.001268
0.000797
0.002958
0.000232
0.001487
0.000891
