0.119517
0.087622
0.076306
0.072008
0.070798
0.073541
0.070161
0.072401
0.066819
0.064321
0.061743
0.059264
0.058243
0.054429
0.055332
0.055214
0.054518
0.054397
0.053932
0.053254
0.050480
0.049347
0.048149
0.049518
0.047056
0.047256
0.048284
0.044179
0.044182
0.044643
0.044072
0.043599
0.040777
0.039762
0.038507
0.041318
0.040259
0.036791
0.038426
0.035506
0.036125
0.037751
0.036848
0.037120
0.038627
0.035118
0.037266
0.034641
0.034880
0.034805
0.034566
0.033677
0.031920
0.032264
0.031852
0.031196
0.031048
0.034084
0.031127
0.031814
0.030705
0.028735
0.028643
0.031539
0.029653
0.025469
0.027942
0.027060
0.027732
0.026529
0.028523
0.028676
0.029282
0.028084
0.028576
0.027344
0.028566
0.025762
0.025538
0.026480
0.027032
0.026404
0.026490
0.024058
0.023651
0.026812
0.025982
0.025706
0.025589
0.025404
0.025671
0.023766
0.024940
0.026053
0.025826
0.026821
0.025237
0.024372
0.025896
0.023991
0.023696
0.026953
0.022106
0.025215
0.023704
0.025573
0.026497
0.021685
0.021446
0.025453
0.024216
0.021927
0.024368
0.024557
0.023837
0.024222
0.023576
0.026203
0.024436
0.025343
0.022881
0.022448
0.021892
0.022017
0.021956
0.019035
0.023263
0.020766
0.023245
0.019776
0.022020
0.022174
0.019692
0.019571
0.017281
0.018695
0.018818
0.018149
0.017890
0.019411
0.017357
0.018561
0.016750
0.016714
0.014780
0.014081
0.019513
0.011111
0.015212
0.011161
