0.176682
0.115204
0.090151
0.075444
0.078407
0.075401
0.075795
0.073890
0.072604
0.070654
0.068062
0.069257
0.066597
0.065942
0.063186
0.061024
0.058751
0.059856
0.057861
0.056878
0.059121
0.057828
0.055662
0.052803
0.051296
0.051980
0.054611
0.053276
0.050749
0.048389
0.047284
0.045933
0.047902
0.046331
0.042967
0.045891
0.043858
0.045457
0.040294
0.041749
0.043348
0.040518
0.037910
0.036143
0.037675
0.033970
0.035903
0.034438
0.036232
0.030856
0.032741
0.031611
0.031960
0.030585
0.029069
0.030898
0.027082
0.025504
0.025371
0.025235
0.027116
0.027737
0.024939
0.027353
0.025227
0.023488
0.024277
0.023106
0.020673
0.024321
0.023042
0.023109
0.019467
0.019515
0.017322
0.019610
0.016929
0.018306
0.014862
0.015988
0.013365
0.015936
0.012670
0.015337
0.012547
0.010691
0.010949
0.010142
0.010821
0.008371
0.008775
0.009143
0.008956
0.010098
0.007870
0.007943
0.006668
0.008067
0.006448
0.006495
0.005931
0.005403
0.006540
0.006709
0.006626
0.004815
0.004096
0.006069
0.004775
0.004293
0.004532
0.005511
0.005477
0.004240
0.004429
0.004342
0.005274
0.003673
0.003802
0.003854
0.004005
0.003910
0.003919
0.003322
0.003035
0.004043
0.003016
0.003371
0.003331
0.003450
0.003803
0.003840
0.003407
0.002869
0.003872
0.003668
0.003516
0.003235
0.003091
0.002458
0.003259
0.002543
0.003356
0.002260
0.002324
0.002193
0.002100
0.002133
0.003087
0.002136
