0.099707
0.069520
0.069001
0.067726
0.066239
0.065046
0.063345
0.066723
0.062544
0.063322
0.061893
0.059540
0.058758
0.057520
0.058107
0.056914
0.055242
0.052821
0.054932
0.052478
0.053544
0.054750
0.049362
0.052392
0.048160
0.048526
0.048236
0.047904
0.046047
0.047210
0.046325
0.049353
0.047805
0.043932
0.044486
0.043880
0.046600
0.044743
0.044431
0.042839
0.042213
0.043055
0.044902
0.042069
0.041152
0.045167
0.039969
0.037311
0.042716
0.040478
0.039319
0.034885
0.038773
0.036605
0.039315
0.035006
0.032588
0.034767
0.035474
0.034768
0.032293
0.032539
0.030149
0.031040
0.029681
0.029906
0.029137
0.031136
0.027255
0.027222
0.028688
0.028055
0.025498
0.023552
0.027944
0.022983
0.022115
0.023578
0.024374
0.023122
0.019407
0.021152
0.018633
0.020063
0.017784
0.019101
0.017685
0.017760
0.017209
0.016697
0.016565
0.014595
0.017193
0.015616
0.016309
0.016323
0.014814
0.015764
0.012784
0.013523
0.010384
0.011443
0.009465
0.008321
0.010950
0.007395
0.008048
0.008228
0.006728
0.007680
0.007944
0.007291
0.005899
0.005496
0.005980
0.006256
0.004315
0.004271
0.004292
0.004398
0.004136
0.003747
0.005068
0.003926
0.003486
0.002797
0.003341
0.002835
0.002399
0.002543
0.002672
0.002219
0.003040
0.002245
0.002898
0.002100
0.001986
0.001962
0.001808
0.002331
0.002099
0.002115
0.001744
0.001682
0.001950
0.001955
0.001521
0.001696
0.001666
0.001504
