0.076906
0.069807
0.068735
0.068458
0.071072
0.069573
0.068445
0.069691
0.066427
0.066536
0.066484
0.068110
0.067314
0.063657
0.066707
0.065425
0.062525
0.061341
0.057620
0.057730
0.053765
0.055512
0.053647
0.054021
0.050429
0.049531
0.055622
0.049667
0.053651
0.051691
0.047214
0.055498
0.049137
0.046631
0.049654
0.047035
0.045728
0.047292
0.045598
0.051752
0.050257
0.044352
0.041334
0.044250
0.042808
0.048289
0.042862
0.057675
0.049896
0.037403
0.042534
0.044207
0.036598
0.032917
0.034121
0.029778
0.029282
0.028969
0.027943
0.027643
0.035488
0.028131
0.020922
0.027223
0.025878
0.029065
0.029043
0.026374
0.028629
0.029182
0.028776
0.022485
0.022304
0.026192
0.030405
0.027323
0.032325
0.033541
0.030639
0.025295
0.027219
0.028738
0.024363
0.019495
0.016551
0.024903
0.018430
0.017842
0.020786
0.017015
0.014479
0.015622
0.014582
0.021247
0.018095
0.015249
0.014974
0.018405
0.018719
0.014302
0.026959
0.023022
0.011759
0.018938
0.015432
0.017108
0.011650
0.014862
0.013608
0.023377
0.022142
0.020536
0.023217
0.031138
0.043456
0.033438
0.025837
0.028397
0.032814
0.025995
0.023036
0.027458
0.025434
0.022635
0.018907
0.020299
0.016661
0.022387
0.024647
0.022175
0.031506
0.018310
0.018001
0.020655
0.018459
0.014190
0.016487
0.017077
0.015630
0.015590
0.016753
0.013173
0.012457
0.013784
0.011454
0.015025
0.017029
0.013070
0.012541
0.013469
