0.090935
0.075405
0.073131
0.069940
0.066860
0.067874
0.065097
0.063583
0.065859
0.063314
0.061624
0.059191
0.058727
0.058129
0.056436
0.056691
0.059220
0.053320
0.047843
0.049973
0.053036
0.050556
0.050532
0.048669
0.049671
0.046260
0.042511
0.039717
0.041173
0.039160
0.038371
0.037994
0.037717
0.036508
0.032058
0.031507
0.030402
0.036193
0.030331
0.031130
0.028472
0.030568
0.032829
0.036384
0.028788
0.028680
0.026059
0.024806
0.025914
0.025599
0.025122
0.027696
0.022476
0.019576
0.021031
0.020937
0.021699
0.024255
0.021288
0.026147
0.017464
0.041307
0.018431
0.041410
0.035955
0.019619
0.019714
0.018263
0.026774
0.033667
0.053048
0.024759
0.020216
0.018909
0.019871
0.014087
0.015801
0.010099
0.017822
0.021857
0.012922
0.016469
0.011205
0.013905
0.012290
0.012021
0.005824
0.016906
0.011287
0.010306
0.008082
0.009710
0.013089
0.013980
0.010819
0.009490
0.008947
0.008197
0.014870
0.009221
0.011365
0.007621
0.008341
0.008558
0.008976
0.008339
0.011974
0.016254
0.013080
0.014069
0.033392
0.023740
0.009793
0.023442
0.014324
0.011975
0.013151
0.019937
0.013893
0.007513
0.016185
0.011956
0.009281
0.012265
0.007396
0.011050
0.009844
0.010816
0.019517
0.010117
0.010830
0.010496
0.010185
0.012866
0.012038
0.009523
0.011726
0.011133
0.008856
0.010599
0.009139
0.006416
0.009453
0.011426
0.007795
0.007248
0.014022
0.008229
0.009578
0.016351
