0.514664
0.346137
0.085799
0.051237
0.051091
0.042056
0.040343
0.038965
0.038648
0.038380
0.038802
0.037634
0.038637
0.039116
0.035384
0.037597
0.034478
0.035300
0.035124
0.033343
0.036647
0.035375
0.033557
0.034104
0.032366
0.032334
0.035559
0.033910
0.032006
0.031925
0.032642
0.033697
0.031816
0.032661
0.033402
0.031690
0.031655
0.031654
0.032467
0.033284
0.034150
0.033235
0.032482
0.031598
0.033253
0.033260
0.033255
0.032406
0.031591
0.029975
0.032486
0.034102
0.034295
0.032455
0.031611
0.032356
0.034175
0.030722
0.032435
0.032350
0.030709
0.033183
0.031511
0.034021
0.032363
0.030693
0.034822
0.032381
0.034031
0.032380
0.032338
0.029826
0.031502
0.034004
0.032334
0.033143
0.031476
0.033158
0.030636
0.031490
0.031462
0.032329
0.033999
0.032301
0.033999
0.033141
0.033178
0.032300
0.030616
0.033144
0.033124
0.030646
0.033125
0.030616
0.032290
0.033122
0.033165
0.034795
0.032313
0.029754
0.033982
0.032279
0.031441
0.032297
0.032273
0.033113
0.032282
0.033109
0.032283
0.032261
0.031440
0.032274
0.033092
0.031433
0.032273
0.029752
0.033097
0.032283
0.030588
0.033101
0.034790
0.030592
0.032271
0.033097
0.033103
0.031428
0.030582
0.032268
0.030575
0.031431
0.033933
0.033099
0.030598
0.032257
0.033931
0.031424
0.033094
0.033109
0.030584
0.029742
0.033087
0.030585
0.033087
0.031411
0.032252
0.033925
0.032270
0.032247
0.032268
0.033925
