0.091537
0.069804
0.058315
0.052950
0.050446
0.051070
0.044609
0.041553
0.036880
0.039960
0.032720
0.033672
0.026983
0.026318
0.020892
0.021414
0.020446
0.022106
0.019661
0.018558
0.017193
0.013759
0.012298
0.011567
0.008688
0.008433
0.007666
0.007916
0.007584
0.007518
0.005056
0.004470
0.004521
0.004022
0.003611
0.003046
0.002821
0.002620
0.002609
0.002393
0.002242
0.001585
0.001295
0.001495
0.001268
0.001097
0.001022
0.001421
0.001766
0.001360
0.001972
0.001880
0.001447
0.001258
0.001014
0.000866
0.000794
0.000917
0.000553
0.000507
0.000535
0.000485
0.000427
0.000369
0.000248
0.000280
0.000279
0.000231
0.000215
0.000274
0.000190
0.000157
0.000197
0.000169
0.000190
0.000163
0.000145
0.000107
0.000112
0.000130
0.000127
0.000175
0.000102
0.000120
0.000151
0.000097
0.000123
0.000091
0.000077
0.000152
0.000228
0.000201
0.000242
0.000220
0.000216
0.000135
0.000290
0.000178
0.000636
0.000909
0.005274
0.003628
0.007201
0.008916
0.020920
0.023816
0.012067
0.010092
0.009096
0.008681
0.010242
0.007475
0.008240
0.004128
0.002828
0.005030
0.005172
0.003746
0.003310
0.004993
0.003004
0.003426
0.002382
0.003680
0.001361
0.001347
0.001027
0.000743
0.000618
0.000634
0.000597
0.000302
0.000359
0.000332
0.000248
0.000408
0.000246
0.000231
0.000175
0.000157
0.000156
0.000137
0.000156
0.000195
0.000110
0.000142
0.000151
0.000266
0.000207
0.000141
