0.086519
0.070134
0.059100
0.056837
0.048168
0.042577
0.039814
0.036042
0.028643
0.028012
0.028107
0.025058
0.025013
0.022289
0.017269
0.015437
0.014686
0.017835
0.015690
0.011915
0.013749
0.011586
0.009192
0.010271
0.009041
0.007004
0.008137
0.008347
0.006985
0.005764
0.005956
0.006183
0.004030
0.003144
0.002916
0.001882
0.002004
0.001681
0.001431
0.001182
0.001177
0.000901
0.001008
0.000941
0.000773
0.000858
0.000623
0.000579
0.000557
0.000410
0.000483
0.000541
0.000376
0.000412
0.000346
0.000425
0.000317
0.000410
0.000285
0.000279
0.000285
0.000240
0.000243
0.000230
0.000164
0.000178
0.000200
0.000217
0.000163
0.000176
0.000261
0.000249
0.000261
0.000195
0.000169
0.000148
0.000162
0.000141
0.000111
0.000122
0.000128
0.000136
0.000114
0.000093
0.000130
0.000092
0.000066
0.000057
0.000060
0.000083
0.000091
0.000057
0.000070
0.000074
0.000064
0.000058
0.000065
0.000051
0.000056
0.000054
0.000051
0.000065
0.000100
0.000050
0.000094
0.000086
0.000057
0.000048
0.000047
0.000044
0.000032
0.000059
0.000037
0.000054
0.000054
0.000036
0.000033
0.000028
0.000061
0.000033
0.000029
0.000042
0.000026
0.000053
0.000026
0.000027
0.000025
0.000059
0.000038
0.000034
0.000030
0.000024
0.000023
0.000019
0.000021
0.000020
0.000020
0.000037
0.000029
0.000037
0.000025
0.000031
0.000017
0.000032
0.000020
0.000032
0.000020
0.000027
0.000027
0.000019
