0.101807
0.068810
0.060656
0.057947
0.055795
0.051625
0.049418
0.045726
0.041399
0.038218
0.040733
0.039638
0.036977
0.035856
0.033836
0.031943
0.031512
0.030783
0.029420
0.029875
0.027092
0.023732
0.021503
0.021523
0.022042
0.021778
0.020997
0.020140
0.019967
0.017428
0.020546
0.021005
0.016560
0.018392
0.013139
0.010134
0.010566
0.010128
0.007438
0.007959
0.004583
0.004448
0.003895
0.004058
0.004099
0.004550
0.002737
0.002572
0.002688
0.003219
0.002392
0.002213
0.002025
0.002435
0.002205
0.001749
0.001655
0.001430
0.001503
0.001403
0.001152
0.001006
0.000971
0.000817
0.000780
0.000922
0.001551
0.001427
0.001295
0.001036
0.001357
0.000950
0.000944
0.001049
0.000873
0.000826
0.000987
0.000899
0.001579
0.001089
0.000964
0.000612
0.000714
0.000679
0.000588
0.000552
0.000406
0.000434
0.000502
0.000512
0.000464
0.000589
0.000498
0.000540
0.000597
0.000641
0.000856
0.002484
0.001822
0.004824
0.003507
0.004009
0.007331
0.008982
0.018597
0.011831
0.019860
0.014395
0.014671
0.012698
0.006267
0.006102
0.004023
0.003798
0.003499
0.003610
0.001424
0.001939
0.001983
0.003973
0.004481
0.003642
0.001748
0.001704
0.000986
0.001313
0.000712
0.000690
0.000671
0.000436
0.000538
0.000366
0.000281
0.000327
0.000441
0.000273
0.000237
0.000294
0.000221
0.000253
0.000276
0.000201
0.000256
0.000144
0.000157
0.000181
0.000263
0.000200
0.000111
0.000138
