0.091119
0.067907
0.049022
0.044812
0.038438
0.037265
0.033773
0.028421
0.022943
0.024397
0.020756
0.019461
0.018248
0.014494
0.013905
0.012930
0.011271
0.011921
0.010597
0.008409
0.009866
0.007106
0.006762
0.005210
0.004704
0.003957
0.003897
0.004007
0.005055
0.003169
0.003353
0.003545
0.003148
0.002830
0.002544
0.002480
0.002594
0.003907
0.006670
0.005764
0.004824
0.004038
0.003706
0.005740
0.003620
0.003387
0.002823
0.003067
0.003193
0.002419
0.002106
0.001855
0.001191
0.000982
0.001167
0.001221
0.000708
0.000751
0.000703
0.000667
0.000409
0.000436
0.000438
0.000449
0.000311
0.000318
0.000339
0.000301
0.000454
0.000389
0.000270
0.000308
0.000175
0.000215
0.000163
0.000185
0.000656
0.000950
0.000954
0.000550
0.000572
0.000688
0.000390
0.000559
0.000365
0.000264
0.000222
0.000243
0.000272
0.000132
0.000164
0.000177
0.000157
0.000116
0.000088
0.000116
0.000083
0.000100
0.000128
0.000153
0.000064
0.000090
0.000082
0.000060
0.000160
0.000506
0.000532
0.000263
0.000231
0.000200
0.000123
0.000106
0.000128
0.000094
0.000098
0.000076
0.000087
0.000091
0.000105
0.000081
0.000067
0.000052
0.000053
0.000040
0.000066
0.000041
0.000053
0.000054
0.000056
0.000043
0.000038
0.000035
0.000051
0.000033
0.000039
0.000036
0.000027
0.000050
0.000029
0.000043
0.000035
0.000032
0.000041
0.000051
0.000033
0.000030
0.000026
0.000023
0.000024
0.000034
