0.105898
0.066311
0.055636
0.049045
0.041493
0.030417
0.026538
0.024992
0.023147
0.019102
0.015475
0.015273
0.013117
0.010591
0.009113
0.007582
0.008081
0.009459
0.006605
0.006664
0.006717
0.008030
0.008025
0.007342
0.008477
0.008227
0.007437
0.005757
0.005045
0.004667
0.004535
0.003828
0.005323
0.005462
0.004201
0.006191
0.007298
0.008771
0.004530
0.003746
0.004711
0.004174
0.003529
0.002801
0.002228
0.001710
0.001459
0.001546
0.001478
0.001987
0.001278
0.000923
0.000959
0.000672
0.000752
0.000696
0.000367
0.000402
0.000287
0.000273
0.000221
0.000285
0.000205
0.000269
0.000230
0.000178
0.000195
0.000189
0.000262
0.000223
0.000244
0.000157
0.000144
0.000159
0.000135
0.000169
0.000093
0.000143
0.000141
0.000100
0.000092
0.000141
0.000191
0.000178
0.000110
0.000096
0.000107
0.000159
0.000196
0.000141
0.000157
0.000190
0.000103
0.000129
0.000082
0.000076
0.000093
0.000116
0.000080
0.000087
0.000073
0.000087
0.000073
0.000060
0.000061
0.000082
0.000046
0.000116
0.000118
0.000070
0.000081
0.000057
0.000124
0.000062
0.000060
0.000035
0.000052
0.000056
0.000049
0.000079
0.000050
0.000051
0.000055
0.000060
0.000061
0.000070
0.000060
0.000063
0.000034
0.000063
0.000122
0.000034
0.000042
0.000039
0.000028
0.000040
0.000031
0.000040
0.000022
0.000027
0.000027
0.000065
0.000051
0.000113
0.000052
0.000234
0.000358
0.001898
0.004627
0.027265
