0.072438
0.071670
0.070257
0.070910
0.067620
0.067119
0.068522
0.068141
0.063558
0.065715
0.066609
0.065341
0.064786
0.066684
0.064981
0.065966
0.066054
0.066465
0.062363
0.064864
0.064319
0.063623
0.061779
0.060745
0.062321
0.064362
0.062138
0.058614
0.068747
0.062686
0.062447
0.061617
0.061504
0.059841
0.058863
0.061258
0.059677
0.059997
0.058326
0.057786
0.059818
0.059361
0.057450
0.062341
0.056893
0.056375
0.057511
0.057660
0.052472
0.055112
0.053275
0.059031
0.056337
0.055211
0.054066
0.053981
0.054264
0.053044
0.055055
0.054800
0.055563
0.054455
0.051105
0.053627
0.053926
0.052007
0.052610
0.053429
0.053827
0.053639
0.052166
0.051797
0.051972
0.051177
0.053662
0.051564
0.047669
0.056535
0.055486
0.054878
0.055766
0.052363
0.053809
0.049910
0.045306
0.049982
0.050139
0.050236
0.048345
0.045104
0.042756
0.042768
0.044496
0.041071
0.042617
0.041850
0.036870
0.042346
0.036436
0.040907
0.039253
0.038280
0.039965
0.037608
0.035405
0.037532
0.032826
0.037514
0.032134
0.031119
0.032744
0.029921
0.030416
0.032030
0.028432
0.028343
0.030980
0.032099
0.034144
0.026732
0.028326
0.029314
0.028958
0.030159
0.024211
0.026397
0.023350
0.024856
0.026115
0.029504
0.025026
0.022755
0.023759
0.025254
0.027339
0.024278
0.025450
0.019876
0.022986
0.028121
0.022113
0.023323
0.023869
0.022378
0.024758
0.018993
0.022784
0.014644
0.016905
0.013603
