0.418477
0.206995
0.243063
0.214168
0.141469
0.122663
0.109548
0.078392
0.076322
0.080039
0.074921
0.069175
0.065750
0.067924
0.067131
0.064610
0.061417
0.059415
0.060530
0.054149
0.056118
0.053570
0.055912
0.055765
0.055063
0.044176
0.051122
0.049120
0.046784
0.049015
0.047766
0.048122
0.045480
0.047913
0.047172
0.046308
0.041728
0.049969
0.036445
0.045830
0.042137
0.047071
0.046022
0.038611
0.034562
0.033979
0.036727
0.035677
0.035099
0.037457
0.033154
0.030720
0.036613
0.030634
0.033238
0.035598
0.025350
0.028858
0.027655
0.023011
0.027941
0.017658
0.022447
0.025736
0.017360
0.018848
0.018728
0.015237
0.015474
0.010332
0.013005
0.012780
0.012167
0.009298
0.010610
0.009814
0.008432
0.007136
0.007320
0.008216
0.010690
0.008257
0.008481
0.010949
0.005975
0.013805
0.006085
0.012521
0.007643
0.003697
0.003779
0.006035
0.004882
0.004874
0.002520
0.006970
0.003341
0.005421
0.004741
0.003916
0.009473
0.005017
0.005719
0.003185
0.004937
0.003647
0.005592
0.014842
0.004459
0.037380
0.024790
0.013007
0.033423
0.014612
0.021606
0.012548
0.011445
0.012950
0.007685
0.012851
0.007931
0.018919
0.014324
0.002743
0.006386
0.005178
0.004552
0.003484
0.004653
0.003403
0.002313
0.003743
0.006013
0.001825
0.001955
0.005682
0.002968
0.002010
0.002015
0.000831
0.000971
0.001699
0.002123
0.001728
0.001681
0.001480
0.000597
0.000445
0.000703
0.000954
