0.386337
0.198597
0.126206
0.071871
0.072737
0.072750
0.072895
0.072112
0.071483
0.071737
0.070656
0.071172
0.070480
0.070288
0.070219
0.070071
0.070552
0.069887
0.070292
0.071264
0.069829
0.070210
0.068920
0.069548
0.070815
0.069288
0.070809
0.071119
0.071119
0.070061
0.068660
0.065743
0.070741
0.066451
0.069855
0.071360
0.071360
0.070529
0.070288
0.069510
0.067490
0.068373
0.068847
0.067980
0.068069
0.069047
0.066470
0.066138
0.062412
0.061878
0.062473
0.064731
0.064178
0.065510
0.063019
0.063187
0.064855
0.064083
0.061644
0.062100
0.062131
0.059562
0.060424
0.061628
0.059053
0.060156
0.062095
0.060234
0.059903
0.053674
0.054184
0.054776
0.055351
0.052584
0.057109
0.049861
0.050114
0.051816
0.048106
0.045756
0.053506
0.048894
0.041757
0.045033
0.043840
0.047327
0.042750
0.043907
0.045717
0.037419
0.039221
0.034026
0.038020
0.036106
0.037631
0.035454
0.032934
0.034185
0.030559
0.032636
0.038405
0.034353
0.032118
0.031586
0.039369
0.029477
0.029902
0.034679
0.033304
0.033173
0.029681
0.032417
0.030371
0.033690
0.027482
0.027869
0.029731
0.026161
0.026309
0.029886
0.025807
0.028394
0.025821
0.029024
0.025115
0.027010
0.029425
0.022854
0.022851
0.024892
0.023032
0.023110
0.024169
0.023093
0.019672
0.018001
0.018282
0.014836
0.016838
0.014112
0.013985
0.015695
0.015903
0.021262
0.014754
0.022445
0.016106
0.017388
0.019410
0.021239
