0.084212
0.071762
0.069030
0.065187
0.063000
0.064957
0.062259
0.062006
0.062784
0.064232
0.064071
0.063849
0.063389
0.065344
0.065091
0.062001
0.061820
0.060003
0.059324
0.054903
0.056307
0.056352
0.054840
0.054427
0.054050
0.054691
0.053420
0.052422
0.053234
0.050954
0.049761
0.050182
0.050413
0.051705
0.050735
0.049522
0.053383
0.050629
0.048619
0.046703
0.049327
0.049376
0.048173
0.045403
0.046986
0.045609
0.046292
0.048765
0.047652
0.047460
0.047088
0.045183
0.051932
0.045779
0.048733
0.045278
0.049711
0.048764
0.045965
0.044326
0.043729
0.047836
0.043336
0.042918
0.045659
0.045744
0.043036
0.044510
0.046221
0.044048
0.047431
0.044416
0.045557
0.040824
0.047619
0.041327
0.042733
0.045075
0.045147
0.045401
0.046357
0.042214
0.044223
0.044238
0.045096
0.040928
0.039007
0.041694
0.045611
0.045751
0.045239
0.043380
0.044005
0.042797
0.037695
0.041803
0.041893
0.043787
0.040630
0.044274
0.042466
0.043615
0.042107
0.040981
0.043261
0.043205
0.043858
0.043795
0.042427
0.041807
0.039687
0.042757
0.045028
0.039256
0.042755
0.038607
0.043158
0.041557
0.042361
0.039036
0.036901
0.037983
0.039444
0.042375
0.035455
0.035512
0.043113
0.040055
0.039453
0.041996
0.036543
0.036883
0.041832
0.036253
0.041343
0.037181
0.040128
0.034648
0.038030
0.037112
0.037384
0.037937
0.035266
0.035219
0.032168
0.038882
0.034056
0.037302
0.034578
0.039200
