0.073799
0.071670
0.071670
0.071670
0.071670
0.073793
0.071246
0.071828
0.071670
0.071670
0.071670
0.071203
0.070996
0.071119
0.070893
0.069444
0.069887
0.067715
0.067955
0.064072
0.064688
0.062106
0.064718
0.061599
0.061209
0.059837
0.059706
0.061420
0.062116
0.060286
0.058741
0.057563
0.059642
0.056728
0.058265
0.054258
0.059225
0.056343
0.054181
0.053851
0.055138
0.054533
0.053944
0.053996
0.053813
0.053250
0.050416
0.055366
0.052421
0.050985
0.045643
0.050313
0.044667
0.048689
0.046247
0.043442
0.046069
0.046642
0.044687
0.043431
0.043172
0.041491
0.041971
0.040256
0.045483
0.037856
0.036391
0.038938
0.039469
0.035079
0.036767
0.033664
0.034854
0.034147
0.034240
0.029101
0.032625
0.042347
0.039832
0.033601
0.033941
0.029571
0.030792
0.029483
0.025598
0.028131
0.025420
0.026157
0.024966
0.026123
0.029107
0.026919
0.025789
0.034650
0.025420
0.025883
0.026974
0.025279
0.027837
0.023084
0.024349
0.023662
0.020298
0.022719
0.025769
0.020267
0.019472
0.022392
0.019025
0.020324
0.016196
0.018483
0.021739
0.016512
0.018464
0.015813
0.018291
0.014627
0.019866
0.019424
0.019652
0.015171
0.016615
0.014946
0.017964
0.018103
0.017265
0.024660
0.014570
0.023963
0.017850
0.034076
0.016894
0.022616
0.032559
0.014543
0.019015
0.017114
0.013104
0.018737
0.014770
0.015498
0.014800
0.012459
0.012341
0.011020
0.013896
0.011521
0.013101
0.011411
