0.140667
0.078506
0.071122
0.070603
0.071638
0.070967
0.069833
0.068804
0.066930
0.063114
0.060922
0.061534
0.059832
0.057650
0.056760
0.061321
0.055953
0.055344
0.057083
0.053938
0.052328
0.054640
0.054348
0.052460
0.051034
0.048253
0.046725
0.049830
0.047424
0.044164
0.040961
0.045380
0.041463
0.039367
0.039221
0.039930
0.040073
0.040321
0.042047
0.036351
0.040867
0.044736
0.038574
0.039305
0.042139
0.035346
0.037921
0.039791
0.036412
0.036777
0.033442
0.030943
0.035532
0.030534
0.032289
0.034862
0.032054
0.029034
0.029540
0.033108
0.028513
0.026659
0.029399
0.028879
0.031493
0.030523
0.025366
0.026296
0.028795
0.022811
0.023345
0.023530
0.023903
0.022855
0.024894
0.021300
0.025840
0.020840
0.020699
0.023254
0.019761
0.023115
0.020707
0.022108
0.015277
0.015552
0.017709
0.013467
0.013775
0.015773
0.014951
0.013218
0.011544
0.011967
0.010542
0.013295
0.012245
0.009794
0.008963
0.011011
0.008423
0.010961
0.007413
0.006956
0.008037
0.006349
0.006785
0.005940
0.006729
0.006370
0.006577
0.010752
0.010061
0.011373
0.024682
0.031293
0.025742
0.030117
0.014585
0.016335
0.013100
0.014386
0.009315
0.009390
0.016971
0.008447
0.006311
0.006818
0.006025
0.006219
0.004735
0.004060
0.006359
0.004507
0.003734
0.004132
0.003884
0.003861
0.004780
0.002875
0.003522
0.002069
0.002469
0.004250
0.003450
0.002037
0.001820
0.001697
0.002236
0.002623
