0.077197
0.071950
0.071670
0.071670
0.071670
0.071670
0.071670
0.070839
0.071925
0.077013
0.071203
0.071483
0.071119
0.070839
0.070735
0.070346
0.070042
0.070735
0.070735
0.069147
0.069342
0.069584
0.068483
0.068289
0.068613
0.069498
0.068599
0.067942
0.068306
0.068533
0.069307
0.067890
0.066948
0.068372
0.066301
0.067413
0.068188
0.065835
0.068177
0.066993
0.066070
0.066907
0.066692
0.067816
0.066638
0.066732
0.065223
0.065883
0.065151
0.064437
0.064394
0.065261
0.064682
0.063625
0.063249
0.061581
0.060454
0.059656
0.061583
0.062848
0.058681
0.060263
0.059224
0.056264
0.060551
0.058983
0.057703
0.056605
0.058761
0.053135
0.054387
0.053744
0.052568
0.052931
0.054690
0.052501
0.049600
0.054643
0.048350
0.050351
0.049580
0.049933
0.048900
0.048178
0.047338
0.048451
0.052603
0.045525
0.046857
0.044722
0.045091
0.045853
0.048153
0.048210
0.047113
0.046193
0.045435
0.045006
0.046785
0.045198
0.046590
0.045730
0.045160
0.045229
0.045415
0.046321
0.045706
0.047886
0.044867
0.043316
0.044428
0.045347
0.047538
0.046322
0.039860
0.044753
0.043694
0.040594
0.043773
0.041536
0.044828
0.041584
0.043461
0.040024
0.041830
0.041809
0.041491
0.042168
0.041390
0.043598
0.040451
0.040762
0.040959
0.041578
0.040931
0.042206
0.039701
0.040888
0.039276
0.036658
0.040497
0.035834
0.041706
0.039597
0.039597
0.041640
0.041567
0.043011
0.040765
0.043708
