0.137482
0.103129
0.097534
0.068019
0.074266
0.074031
0.064488
0.064578
0.057995
0.063424
0.060926
0.055620
0.056575
0.054162
0.052875
0.052603
0.051639
0.052822
0.050154
0.046857
0.049452
0.051134
0.046699
0.051545
0.048207
0.042727
0.049787
0.049681
0.052824
0.047225
0.045193
0.053337
0.043393
0.044905
0.048886
0.051465
0.042816
0.045099
0.043834
0.048161
0.044832
0.041281
0.040476
0.039136
0.045524
0.045167
0.049355
0.042712
0.041158
0.042332
0.049148
0.039459
0.040572
0.049546
0.045484
0.034707
0.044057
0.038022
0.042699
0.036963
0.044401
0.042764
0.037728
0.041495
0.040077
0.038308
0.045892
0.037177
0.043806
0.037087
0.039243
0.039534
0.031874
0.038302
0.038942
0.042314
0.032061
0.037031
0.042539
0.035353
0.039814
0.038092
0.036767
0.035218
0.040275
0.031732
0.038567
0.040527
0.037481
0.032301
0.035735
0.035698
0.033777
0.035427
0.032413
0.034821
0.035012
0.028647
0.033726
0.029897
0.032993
0.033662
0.031821
0.037617
0.031996
0.034103
0.026611
0.030433
0.034139
0.034288
0.044844
0.033745
0.026910
0.039541
0.034877
0.032092
0.043708
0.028054
0.033758
0.042819
0.039713
0.036808
0.036438
0.029082
0.036746
0.030214
0.031982
0.026433
0.028323
0.035597
0.027666
0.031390
0.023764
0.039913
0.058957
0.058951
0.045309
0.042282
0.044239
0.045270
0.036542
0.044193
0.040592
0.037403
0.033072
0.033653
0.036727
0.033869
0.029508
0.035330
