0.071292
0.073087
0.074074
0.072594
0.071360
0.071749
0.069987
0.068025
0.067903
0.065095
0.067837
0.057545
0.057664
0.059273
0.056199
0.055300
0.058903
0.054768
0.056601
0.055340
0.057217
0.056251
0.053384
0.058054
0.055149
0.055973
0.055311
0.055651
0.054420
0.048968
0.050504
0.053968
0.054439
0.049835
0.057488
0.051690
0.058490
0.053119
0.053986
0.050364
0.053481
0.058633
0.054476
0.057915
0.053633
0.053203
0.054745
0.053494
0.051052
0.053187
0.049037
0.052475
0.047302
0.051848
0.047726
0.051763
0.045100
0.048268
0.049705
0.052655
0.050074
0.050708
0.047367
0.050165
0.040829
0.047679
0.047695
0.041543
0.047928
0.043380
0.046821
0.048066
0.053128
0.045524
0.047805
0.037445
0.044439
0.042937
0.046848
0.047208
0.036090
0.040021
0.037615
0.035503
0.034993
0.041278
0.043164
0.033409
0.032977
0.040008
0.041345
0.039836
0.034092
0.045481
0.035449
0.040118
0.037855
0.040543
0.036534
0.026533
0.032081
0.036424
0.025824
0.027547
0.029148
0.024423
0.025201
0.026287
0.031032
0.024753
0.024317
0.023018
0.029428
0.024862
0.024117
0.022649
0.020247
0.013340
0.026309
0.021835
0.015198
0.023635
0.035668
0.021612
0.049246
0.040894
0.039128
0.040822
0.029353
0.048721
0.033910
0.038092
0.031616
0.022210
0.028573
0.034383
0.026708
0.032434
0.025661
0.024915
0.029064
0.018577
0.025226
0.025561
0.021756
0.031071
0.024002
0.019878
0.018044
0.018220
