0.064380
0.062520
0.065217
0.061413
0.061152
0.060616
0.060489
0.060301
0.059545
0.060971
0.059442
0.058817
0.056317
0.054342
0.051121
0.054289
0.056709
0.055396
0.050554
0.049533
0.051141
0.043893
0.047272
0.050887
0.046335
0.044905
0.044897
0.042857
0.042255
0.040449
0.041259
0.039472
0.041017
0.038688
0.031467
0.034821
0.034927
0.031320
0.033291
0.035010
0.029767
0.030877
0.031000
0.027026
0.030064
0.029682
0.025633
0.029286
0.028817
0.026666
0.026931
0.023962
0.026814
0.027295
0.023271
0.023431
0.030847
0.021786
0.027697
0.020836
0.028890
0.024678
0.022048
0.021943
0.022387
0.021102
0.019490
0.020750
0.023300
0.021256
0.019106
0.021135
0.025374
0.018926
0.024537
0.022677
0.026761
0.019899
0.024041
0.022265
0.018818
0.016203
0.018067
0.015202
0.017849
0.015056
0.017848
0.026530
0.016705
0.018499
0.021912
0.016599
0.014745
0.021660
0.013835
0.016716
0.018208
0.019783
0.016398
0.017050
0.026135
0.010120
0.028282
0.019309
0.018138
0.015538
0.022851
0.012453
0.012587
0.013060
0.012593
0.011593
0.011233
0.011502
0.012465
0.010904
0.009059
0.012099
0.010589
0.014002
0.013843
0.009126
0.008884
0.012665
0.012663
0.008752
0.010111
0.007737
0.007192
0.006487
0.007265
0.006662
0.004315
0.006490
0.007186
0.006478
0.005644
0.009334
0.004763
0.004353
0.004920
0.006546
0.006120
0.009201
0.006237
0.009378
0.011531
0.010538
0.009374
0.008465
