0.069260
0.064902
0.061173
0.058114
0.060779
0.062314
0.058868
0.059340
0.058129
0.056455
0.052704
0.052718
0.058173
0.055066
0.052171
0.051193
0.049147
0.048863
0.044411
0.043837
0.044024
0.042614
0.045073
0.044264
0.045901
0.041828
0.040492
0.039641
0.039279
0.035571
0.038672
0.038391
0.037180
0.038312
0.036367
0.033583
0.032607
0.030517
0.028360
0.027346
0.031990
0.030210
0.029810
0.026432
0.029899
0.030017
0.025724
0.025720
0.025402
0.027514
0.025995
0.030078
0.025699
0.024285
0.020729
0.020095
0.024638
0.022872
0.023170
0.018337
0.018457
0.022624
0.021009
0.019645
0.020190
0.022827
0.015211
0.016696
0.015810
0.015617
0.015993
0.013202
0.014658
0.016515
0.016423
0.016763
0.021526
0.019440
0.010441
0.015961
0.014496
0.014311
0.012280
0.013116
0.012651
0.008705
0.008468
0.013898
0.008978
0.012348
0.013055
0.007534
0.008936
0.008878
0.011668
0.009009
0.011943
0.010797
0.010563
0.010543
0.008855
0.010694
0.008700
0.009016
0.010363
0.012019
0.009783
0.013010
0.009658
0.010212
0.007433
0.011165
0.009700
0.015159
0.009079
0.009598
0.008269
0.019771
0.006606
0.008548
0.005619
0.007317
0.006919
0.009700
0.004749
0.006067
0.004547
0.007882
0.006871
0.005468
0.004304
0.004664
0.004263
0.004348
0.007287
0.007910
0.004855
0.007470
0.006016
0.010662
0.007485
0.004419
0.004656
0.005866
0.004851
0.006100
0.003441
0.007173
0.010735
0.003980
