0.076121
0.071360
0.067021
0.063662
0.061786
0.062017
0.063990
0.060391
0.058402
0.059401
0.064178
0.059039
0.062586
0.059052
0.059330
0.055554
0.055984
0.055326
0.052815
0.051813
0.048052
0.053677
0.046203
0.048468
0.049491
0.042003
0.038795
0.040181
0.041081
0.042079
0.043130
0.039168
0.037882
0.043250
0.037055
0.036901
0.037308
0.036725
0.031652
0.034566
0.034597
0.032750
0.030840
0.032260
0.030954
0.029423
0.025537
0.027327
0.028101
0.027033
0.027792
0.030448
0.022463
0.025093
0.028817
0.025881
0.026217
0.024767
0.021825
0.020774
0.022201
0.024285
0.023643
0.019391
0.021741
0.023160
0.022847
0.021016
0.020760
0.025832
0.017464
0.021608
0.022994
0.020523
0.020118
0.018045
0.021904
0.017851
0.015316
0.015557
0.014097
0.015474
0.014668
0.017847
0.011770
0.011306
0.015476
0.010356
0.011290
0.013043
0.009312
0.012926
0.016121
0.008677
0.012902
0.010098
0.013360
0.008247
0.011945
0.014142
0.007506
0.018818
0.012740
0.015682
0.011005
0.011450
0.014362
0.010423
0.009918
0.017924
0.017181
0.009233
0.024732
0.019199
0.010189
0.023325
0.009940
0.010206
0.014173
0.011872
0.011119
0.011819
0.019382
0.013723
0.007918
0.015673
0.012293
0.011053
0.011634
0.011070
0.014121
0.010271
0.011577
0.009091
0.007140
0.007190
0.006747
0.003606
0.003706
0.005425
0.005279
0.003459
0.006807
0.002982
0.003427
0.003855
0.003001
0.002854
0.003648
0.002251
