0.071050
0.071670
0.071670
0.069471
0.062961
0.061634
0.061557
0.062307
0.062364
0.057863
0.057668
0.060059
0.058108
0.051643
0.053105
0.054602
0.055545
0.055392
0.052304
0.052918
0.051395
0.051988
0.048698
0.046440
0.047410
0.045043
0.041672
0.044488
0.041836
0.042482
0.039279
0.035943
0.037376
0.034556
0.036959
0.039045
0.033648
0.032752
0.035067
0.035664
0.030084
0.031250
0.032404
0.029370
0.030828
0.027327
0.031355
0.033233
0.028952
0.027115
0.027923
0.030851
0.027571
0.026145
0.033674
0.031071
0.026285
0.031256
0.028248
0.025596
0.030356
0.029310
0.026678
0.022459
0.023802
0.027061
0.022599
0.022163
0.028273
0.022010
0.024698
0.023748
0.018747
0.019989
0.019835
0.023641
0.021511
0.016150
0.016395
0.022565
0.019802
0.017236
0.018145
0.028950
0.021208
0.017503
0.017893
0.013749
0.014133
0.016019
0.014437
0.018109
0.012132
0.011772
0.012796
0.012670
0.012049
0.011368
0.014332
0.013519
0.011473
0.009876
0.013051
0.011513
0.008387
0.011345
0.008568
0.009027
0.010009
0.009299
0.008221
0.007141
0.010628
0.007658
0.007917
0.005475
0.006852
0.007138
0.007467
0.006411
0.006064
0.008678
0.011049
0.004427
0.007901
0.011837
0.007158
0.007758
0.009562
0.005497
0.007202
0.018045
0.006460
0.017694
0.020158
0.014737
0.027195
0.015548
0.012147
0.011299
0.010677
0.009889
0.008066
0.016746
0.010382
0.010850
0.008344
0.018522
0.007432
0.009478
