0.230000
0.200000
0.230000
0.175000
0.175000
0.175000
0.175000
0.185000
0.195000
0.240000
0.195000
0.200000
0.270000
0.185000
0.175000
0.175000
0.175000
0.175000
0.175000
0.175000
0.175000
0.175000
0.175000
0.175000
0.175000
0.175000
0.175000
0.175000
0.175000
0.180000
0.180000
0.180000
0.185000
0.200000
0.235000
0.300000
0.310000
0.275000
0.180000
0.185000
0.220000
0.300000
0.325000
0.310000
0.315000
0.230000
0.175000
0.190000
0.250000
0.290000
0.250000
0.260000
0.300000
0.280000
0.300000
0.285000
0.305000
0.295000
0.310000
0.320000
0.305000
0.315000
0.310000
0.310000
0.320000
0.320000
0.325000
0.315000
0.325000
0.320000
0.325000
0.325000
0.330000
0.330000
0.330000
0.330000
0.325000
0.325000
0.330000
0.325000
0.330000
0.330000
0.330000
0.330000
0.330000
0.330000
0.325000
0.335000
0.310000
0.330000
0.325000
0.335000
0.325000
0.335000
0.335000
0.335000
0.335000
0.335000
0.335000
0.335000
0.335000
0.335000
0.335000
0.335000
0.335000
0.335000
0.335000
0.335000
0.335000
0.335000
0.340000
0.340000
0.340000
0.340000
0.340000
0.340000
0.340000
0.340000
0.360000
0.415000
0.425000
0.445000
0.440000
0.440000
0.440000
0.445000
0.470000
0.475000
0.460000
0.450000
0.470000
0.485000
0.510000
0.515000
0.540000
0.495000
0.515000
0.515000
0.560000
0.565000
0.595000
0.615000
0.625000
0.630000
0.625000
0.595000
0.630000
0.625000
0.640000
0.635000
