0.468212
0.300538
0.061583
0.057713
0.057326
0.057782
0.056040
0.055021
0.052985
0.052670
0.051299
0.051825
0.051812
0.049702
0.053318
0.050753
0.052234
0.053088
0.051425
0.051317
0.050544
0.051391
0.053083
0.051366
0.053012
0.051304
0.049684
0.052107
0.052168
0.052873
0.052020
0.052017
0.051574
0.051239
0.051771
0.051655
0.047859
0.048768
0.052047
0.052811
0.050627
0.049942
0.048294
0.048688
0.047196
0.057954
0.053145
0.052160
0.052362
0.052550
0.050387
0.050270
0.048886
0.048477
0.048160
0.049081
0.047667
0.046925
0.047137
0.047215
0.047077
0.047756
0.046896
0.047003
0.044284
0.046954
0.045134
0.047366
0.046034
0.046729
0.046457
0.046127
0.043092
0.046693
0.044737
0.045102
0.046492
0.046519
0.045612
0.044973
0.045765
0.046350
0.043910
0.044780
0.045484
0.044512
0.044460
0.044335
0.046675
0.044889
0.044636
0.045858
0.045447
0.043893
0.044855
0.043331
0.045299
0.042946
0.042664
0.043690
0.043259
0.044845
0.043696
0.042976
0.043863
0.044922
0.041556
0.041916
0.040633
0.043786
0.043586
0.042201
0.043283
0.043583
0.041757
0.043647
0.043410
0.043241
0.042726
0.042543
0.040555
0.039410
0.042005
0.041283
0.041764
0.040611
0.042303
0.038431
0.041289
0.041130
0.037403
0.039777
0.035252
0.036526
0.035675
0.034308
0.035703
0.038037
0.034970
0.031700
0.030718
0.032446
0.030843
0.029626
0.030246
0.029684
0.030609
0.028789
0.027437
0.024315
