0.227545
0.173653
0.185629
0.185629
0.185629
0.185629
0.209581
0.275449
0.275449
0.299401
0.251497
0.185629
0.185629
0.185629
0.185629
0.197605
0.197605
0.197605
0.221557
0.233533
0.269461
0.353293
0.317365
0.257485
0.281437
0.365269
0.299401
0.341317
0.233533
0.245509
0.245509
0.257485
0.293413
0.365269
0.365269
0.371257
0.377246
0.389222
0.401198
0.413174
0.419162
0.425150
0.425150
0.461078
0.502994
0.628743
0.592814
0.592814
0.628743
0.556886
0.592814
0.622754
0.634731
0.628743
0.676647
0.778443
0.820359
0.808383
0.730539
0.700599
0.676647
0.688623
0.682635
0.700599
0.826347
0.742515
0.736527
0.754491
0.796407
0.826347
0.874251
0.862275
0.838323
0.844311
0.868263
0.928144
0.940120
0.976048
0.880240
0.832335
0.886228
0.844311
0.964072
0.940120
0.970060
0.928144
0.946108
0.982036
0.994012
0.964072
0.994012
1.000000
1.000000
1.000000
1.000000
1.000000
1.000000
1.000000
1.000000
1.000000
1.000000
1.000000
1.000000
1.000000
0.994012
1.000000
1.000000
1.000000
1.000000
1.000000
1.000000
1.000000
1.000000
1.000000
1.000000
1.000000
1.000000
1.000000
1.000000
1.000000
1.000000
1.000000
1.000000
1.000000
1.000000
1.000000
1.000000
1.000000
1.000000
1.000000
1.000000
1.000000
1.000000
1.000000
1.000000
1.000000
1.000000
1.000000
1.000000
1.000000
1.000000
1.000000
1.000000
1.000000
1.000000
1.000000
1.000000
1.000000
1.000000
1.000000
