0.173279
0.077618
0.049212
0.044440
0.043292
0.036197
0.035537
0.032093
0.031347
0.032906
0.031014
0.031694
0.028070
0.030021
0.026681
0.029327
0.025459
0.028839
0.027775
0.027011
0.024735
0.025280
0.025997
0.025720
0.025734
0.019922
0.022526
0.022015
0.023611
0.015870
0.018254
0.020335
0.015719
0.014288
0.015137
0.018534
0.016923
0.022697
0.019920
0.015754
0.015391
0.015493
0.015108
0.012565
0.012433
0.011929
0.007119
0.019199
0.018394
0.016902
0.005420
0.004547
0.001846
0.002041
0.000840
0.002419
0.024761
0.016030
0.008926
0.003470
0.003173
0.001454
0.001542
0.000620
0.001650
0.008486
0.038901
0.009183
0.003750
0.003203
0.002204
0.000752
0.000957
0.000723
0.000235
0.000185
0.000503
0.000117
0.000159
0.000090
0.000071
0.000142
0.000089
0.000123
0.000072
0.000058
0.000038
0.000061
0.000045
0.000044
0.000032
0.000052
0.000041
0.000032
0.000047
0.000044
0.000043
0.000058
0.000023
0.000028
0.000031
0.000017
0.000029
0.000027
0.000020
0.000015
0.000024
0.000026
0.000021
0.000019
0.000018
0.000017
0.000016
0.000022
0.000019
0.000016
0.000024
0.000015
0.000021
0.000013
0.000013
0.000013
0.000015
0.000012
0.000011
0.000010
0.000009
0.000010
0.000010
0.000012
0.000010
0.000011
0.000016
0.000009
0.000010
0.000011
0.000020
0.000013
0.000011
0.000011
0.000018
0.000012
0.000007
0.000009
0.000009
0.000008
0.000011
0.000010
0.000008
0.000008
