0.112652
0.060601
0.058205
0.060833
0.056088
0.054033
0.053083
0.053222
0.053898
0.053519
0.054084
0.054023
0.054736
0.051590
0.054118
0.054602
0.054560
0.054228
0.051116
0.053996
0.053172
0.052297
0.053796
0.051373
0.052907
0.053126
0.053755
0.053824
0.052964
0.052840
0.052858
0.052894
0.052665
0.052309
0.051452
0.051785
0.053598
0.053718
0.052016
0.052757
0.052785
0.052731
0.052766
0.051961
0.053530
0.052056
0.052747
0.051838
0.053598
0.052656
0.051932
0.052651
0.052684
0.052671
0.053538
0.051848
0.052648
0.052674
0.053500
0.050977
0.052665
0.052656
0.052657
0.051819
0.053489
0.053490
0.052647
0.052641
0.052643
0.052652
0.052640
0.051824
0.053482
0.052646
0.051201
0.050513
0.050410
0.050674
0.050116
0.045709
0.046085
0.046918
0.046107
0.044216
0.044425
0.044680
0.048552
0.046370
0.044670
0.047740
0.044552
0.045299
0.042416
0.043165
0.046041
0.044589
0.045782
0.045641
0.042765
0.045757
0.042537
0.043617
0.045516
0.045133
0.043303
0.041598
0.042620
0.043520
0.043225
0.043773
0.042469
0.041752
0.041159
0.040651
0.043375
0.040667
0.041232
0.041551
0.043012
0.038917
0.040183
0.041297
0.038032
0.036167
0.037431
0.038518
0.039064
0.037164
0.037364
0.036636
0.039694
0.034239
0.037496
0.037097
0.034137
0.036984
0.031884
0.034256
0.033526
0.033507
0.033656
0.032813
0.035794
0.032551
0.033495
0.030882
0.034256
0.035641
0.036640
0.031540
