0.115095
0.081088
0.069259
0.071360
0.071670
0.071950
0.071950
0.071610
0.070908
0.070306
0.068451
0.069430
0.068611
0.065774
0.065728
0.064807
0.064947
0.065233
0.066303
0.063267
0.062513
0.062708
0.063079
0.064321
0.062119
0.059673
0.059364
0.058796
0.058972
0.058843
0.059666
0.058505
0.058375
0.059209
0.058712
0.056710
0.056669
0.058388
0.057999
0.056915
0.055102
0.055658
0.055123
0.052565
0.052313
0.053857
0.052698
0.052649
0.049121
0.049957
0.046294
0.050135
0.043916
0.048015
0.046633
0.044734
0.044098
0.044470
0.045412
0.040521
0.042008
0.043385
0.039971
0.041589
0.040419
0.038854
0.038756
0.038646
0.038986
0.038059
0.036366
0.035889
0.038047
0.036800
0.035344
0.038083
0.037103
0.033750
0.035182
0.034158
0.034202
0.032233
0.033059
0.032287
0.032202
0.033203
0.031484
0.031952
0.028601
0.029621
0.032778
0.029438
0.028035
0.027356
0.028425
0.028462
0.028085
0.028801
0.025110
0.027287
0.026625
0.025577
0.025317
0.025569
0.026871
0.024642
0.024268
0.022095
0.024602
0.024065
0.023971
0.022689
0.023329
0.024138
0.023570
0.023848
0.021155
0.021093
0.022388
0.023557
0.021431
0.020312
0.021453
0.019836
0.020832
0.020326
0.020712
0.020116
0.018577
0.017580
0.018459
0.018854
0.019088
0.016958
0.017774
0.019300
0.018530
0.016807
0.018964
0.016760
0.016352
0.016682
0.017531
0.016707
0.016292
0.016346
0.016757
0.015279
0.014246
0.016615
