0.106443
0.092468
0.080839
0.071979
0.070405
0.068170
0.066055
0.061908
0.059390
0.057310
0.057577
0.055746
0.053298
0.051619
0.052645
0.046891
0.048473
0.045734
0.043769
0.042832
0.046413
0.045530
0.043881
0.044507
0.043878
0.044078
0.043256
0.039804
0.037439
0.038290
0.037600
0.035852
0.033774
0.035918
0.036630
0.034773
0.033775
0.033662
0.033424
0.032708
0.030880
0.028671
0.027380
0.026643
0.026449
0.026786
0.028038
0.027364
0.025973
0.024729
0.023304
0.023863
0.024131
0.024154
0.023613
0.021671
0.022736
0.020863
0.020268
0.020339
0.022289
0.021776
0.019878
0.017743
0.018278
0.017706
0.017423
0.018159
0.017702
0.018174
0.017612
0.017938
0.017401
0.016126
0.015934
0.015053
0.016260
0.013321
0.015143
0.014979
0.014902
0.015409
0.014044
0.014151
0.012316
0.011871
0.011486
0.011785
0.012890
0.011362
0.010556
0.010514
0.010374
0.009389
0.009752
0.010429
0.011143
0.009850
0.008884
0.009934
0.009680
0.009263
0.008473
0.009128
0.008556
0.009126
0.008962
0.007958
0.007347
0.007992
0.008098
0.007462
0.007482
0.007564
0.007333
0.007566
0.008090
0.007646
0.007054
0.006411
0.006081
0.006592
0.006702
0.006921
0.006626
0.006715
0.006453
0.005809
0.006593
0.005921
0.005695
0.006276
0.006015
0.006540
0.005987
0.006324
0.005792
0.005630
0.005475
0.005227
0.005783
0.005314
0.005434
0.005584
0.004970
0.005104
0.004975
0.004674
0.004697
0.004988
