0.252500
0.470000
0.610000
0.657500
0.712500
0.772500
0.835000
0.870000
0.867500
0.902500
0.895000
0.927500
0.950000
0.947500
0.952500
0.965000
0.962500
0.965000
0.980000
0.967500
0.982500
0.972500
0.990000
0.990000
0.972500
0.992500
0.985000
0.985000
0.995000
0.995000
0.987500
0.997500
1.000000
0.997500
0.995000
1.000000
0.997500
1.000000
0.997500
0.997500
1.000000
0.992500
1.000000
1.000000
1.000000
1.000000
1.000000
1.000000
1.000000
1.000000
1.000000
1.000000
1.000000
1.000000
1.000000
1.000000
1.000000
1.000000
0.995000
1.000000
0.997500
0.997500
1.000000
0.995000
0.985000
0.922500
0.912500
0.945000
0.940000
0.945000
0.947500
0.972500
0.957500
0.972500
0.975000
0.995000
0.985000
0.997500
0.995000
0.995000
0.990000
0.977500
0.982500
0.982500
0.992500
0.997500
0.992500
0.997500
0.997500
1.000000
1.000000
1.000000
1.000000
1.000000
1.000000
1.000000
1.000000
1.000000
1.000000
1.000000
0.997500
1.000000
1.000000
0.997500
0.997500
0.997500
1.000000
1.000000
1.000000
0.997500
1.000000
1.000000
1.000000
1.000000
1.000000
1.000000
1.000000
1.000000
1.000000
1.000000
1.000000
1.000000
1.000000
1.000000
1.000000
1.000000
1.000000
1.000000
1.000000
1.000000
1.000000
1.000000
1.000000
1.000000
1.000000
1.000000
1.000000
1.000000
1.000000
1.000000
1.000000
0.997500
1.000000
1.000000
0.997500
0.992500
0.995000
1.000000
1.000000
1.000000
