0.302500
0.485000
0.582500
0.675000
0.740000
0.810000
0.820000
0.852500
0.870000
0.892500
0.920000
0.950000
0.947500
0.945000
0.965000
0.982500
0.967500
0.970000
0.957500
0.972500
0.975000
0.980000
0.975000
0.962500
0.945000
0.915000
0.940000
0.965000
0.970000
0.980000
0.992500
0.985000
0.970000
0.970000
0.985000
0.990000
0.992500
0.990000
0.990000
0.995000
0.987500
0.997500
0.992500
0.997500
1.000000
1.000000
0.992500
1.000000
0.997500
0.997500
1.000000
1.000000
0.997500
1.000000
1.000000
1.000000
1.000000
1.000000
0.997500
1.000000
1.000000
1.000000
0.997500
0.997500
1.000000
1.000000
1.000000
1.000000
1.000000
1.000000
1.000000
1.000000
1.000000
1.000000
1.000000
1.000000
1.000000
1.000000
1.000000
1.000000
1.000000
1.000000
1.000000
1.000000
1.000000
1.000000
1.000000
1.000000
1.000000
1.000000
1.000000
0.997500
1.000000
0.995000
1.000000
1.000000
1.000000
1.000000
1.000000
1.000000
0.997500
0.992500
0.997500
0.990000
0.995000
0.975000
0.930000
0.890000
0.917500
0.940000
0.940000
0.940000
0.970000
0.977500
0.987500
0.990000
1.000000
0.992500
1.000000
0.997500
0.992500
0.997500
0.995000
0.987500
0.995000
0.990000
1.000000
0.995000
1.000000
1.000000
1.000000
0.997500
1.000000
1.000000
1.000000
0.997500
1.000000
0.997500
0.995000
0.997500
0.997500
0.997500
0.997500
0.997500
0.997500
1.000000
1.000000
1.000000
1.000000
1.000000
