0.074487
0.046876
0.036330
0.027489
0.023685
0.020252
0.017067
0.015889
0.012694
0.010627
0.010310
0.008380
0.005460
0.004693
0.004075
0.003149
0.002627
0.003556
0.002586
0.001912
0.001718
0.001619
0.001860
0.002038
0.002764
0.002602
0.001758
0.001375
0.001188
0.000902
0.001093
0.000755
0.000823
0.000973
0.000553
0.000447
0.000381
0.000366
0.000423
0.000537
0.001081
0.000749
0.000582
0.000414
0.000366
0.000257
0.000192
0.000309
0.000222
0.000158
0.000146
0.000103
0.000123
0.000118
0.000102
0.000108
0.000095
0.000099
0.000074
0.000110
0.000073
0.000095
0.000099
0.000079
0.000079
0.000110
0.000078
0.000084
0.000071
0.000069
0.000062
0.000074
0.000079
0.000086
0.000074
0.000051
0.000057
0.000040
0.000061
0.000050
0.000045
0.000040
0.000058
0.000037
0.000036
0.000035
0.000025
0.000024
0.000028
0.000023
0.000029
0.000030
0.000025
0.000022
0.000022
0.000025
0.000026
0.000024
0.000021
0.000022
0.000023
0.000023
0.000023
0.000021
0.000020
0.000023
0.000018
0.000017
0.000017
0.000015
0.000014
0.000014
0.000018
0.000015
0.000023
0.000017
0.000018
0.000019
0.000019
0.000013
0.000018
0.000013
0.000013
0.000014
0.000011
0.000012
0.000011
0.000016
0.000015
0.000013
0.000008
0.000009
0.000009
0.000011
0.000010
0.000008
0.000011
0.000010
0.000012
0.000011
0.000009
0.000008
0.000008
0.000008
0.000007
0.000008
0.000012
0.000010
0.000007
0.000009
