0.061618
0.036609
0.024300
0.020214
0.017070
0.014034
0.012245
0.010397
0.008681
0.008472
0.006407
0.005837
0.004574
0.004280
0.003557
0.002646
0.002931
0.002832
0.002852
0.002210
0.001522
0.001407
0.001088
0.001071
0.000952
0.000972
0.000934
0.000958
0.000758
0.000610
0.000514
0.000543
0.000511
0.000334
0.000360
0.000293
0.000274
0.000272
0.000329
0.000357
0.000390
0.000380
0.000252
0.000270
0.000487
0.000324
0.000269
0.000276
0.000213
0.000182
0.000140
0.000138
0.000098
0.000102
0.000087
0.000087
0.000097
0.000093
0.000085
0.000108
0.000112
0.000071
0.000061
0.000060
0.000062
0.000073
0.000060
0.000061
0.000047
0.000047
0.000051
0.000058
0.000052
0.000041
0.000050
0.000069
0.000064
0.000056
0.000056
0.000058
0.000040
0.000036
0.000029
0.000039
0.000027
0.000024
0.000025
0.000028
0.000027
0.000027
0.000021
0.000027
0.000019
0.000017
0.000019
0.000020
0.000018
0.000016
0.000019
0.000021
0.000017
0.000018
0.000020
0.000016
0.000018
0.000020
0.000016
0.000014
0.000014
0.000014
0.000013
0.000016
0.000014
0.000020
0.000021
0.000018
0.000012
0.000011
0.000012
0.000013
0.000011
0.000012
0.000016
0.000018
0.000012
0.000016
0.003479
0.027207
0.015968
0.012080
0.008481
0.005533
0.003618
0.003414
0.002652
0.002517
0.001514
0.001707
0.001323
0.001270
0.000741
0.000511
0.000434
0.000837
0.000917
0.000635
0.000432
0.000261
0.000311
0.000271
