0.058963
0.045757
0.040959
0.037042
0.032829
0.030324
0.026256
0.023462
0.018657
0.016318
0.013858
0.010459
0.008030
0.008604
0.007069
0.006355
0.005748
0.005129
0.004346
0.003651
0.003526
0.002418
0.001313
0.001080
0.000900
0.000838
0.000872
0.000699
0.000559
0.000470
0.000448
0.000511
0.000414
0.000515
0.000392
0.000431
0.000937
0.002206
0.001463
0.001184
0.000678
0.000711
0.000686
0.000727
0.001615
0.001401
0.008283
0.012001
0.007179
0.007358
0.007923
0.004288
0.004663
0.004113
0.002426
0.002390
0.001160
0.000864
0.000563
0.000549
0.000466
0.000331
0.000486
0.000287
0.000366
0.000311
0.000218
0.000183
0.000173
0.000157
0.000212
0.000126
0.000244
0.000144
0.000291
0.000192
0.000249
0.000217
0.000152
0.000150
0.000152
0.000112
0.000109
0.000127
0.000136
0.000153
0.000122
0.000105
0.000093
0.000064
0.000063
0.000070
0.000057
0.000059
0.000055
0.000056
0.000050
0.000055
0.000048
0.000055
0.000047
0.000094
0.000062
0.000053
0.000066
0.000053
0.000054
0.000055
0.000045
0.000044
0.000063
0.000050
0.000039
0.000052
0.000044
0.000041
0.000034
0.000037
0.000030
0.000029
0.000033
0.000026
0.000024
0.000028
0.000030
0.000029
0.000028
0.000027
0.000024
0.000032
0.000039
0.000033
0.000042
0.000036
0.000041
0.000036
0.000043
0.000045
0.000026
0.000020
0.000020
0.000020
0.000019
0.000021
0.000026
0.000025
0.000018
0.000025
0.000044
0.000024
