0.194704
0.080329
0.082981
0.074599
0.072249
0.072450
0.070375
0.069143
0.068979
0.068987
0.065723
0.067372
0.065036
0.063996
0.062075
0.063618
0.063795
0.063840
0.064779
0.063946
0.062351
0.062531
0.063186
0.061015
0.060039
0.062951
0.063009
0.057983
0.061452
0.060698
0.055749
0.060589
0.060001
0.058553
0.059333
0.056041
0.057537
0.057231
0.055205
0.054086
0.054982
0.049063
0.049525
0.049718
0.049269
0.050248
0.054902
0.051054
0.049721
0.047393
0.044323
0.046512
0.047506
0.045509
0.045978
0.044806
0.048743
0.041716
0.044939
0.044446
0.041832
0.040665
0.042341
0.041334
0.038828
0.039409
0.036798
0.037242
0.038764
0.035580
0.037599
0.037351
0.036365
0.034519
0.034977
0.036095
0.036620
0.036052
0.032905
0.035287
0.032931
0.034548
0.033057
0.040217
0.045271
0.054976
0.072821
0.060225
0.062380
0.061836
0.058669
0.057712
0.057214
0.056763
0.052398
0.052888
0.049336
0.051154
0.050737
0.047520
0.046608
0.046580
0.044071
0.044685
0.042032
0.043496
0.045945
0.044373
0.042160
0.041352
0.040495
0.042450
0.039142
0.039780
0.037895
0.032371
0.034925
0.033576
0.033896
0.030102
0.031065
0.029930
0.030588
0.030513
0.031358
0.029694
0.026724
0.027057
0.026146
0.027780
0.028900
0.026509
0.025830
0.024995
0.023106
0.020510
0.025876
0.020683
0.022575
0.027694
0.025624
0.023279
0.026731
0.022317
0.035680
0.037457
0.043731
0.039390
0.038560
0.032029
