0.079686
0.068384
0.067132
0.066979
0.069554
0.066155
0.066681
0.065315
0.070919
0.067552
0.064990
0.060595
0.066505
0.059720
0.058613
0.058975
0.059897
0.059135
0.063542
0.061293
0.057260
0.056962
0.057213
0.059034
0.057782
0.056177
0.057160
0.054878
0.057865
0.054187
0.050741
0.058309
0.050529
0.052372
0.053033
0.052123
0.055277
0.050828
0.052198
0.057016
0.054100
0.052034
0.051729
0.051326
0.055763
0.047599
0.049370
0.053505
0.050324
0.052981
0.048845
0.044350
0.050024
0.044589
0.053181
0.050299
0.046551
0.047907
0.043983
0.044186
0.037921
0.039861
0.038101
0.043875
0.038694
0.042144
0.039966
0.039004
0.042417
0.038928
0.038042
0.037031
0.036457
0.034306
0.045308
0.040213
0.039420
0.043396
0.032748
0.044801
0.035097
0.032578
0.037393
0.032900
0.035402
0.032078
0.035746
0.037674
0.036089
0.033612
0.034519
0.035812
0.033310
0.035449
0.029054
0.037627
0.031673
0.039464
0.039168
0.026360
0.029248
0.029145
0.031757
0.038595
0.030997
0.034189
0.025884
0.032280
0.035294
0.030155
0.029787
0.027990
0.025851
0.023054
0.031031
0.023710
0.029706
0.023145
0.028970
0.022291
0.032727
0.023756
0.028264
0.024210
0.025194
0.022954
0.027280
0.024704
0.026493
0.029244
0.026931
0.027833
0.023770
0.026615
0.022465
0.030874
0.025907
0.045684
0.033516
0.036276
0.029013
0.027111
0.025999
0.030816
0.022472
0.020793
0.020415
0.021953
0.025647
0.019543
