0.077724
0.072876
0.070118
0.065706
0.064048
0.064461
0.063625
0.063694
0.064173
0.062974
0.061547
0.056362
0.056717
0.052217
0.053335
0.051381
0.050411
0.050638
0.048121
0.047706
0.046605
0.045675
0.040364
0.048657
0.044350
0.045935
0.048674
0.041733
0.045156
0.044569
0.041928
0.037469
0.037445
0.039471
0.035794
0.038465
0.038037
0.032507
0.038802
0.034714
0.035217
0.030339
0.036781
0.027852
0.028292
0.030226
0.032900
0.030998
0.034134
0.027148
0.032813
0.028523
0.027061
0.032569
0.026856
0.030187
0.025269
0.024064
0.035837
0.024738
0.021289
0.031200
0.021807
0.030164
0.031534
0.024762
0.024663
0.025692
0.022575
0.023316
0.021712
0.028053
0.022152
0.019995
0.020891
0.020842
0.025635
0.014094
0.020182
0.025434
0.023070
0.017042
0.013874
0.020172
0.015952
0.021109
0.016377
0.017561
0.017894
0.016645
0.019600
0.019082
0.016241
0.019253
0.016502
0.011505
0.014672
0.021844
0.015973
0.015417
0.017481
0.015745
0.016071
0.014199
0.015087
0.017367
0.022287
0.032041
0.023840
0.011214
0.018899
0.012743
0.014957
0.017038
0.022874
0.027379
0.024865
0.026280
0.022639
0.020718
0.024874
0.011440
0.017122
0.012846
0.020604
0.016904
0.013503
0.016705
0.022195
0.014988
0.018678
0.013969
0.008387
0.012860
0.013181
0.011171
0.013527
0.015673
0.007076
0.009958
0.008039
0.008376
0.007201
0.011674
0.007714
0.048205
0.017124
0.012709
0.026070
0.012594
