0.166377
0.084746
0.078079
0.066224
0.066439
0.062434
0.061968
0.058611
0.067840
0.057363
0.054721
0.058303
0.054116
0.056613
0.056616
0.058143
0.057354
0.054410
0.054232
0.055773
0.055017
0.057984
0.055741
0.055323
0.053673
0.055558
0.055023
0.055719
0.055553
0.057873
0.057724
0.058033
0.056682
0.057669
0.056538
0.049046
0.055963
0.055841
0.051301
0.055963
0.057087
0.052895
0.053145
0.055059
0.052582
0.052012
0.052752
0.051905
0.054351
0.051876
0.052714
0.055838
0.050680
0.053813
0.052420
0.054643
0.050276
0.054714
0.054976
0.053478
0.054399
0.054203
0.054963
0.055851
0.050824
0.054446
0.057815
0.053414
0.057364
0.057882
0.052340
0.053696
0.059099
0.055032
0.053067
0.057962
0.053703
0.050872
0.056236
0.051426
0.055354
0.053453
0.057343
0.051595
0.053738
0.053079
0.052565
0.051162
0.048832
0.050892
0.048613
0.049970
0.052145
0.051996
0.054050
0.048986
0.049930
0.047720
0.050532
0.051405
0.051606
0.049929
0.052039
0.051818
0.050121
0.052317
0.053719
0.050038
0.056079
0.050893
0.055129
0.056904
0.051674
0.055583
0.052090
0.053605
0.054709
0.054239
0.050870
0.051385
0.052901
0.050503
0.049845
0.052979
0.050658
0.051742
0.051671
0.051999
0.047798
0.049944
0.051872
0.054092
0.052073
0.048872
0.055196
0.048572
0.053619
0.052675
0.048976
0.050202
0.052437
0.050109
0.051178
0.053165
0.052356
0.052409
0.051124
0.049744
0.051051
0.050648
