0.125326
0.076465
0.065303
0.068115
0.062212
0.062463
0.064283
0.072313
0.065323
0.059819
0.060700
0.058803
0.060137
0.065946
0.061942
0.058186
0.058799
0.057513
0.057408
0.061127
0.057626
0.058640
0.058891
0.057560
0.056293
0.056705
0.057562
0.061207
0.060628
0.060087
0.057472
0.058923
0.059054
0.065279
0.062255
0.062992
0.059570
0.061606
0.060708
0.062628
0.058994
0.058786
0.064291
0.058506
0.062648
0.057541
0.057346
0.058569
0.060079
0.056299
0.059098
0.057510
0.053524
0.053491
0.059242
0.056107
0.054710
0.056655
0.053589
0.050541
0.054139
0.054795
0.051899
0.049328
0.051077
0.049854
0.054971
0.053795
0.050069
0.056304
0.052464
0.051669
0.057521
0.050349
0.055363
0.050524
0.055210
0.053360
0.055833
0.052334
0.050882
0.053110
0.051664
0.050333
0.047479
0.050869
0.048373
0.052742
0.047935
0.049434
0.051176
0.052432
0.052361
0.047035
0.050373
0.051336
0.053110
0.049043
0.045371
0.048570
0.048912
0.051444
0.046865
0.045634
0.050820
0.051114
0.052175
0.049641
0.049928
0.051090
0.046751
0.048798
0.050042
0.047960
0.049219
0.050874
0.047811
0.045359
0.047334
0.048746
0.047522
0.047357
0.048068
0.051137
0.048452
0.046203
0.047796
0.050057
0.051983
0.050876
0.048774
0.048308
0.046535
0.049482
0.052017
0.047847
0.050895
0.047737
0.048292
0.048472
0.047900
0.048434
0.047162
0.049423
0.045721
0.046992
0.048546
0.047605
0.046292
0.047431
