0.541576
0.220704
0.139136
0.121781
0.109265
0.082487
0.071292
0.070983
0.066194
0.068452
0.063418
0.065717
0.062358
0.057348
0.055184
0.059327
0.061473
0.056739
0.056517
0.057452
0.053549
0.056838
0.051906
0.054122
0.050654
0.050264
0.047888
0.045022
0.046703
0.046923
0.046266
0.047661
0.045493
0.043144
0.041813
0.041825
0.045214
0.044594
0.043447
0.043013
0.041613
0.043320
0.042794
0.038796
0.039605
0.042495
0.041176
0.040336
0.041588
0.039291
0.039136
0.039254
0.035175
0.038574
0.036017
0.039137
0.038588
0.037570
0.037294
0.033944
0.035899
0.035038
0.033907
0.031318
0.033096
0.030687
0.033197
0.028549
0.028069
0.028214
0.029268
0.027844
0.028082
0.028059
0.027214
0.023465
0.024225
0.022422
0.022768
0.021157
0.025205
0.018708
0.020794
0.021320
0.021105
0.021975
0.018542
0.018057
0.016938
0.017655
0.017351
0.016787
0.018132
0.017693
0.016705
0.019739
0.017472
0.017273
0.016678
0.014428
0.015206
0.015329
0.015769
0.016558
0.016458
0.013899
0.016517
0.014566
0.014912
0.013905
0.015056
0.015404
0.014812
0.015691
0.014688
0.013008
0.012589
0.014807
0.014538
0.014963
0.018432
0.015577
0.014193
0.013067
0.014858
0.013360
0.015528
0.013056
0.014174
0.013321
0.013971
0.014314
0.013412
0.012700
0.014070
0.012857
0.013529
0.013633
0.013614
0.010920
0.013839
0.012461
0.010074
0.014726
0.012687
0.012151
0.011794
0.013883
0.012513
0.013332
