0.094693
0.084380
0.075505
0.072427
0.069327
0.070524
0.066942
0.068847
0.066348
0.065457
0.064484
0.064062
0.065020
0.061851
0.060535
0.062613
0.059652
0.058760
0.058473
0.058593
0.057808
0.058448
0.057322
0.057578
0.058909
0.058979
0.056403
0.054251
0.054909
0.054616
0.055775
0.056197
0.053519
0.052201
0.055354
0.053130
0.052985
0.051524
0.050254
0.049136
0.052554
0.048983
0.049872
0.048937
0.050689
0.049618
0.048036
0.046836
0.047232
0.045618
0.047307
0.046296
0.047037
0.044525
0.046030
0.044768
0.046975
0.048018
0.045701
0.041701
0.041337
0.044037
0.044332
0.041476
0.041814
0.044418
0.041702
0.042088
0.041277
0.040727
0.040646
0.040048
0.038610
0.039606
0.037799
0.038152
0.039491
0.038115
0.039091
0.036948
0.037336
0.037413
0.035350
0.037649
0.038311
0.036686
0.036636
0.035929
0.036464
0.035948
0.039411
0.038496
0.037682
0.037277
0.034297
0.036506
0.035804
0.033388
0.035473
0.035512
0.036923
0.035451
0.036528
0.034651
0.036084
0.034077
0.034082
0.035264
0.035927
0.034621
0.033477
0.034184
0.033135
0.036365
0.034042
0.033894
0.033191
0.033002
0.035262
0.034386
0.034003
0.033814
0.033209
0.030776
0.030729
0.029004
0.033422
0.033607
0.037841
0.034328
0.036119
0.031639
0.029542
0.032972
0.030053
0.028799
0.029351
0.027667
0.028171
0.028756
0.024374
0.026670
0.028209
0.028475
0.027389
0.025181
0.026946
0.025925
0.024167
0.026667
