0.197605
0.425150
0.437126
0.538922
0.634731
0.688623
0.706587
0.694611
0.712575
0.724551
0.736527
0.760479
0.790419
0.760479
0.796407
0.802395
0.814371
0.814371
0.808383
0.820359
0.820359
0.820359
0.820359
0.820359
0.820359
0.820359
0.820359
0.820359
0.820359
0.820359
0.820359
0.820359
0.820359
0.820359
0.820359
0.820359
0.820359
0.820359
0.820359
0.820359
0.820359
0.820359
0.820359
0.820359
0.820359
0.820359
0.820359
0.820359
0.820359
0.820359
0.826347
0.940120
0.964072
0.916168
0.952096
0.964072
0.976048
0.988024
1.000000
1.000000
1.000000
0.994012
1.000000
1.000000
1.000000
1.000000
1.000000
1.000000
1.000000
1.000000
1.000000
1.000000
1.000000
1.000000
1.000000
1.000000
1.000000
1.000000
1.000000
1.000000
1.000000
1.000000
1.000000
1.000000
1.000000
1.000000
1.000000
1.000000
1.000000
1.000000
1.000000
1.000000
1.000000
1.000000
1.000000
1.000000
1.000000
1.000000
1.000000
1.000000
1.000000
1.000000
1.000000
1.000000
1.000000
1.000000
1.000000
1.000000
1.000000
1.000000
1.000000
1.000000
1.000000
1.000000
1.000000
1.000000
1.000000
1.000000
1.000000
1.000000
1.000000
1.000000
1.000000
1.000000
1.000000
1.000000
1.000000
1.000000
1.000000
1.000000
1.000000
1.000000
1.000000
1.000000
1.000000
1.000000
1.000000
1.000000
1.000000
1.000000
1.000000
1.000000
1.000000
1.000000
1.000000
1.000000
1.000000
1.000000
1.000000
1.000000
