0.198795
0.210843
0.210843
0.210843
0.210843
0.216867
0.234940
0.228916
0.210843
0.210843
0.216867
0.216867
0.216867
0.210843
0.216867
0.216867
0.216867
0.216867
0.216867
0.222892
0.222892
0.228916
0.301205
0.349398
0.379518
0.379518
0.289157
0.259036
0.265060
0.283133
0.361446
0.421687
0.451807
0.481928
0.542169
0.614458
0.590361
0.620482
0.638554
0.632530
0.566265
0.602410
0.608434
0.716867
0.602410
0.596386
0.662651
0.777108
0.795181
0.789157
0.807229
0.795181
0.813253
0.795181
0.801205
0.813253
0.813253
0.825301
0.873494
0.861446
0.945783
0.921687
0.963855
0.963855
0.987952
0.957831
0.987952
1.000000
0.993976
1.000000
1.000000
1.000000
1.000000
1.000000
0.993976
1.000000
1.000000
1.000000
1.000000
1.000000
1.000000
1.000000
1.000000
1.000000
1.000000
1.000000
1.000000
1.000000
1.000000
1.000000
1.000000
1.000000
1.000000
1.000000
1.000000
1.000000
1.000000
1.000000
1.000000
1.000000
1.000000
1.000000
1.000000
1.000000
1.000000
1.000000
1.000000
1.000000
1.000000
1.000000
1.000000
1.000000
1.000000
1.000000
1.000000
1.000000
1.000000
1.000000
1.000000
1.000000
1.000000
1.000000
1.000000
1.000000
1.000000
1.000000
1.000000
1.000000
1.000000
1.000000
1.000000
1.000000
1.000000
1.000000
1.000000
1.000000
1.000000
1.000000
1.000000
1.000000
1.000000
1.000000
1.000000
1.000000
1.000000
1.000000
1.000000
1.000000
1.000000
1.000000
