0.082055
0.046545
0.045120
0.046020
0.041151
0.043482
0.046486
0.047295
0.049669
0.046816
0.043826
0.039696
0.044341
0.040519
0.038361
0.038770
0.040820
0.032440
0.033069
0.033563
0.031069
0.039496
0.036027
0.036265
0.033395
0.032686
0.030416
0.024504
0.020245
0.020053
0.016554
0.016860
0.013683
0.013524
0.013851
0.016649
0.012538
0.012392
0.013487
0.010276
0.013027
0.011479
0.012471
0.010788
0.009690
0.006814
0.003287
0.003720
0.004812
0.003086
0.002309
0.002865
0.001165
0.000934
0.000802
0.000733
0.000541
0.000489
0.000472
0.000530
0.000504
0.000482
0.000608
0.000495
0.000428
0.000495
0.001500
0.000430
0.000433
0.000392
0.000419
0.000417
0.000404
0.000418
0.000387
0.000405
0.001436
0.000378
0.000365
0.000363
0.000362
0.000349
0.000358
0.000354
0.000358
0.000340
0.000349
0.000355
0.000358
0.000349
0.000340
0.000336
0.000355
0.000344
0.000343
0.000410
0.000520
0.000902
0.003962
0.025001
0.019475
0.009950
0.003947
0.002576
0.001931
0.000811
0.000442
0.000402
0.000202
0.000456
0.000154
0.000222
0.000186
0.000126
0.000110
0.000147
0.000095
0.000092
0.000085
0.000082
0.000072
0.000088
0.000072
0.000075
0.000063
0.000063
0.000072
0.000065
0.000060
0.000052
0.000060
0.000051
0.000067
0.000053
0.000056
0.000040
0.000043
0.000038
0.000038
0.000043
0.000031
0.000037
0.000038
0.000031
0.000043
0.000044
0.000032
0.000030
0.000029
0.000031
