0.285241
0.077100
0.072124
0.073193
0.071360
0.071670
0.071670
0.071670
0.071670
0.071670
0.071670
0.071670
0.071670
0.071670
0.071670
0.070651
0.069255
0.069269
0.068973
0.070529
0.071507
0.070094
0.069479
0.068346
0.064773
0.066833
0.066504
0.067177
0.068550
0.062772
0.064387
0.064708
0.065643
0.066710
0.063229
0.066603
0.064267
0.064039
0.061239
0.063674
0.061661
0.060717
0.060949
0.060969
0.060682
0.059011
0.060145
0.059481
0.059325
0.055444
0.058723
0.057163
0.057128
0.056628
0.055314
0.055215
0.054141
0.052457
0.056560
0.054035
0.055695
0.053056
0.051796
0.057746
0.051005
0.049558
0.050164
0.052054
0.047847
0.049816
0.049338
0.050843
0.047612
0.048144
0.048943
0.049147
0.048790
0.050752
0.046738
0.046515
0.047551
0.047482
0.046954
0.047740
0.046288
0.044565
0.051213
0.045077
0.045970
0.046535
0.041818
0.045997
0.042384
0.044274
0.043108
0.044075
0.042490
0.045199
0.044347
0.043071
0.044571
0.042067
0.042199
0.043302
0.045289
0.038949
0.041147
0.042940
0.042154
0.039558
0.042740
0.039583
0.039720
0.041299
0.041526
0.044655
0.055383
0.043129
0.043035
0.044037
0.042695
0.041487
0.044753
0.044592
0.046995
0.041679
0.046751
0.046833
0.044728
0.047349
0.042348
0.047448
0.038258
0.041029
0.042374
0.038955
0.039069
0.037568
0.039156
0.037850
0.038054
0.035924
0.037819
0.037813
0.039786
0.038310
0.037140
0.036578
0.035329
0.039166
