0.181822
0.097056
0.066996
0.063451
0.063637
0.063112
0.063886
0.065281
0.063479
0.062404
0.065418
0.063565
0.062983
0.061761
0.059688
0.060588
0.061509
0.054061
0.055816
0.053175
0.051584
0.051875
0.051500
0.051369
0.052627
0.052516
0.050686
0.051997
0.054712
0.049838
0.051694
0.049944
0.056152
0.052305
0.053250
0.055537
0.048634
0.049196
0.053618
0.052806
0.050456
0.054141
0.051772
0.052404
0.051614
0.051716
0.052032
0.052678
0.053211
0.054879
0.054862
0.050116
0.050254
0.051812
0.052827
0.053902
0.050596
0.049536
0.053524
0.050468
0.052868
0.053359
0.053535
0.054628
0.051208
0.049904
0.049887
0.047059
0.050506
0.049182
0.051049
0.047531
0.049560
0.049496
0.051202
0.052302
0.052458
0.050446
0.049104
0.051069
0.052079
0.047834
0.045247
0.047898
0.050395
0.043159
0.046438
0.047583
0.045856
0.047008
0.048265
0.045598
0.045601
0.046973
0.042735
0.046713
0.042561
0.053348
0.041519
0.051111
0.040499
0.048677
0.043774
0.043294
0.051004
0.044177
0.045554
0.054043
0.050656
0.044947
0.045282
0.049527
0.047054
0.041875
0.044292
0.040553
0.048653
0.047936
0.043668
0.048951
0.046214
0.043109
0.043298
0.044195
0.041167
0.046537
0.051926
0.037546
0.045317
0.045986
0.044663
0.046759
0.037675
0.046254
0.040944
0.048082
0.041621
0.043178
0.040763
0.041768
0.038919
0.044401
0.037265
0.045928
0.041952
0.036891
0.044194
0.039662
0.038751
0.039215
