0.109867
0.074480
0.071670
0.071670
0.071670
0.071670
0.070839
0.071290
0.064866
0.064644
0.061968
0.061499
0.064969
0.063858
0.061753
0.062282
0.062858
0.062255
0.062968
0.064922
0.063434
0.062234
0.062285
0.060841
0.063015
0.061515
0.062599
0.058692
0.061901
0.062619
0.064013
0.060435
0.060741
0.058099
0.060094
0.063019
0.060946
0.061887
0.059261
0.059827
0.060634
0.060395
0.062649
0.061978
0.059547
0.061697
0.060999
0.061578
0.061192
0.062551
0.060480
0.059595
0.060157
0.059526
0.060815
0.065598
0.063031
0.064873
0.059327
0.061368
0.060742
0.056054
0.058494
0.059375
0.058927
0.056530
0.056512
0.057722
0.055889
0.056888
0.053448
0.055177
0.056181
0.057183
0.049666
0.056021
0.049252
0.054118
0.051197
0.049415
0.049881
0.048380
0.051953
0.048619
0.052662
0.050274
0.052721
0.050669
0.049518
0.046439
0.052421
0.050564
0.050014
0.051616
0.048297
0.047149
0.051163
0.051725
0.051664
0.050477
0.048397
0.053474
0.051347
0.052702
0.049432
0.048034
0.059281
0.051116
0.053713
0.052271
0.049163
0.050552
0.053236
0.050822
0.048808
0.050319
0.048201
0.051394
0.054961
0.043817
0.049974
0.050323
0.050425
0.045947
0.047491
0.050076
0.048234
0.047260
0.047569
0.043842
0.050860
0.047645
0.057462
0.045680
0.045378
0.048982
0.045417
0.049471
0.048433
0.053206
0.048241
0.044543
0.044650
0.046844
0.051728
0.047744
0.043841
0.048854
0.051868
0.047473
