0.086605
0.071780
0.067139
0.068228
0.065401
0.065561
0.063517
0.062508
0.064031
0.064733
0.063612
0.061124
0.061451
0.059310
0.062654
0.058534
0.060589
0.063474
0.060410
0.059405
0.058853
0.054972
0.056591
0.056666
0.056974
0.056061
0.055187
0.056943
0.059426
0.054463
0.055287
0.056591
0.054961
0.052614
0.054612
0.055121
0.050876
0.053517
0.052765
0.049209
0.051323
0.053921
0.051758
0.049489
0.049466
0.049135
0.047906
0.046601
0.045069
0.047369
0.046589
0.042988
0.045191
0.042178
0.044775
0.046228
0.046412
0.043810
0.045999
0.041974
0.042624
0.045151
0.043234
0.043376
0.043940
0.045037
0.043568
0.042488
0.044414
0.042562
0.041195
0.043048
0.041336
0.039953
0.038002
0.037810
0.040637
0.040750
0.037988
0.044704
0.040045
0.041762
0.040821
0.035974
0.036822
0.034453
0.037018
0.038517
0.039453
0.033444
0.040246
0.037957
0.034640
0.036619
0.036098
0.037024
0.030636
0.032287
0.035179
0.034623
0.032718
0.034964
0.032247
0.033966
0.034064
0.033079
0.033253
0.028827
0.033913
0.031616
0.032752
0.031661
0.034463
0.032782
0.032165
0.027320
0.034603
0.028258
0.032826
0.031126
0.032290
0.034889
0.031139
0.034562
0.029625
0.026054
0.030164
0.028640
0.028398
0.034573
0.029753
0.030060
0.026441
0.028636
0.035636
0.033040
0.029252
0.030277
0.027721
0.033238
0.032861
0.025680
0.030102
0.021018
0.028058
0.023479
0.024355
0.020089
0.020762
0.018985
