0.092424
0.071446
0.067110
0.066908
0.065489
0.064593
0.063297
0.057945
0.061234
0.055137
0.053942
0.054892
0.058246
0.056353
0.055720
0.053275
0.050204
0.052263
0.049326
0.051126
0.050029
0.048041
0.047205
0.048762
0.046027
0.049744
0.049494
0.053481
0.048628
0.046387
0.051180
0.047336
0.046800
0.045539
0.047537
0.046426
0.041806
0.045972
0.043772
0.045090
0.046344
0.040651
0.040162
0.038866
0.040575
0.041879
0.038230
0.039609
0.036423
0.038374
0.041300
0.039597
0.035053
0.040146
0.035760
0.034738
0.039065
0.035361
0.034646
0.035552
0.033743
0.034851
0.033197
0.030558
0.034503
0.035042
0.036477
0.032589
0.028766
0.029989
0.030547
0.027665
0.026529
0.028525
0.030745
0.033156
0.027858
0.028493
0.025080
0.031419
0.025152
0.028084
0.026904
0.027828
0.029719
0.025955
0.028069
0.024071
0.027800
0.023228
0.025167
0.027185
0.027013
0.025614
0.025518
0.022185
0.029053
0.024357
0.025585
0.024130
0.024408
0.025391
0.024458
0.022525
0.025490
0.020938
0.021924
0.020795
0.018765
0.019588
0.023185
0.021458
0.018574
0.018471
0.020800
0.019099
0.020091
0.017559
0.021354
0.021116
0.019684
0.024078
0.019870
0.019939
0.019140
0.019822
0.017626
0.021747
0.019144
0.020478
0.017488
0.017636
0.015352
0.013929
0.019061
0.016075
0.018445
0.015471
0.018620
0.015721
0.016142
0.014853
0.017756
0.014080
0.018010
0.015425
0.017278
0.014068
0.014862
0.014561
