0.089818
0.070623
0.071245
0.070869
0.071467
0.072362
0.070690
0.070843
0.071196
0.071533
0.071917
0.068543
0.069291
0.069298
0.068072
0.068183
0.066222
0.066316
0.068570
0.066168
0.065649
0.062999
0.062583
0.063715
0.062280
0.064982
0.063086
0.062259
0.062359
0.062332
0.062219
0.060152
0.062415
0.060329
0.059720
0.061223
0.057510
0.060595
0.057677
0.058270
0.056000
0.057961
0.052402
0.050228
0.051760
0.052250
0.047290
0.048049
0.054685
0.051809
0.047281
0.051954
0.046206
0.048512
0.046924
0.045169
0.045802
0.046251
0.044987
0.041893
0.040790
0.038805
0.041869
0.039434
0.042407
0.042314
0.038198
0.039082
0.038521
0.041005
0.037371
0.038154
0.038369
0.037607
0.035105
0.032825
0.033829
0.031554
0.035439
0.033354
0.035372
0.031098
0.033811
0.033104
0.031093
0.029059
0.029524
0.031088
0.029064
0.025778
0.029515
0.028530
0.028992
0.028443
0.027938
0.024388
0.028283
0.026627
0.030433
0.032386
0.027565
0.024193
0.025050
0.023996
0.022321
0.026421
0.022987
0.022510
0.023836
0.023720
0.021579
0.021350
0.019743
0.018514
0.020489
0.018321
0.016872
0.018685
0.016861
0.013962
0.017108
0.015767
0.013446
0.011730
0.015280
0.012618
0.014394
0.013821
0.011956
0.010905
0.011693
0.010209
0.009229
0.009850
0.009111
0.009552
0.009159
0.008425
0.008392
0.006892
0.006412
0.005360
0.005985
0.005069
0.005725
0.005619
0.005658
0.005539
0.004971
0.005532
