0.140004
0.084996
0.086351
0.085444
0.074577
0.072907
0.067466
0.069946
0.064688
0.064068
0.066406
0.061843
0.067395
0.061912
0.063965
0.060774
0.061839
0.059342
0.056556
0.057044
0.057832
0.055691
0.052447
0.053418
0.054321
0.053568
0.052981
0.053462
0.051674
0.049955
0.052145
0.050230
0.050403
0.048001
0.045204
0.042476
0.044666
0.044227
0.043682
0.040687
0.041221
0.043059
0.041940
0.038626
0.038985
0.038730
0.034986
0.036982
0.034659
0.032436
0.035846
0.032205
0.033430
0.029272
0.033185
0.027602
0.032290
0.028739
0.026790
0.027317
0.024258
0.025980
0.026053
0.021869
0.023374
0.025072
0.025736
0.021647
0.020610
0.020367
0.018989
0.022402
0.022652
0.019036
0.020153
0.019609
0.021237
0.018722
0.021020
0.019460
0.016208
0.018624
0.016525
0.014947
0.017320
0.015903
0.014967
0.013024
0.014262
0.012531
0.013508
0.012493
0.013412
0.011843
0.009679
0.011532
0.009873
0.010913
0.011544
0.010805
0.011282
0.009957
0.009885
0.010720
0.008724
0.009067
0.008705
0.008150
0.006845
0.007599
0.006057
0.007517
0.005806
0.005881
0.005832
0.006651
0.007360
0.005381
0.007059
0.005748
0.005004
0.004970
0.005775
0.004507
0.006078
0.006400
0.005358
0.005353
0.004031
0.004466
0.005061
0.005705
0.004710
0.004843
0.003279
0.003216
0.003434
0.004029
0.003232
0.003189
0.003652
0.004889
0.002881
0.004270
0.004078
0.004161
0.003002
0.003318
0.002670
0.004162
