0.203052
0.136182
0.114267
0.098064
0.102505
0.082329
0.075379
0.065172
0.070256
0.068533
0.052887
0.053062
0.057888
0.054613
0.049921
0.051135
0.044223
0.045116
0.043697
0.040769
0.049669
0.039461
0.039177
0.034448
0.035259
0.032114
0.033445
0.031566
0.031171
0.029183
0.031147
0.032967
0.022628
0.030414
0.026557
0.020156
0.019147
0.021988
0.020802
0.013992
0.019813
0.016181
0.014237
0.014930
0.014952
0.010805
0.013527
0.014765
0.012985
0.009887
0.013460
0.011550
0.010663
0.009571
0.009400
0.010374
0.006462
0.008131
0.007283
0.007268
0.008324
0.008333
0.006068
0.006293
0.006272
0.009495
0.007766
0.005708
0.017748
0.015094
0.007730
0.008420
0.009674
0.010961
0.011827
0.006164
0.005210
0.010664
0.007732
0.006833
0.007805
0.009793
0.010193
0.012254
0.004203
0.011348
0.002311
0.005955
0.015024
0.004493
0.005316
0.002336
0.001667
0.002417
0.003232
0.002562
0.001374
0.003019
0.003025
0.002748
0.001049
0.001890
0.001808
0.001712
0.002092
0.000629
0.001206
0.001820
0.001095
0.003079
0.000923
0.002280
0.001437
0.000937
0.001718
0.000349
0.000737
0.003938
0.002056
0.005160
0.009888
0.014550
0.003199
0.002864
0.007461
0.003184
0.005245
0.010795
0.019851
0.024493
0.033950
0.013989
0.019002
0.017069
0.008769
0.002820
0.011987
0.004980
0.017630
0.005967
0.017790
0.019526
0.019467
0.005356
0.007963
0.002636
0.002456
0.001337
0.004204
0.000954
