0.196874
0.157129
0.136124
0.112839
0.142498
0.099464
0.113950
0.099074
0.094475
0.079920
0.078881
0.059260
0.059253
0.071398
0.061657
0.058374
0.058899
0.053637
0.046719
0.046505
0.045670
0.035788
0.040125
0.036627
0.037095
0.031449
0.040962
0.037033
0.036749
0.034552
0.033904
0.034422
0.037354
0.030594
0.029895
0.030909
0.034884
0.034422
0.028543
0.027033
0.025843
0.025392
0.020781
0.020079
0.020922
0.026959
0.025312
0.022183
0.022007
0.017647
0.027640
0.018171
0.027984
0.019726
0.018934
0.022556
0.017656
0.020806
0.013452
0.017027
0.010428
0.015687
0.015087
0.014489
0.015012
0.012673
0.012884
0.012139
0.011372
0.008906
0.009669
0.009504
0.010253
0.009747
0.008253
0.007266
0.006496
0.006897
0.007128
0.004098
0.007456
0.010993
0.006410
0.006785
0.006584
0.005981
0.004346
0.006920
0.017182
0.005417
0.008001
0.013026
0.005971
0.009259
0.006043
0.004552
0.006331
0.005390
0.007974
0.004047
0.005398
0.006392
0.005242
0.003574
0.003394
0.004588
0.004210
0.004445
0.002699
0.003671
0.003878
0.004222
0.003531
0.003328
0.003096
0.002128
0.002663
0.001382
0.005281
0.002304
0.003829
0.001438
0.002998
0.001971
0.001354
0.001679
0.001217
0.002125
0.000808
0.000670
0.000985
0.001542
0.000504
0.000599
0.002004
0.002384
0.001659
0.001382
0.000990
0.001812
0.001714
0.001724
0.001974
0.001125
0.001880
0.000612
0.001991
0.000996
0.003620
0.004425
