0.071674
0.066858
0.064607
0.067102
0.061614
0.058613
0.058951
0.056940
0.057770
0.056443
0.055377
0.054126
0.053348
0.053663
0.051568
0.051939
0.051353
0.045991
0.044467
0.044973
0.040358
0.041097
0.036097
0.034060
0.036702
0.032296
0.031968
0.029888
0.028167
0.024565
0.025951
0.022490
0.022183
0.024036
0.021011
0.020664
0.015617
0.017737
0.014742
0.017843
0.013300
0.014059
0.012971
0.009411
0.008614
0.010307
0.006728
0.009402
0.006255
0.005189
0.004568
0.003617
0.004759
0.006675
0.003844
0.003843
0.003688
0.002586
0.004362
0.003757
0.004424
0.003880
0.008890
0.005064
0.007404
0.003309
0.005133
0.006371
0.002746
0.002378
0.003174
0.003006
0.002782
0.002859
0.001297
0.001027
0.002608
0.002036
0.001808
0.001163
0.001047
0.001421
0.001072
0.000774
0.000849
0.001056
0.000670
0.000838
0.000599
0.001303
0.000758
0.004248
0.000845
0.000552
0.000848
0.001570
0.000970
0.000941
0.000506
0.000779
0.000578
0.001904
0.002164
0.001177
0.001393
0.001382
0.005105
0.002855
0.002508
0.003149
0.002203
0.005468
0.011312
0.008638
0.012215
0.007083
0.003802
0.006282
0.011171
0.003502
0.004875
0.007875
0.004328
0.005055
0.008003
0.002090
0.003708
0.007523
0.010518
0.013078
0.004332
0.001472
0.002023
0.003530
0.002136
0.001707
0.002609
0.001909
0.000885
0.002629
0.001647
0.003233
0.002236
0.001212
0.001355
0.004090
0.001429
0.001014
0.000914
0.000555
