0.079124
0.073260
0.071372
0.070991
0.070370
0.070337
0.070087
0.066522
0.064566
0.065854
0.062691
0.063749
0.063620
0.058272
0.057677
0.052091
0.049905
0.051707
0.051198
0.047994
0.051908
0.047205
0.042275
0.042571
0.040882
0.037804
0.036324
0.038222
0.034870
0.031588
0.028919
0.028611
0.025884
0.021473
0.026156
0.020810
0.020561
0.018235
0.024154
0.020251
0.019270
0.017547
0.019095
0.014584
0.015604
0.016042
0.013802
0.014527
0.010770
0.013351
0.013357
0.012048
0.018825
0.011331
0.009264
0.011463
0.013905
0.009003
0.014212
0.012695
0.010416
0.006638
0.010404
0.008504
0.009151
0.019862
0.015404
0.011145
0.007370
0.019998
0.023504
0.015886
0.007861
0.013857
0.010282
0.010249
0.008672
0.009528
0.007459
0.008597
0.006386
0.004992
0.006198
0.006585
0.005690
0.005070
0.009272
0.005458
0.004280
0.004778
0.004960
0.002047
0.002420
0.002016
0.002433
0.002409
0.001549
0.007179
0.002531
0.004952
0.006451
0.002616
0.008328
0.004780
0.002949
0.009571
0.003042
0.002184
0.005288
0.003420
0.005811
0.006538
0.002626
0.006363
0.014894
0.002982
0.002794
0.007282
0.012899
0.003181
0.003943
0.002747
0.001891
0.002284
0.001545
0.001677
0.001454
0.002833
0.001587
0.000962
0.001315
0.001969
0.001571
0.001374
0.001003
0.001294
0.001298
0.001227
0.002740
0.000805
0.000959
0.000781
0.001547
0.001637
0.001429
0.001937
0.000741
0.006073
0.002400
0.000617
