0.146232
0.125592
0.108287
0.084064
0.075224
0.067837
0.060219
0.059016
0.057005
0.049128
0.051738
0.045446
0.045585
0.040773
0.039985
0.037033
0.034656
0.036115
0.030372
0.032544
0.026730
0.024926
0.022360
0.023880
0.021188
0.023199
0.020890
0.018515
0.016812
0.017078
0.016733
0.015147
0.013296
0.012612
0.010829
0.009735
0.008816
0.009285
0.008792
0.008675
0.007605
0.009348
0.008012
0.006842
0.006572
0.007031
0.004868
0.004601
0.004605
0.004063
0.004416
0.003755
0.003527
0.002201
0.002094
0.002105
0.001232
0.001380
0.000923
0.001025
0.001419
0.001097
0.001464
0.000602
0.000511
0.000561
0.000441
0.000553
0.000589
0.000899
0.000513
0.000364
0.000286
0.000607
0.000295
0.000376
0.000343
0.000287
0.000203
0.000262
0.000425
0.000197
0.000265
0.000265
0.000211
0.000148
0.000201
0.000148
0.000146
0.000133
0.000175
0.000131
0.000167
0.000200
0.000181
0.000145
0.000088
0.000115
0.000118
0.000093
0.000096
0.000115
0.000096
0.000083
0.000072
0.000103
0.000058
0.000069
0.000077
0.000073
0.000139
0.000070
0.000076
0.000080
0.000074
0.000091
0.000123
0.000104
0.000077
0.000072
0.000064
0.000082
0.000071
0.000074
0.000067
0.000064
0.000064
0.000067
0.000052
0.000047
0.000058
0.000048
0.000054
0.000046
0.000065
0.000056
0.000047
0.000056
0.000058
0.000089
0.000062
0.000064
0.000080
0.000058
0.000062
0.000067
0.000067
0.000051
0.000068
0.000042
