0.094990
0.072584
0.071181
0.069691
0.069568
0.065141
0.066614
0.065158
0.060431
0.061535
0.058779
0.056833
0.057361
0.057968
0.056264
0.057035
0.057743
0.056542
0.056594
0.058669
0.055493
0.052763
0.055018
0.052684
0.051635
0.051077
0.051742
0.050212
0.048679
0.049260
0.047410
0.045096
0.042788
0.039877
0.040917
0.037870
0.039622
0.034097
0.035901
0.030375
0.034167
0.031996
0.033485
0.032468
0.033749
0.033319
0.030917
0.028634
0.034455
0.031412
0.028902
0.031077
0.029366
0.028085
0.029388
0.027417
0.027316
0.028809
0.028283
0.028754
0.028088
0.030430
0.025886
0.026461
0.028173
0.028422
0.026432
0.027826
0.020431
0.024090
0.022933
0.021846
0.022031
0.020381
0.019097
0.019956
0.019093
0.021575
0.016709
0.022046
0.019053
0.021681
0.018173
0.016581
0.017616
0.017839
0.018606
0.016937
0.025583
0.019891
0.015163
0.033253
0.021389
0.033350
0.024852
0.023111
0.023723
0.018443
0.018937
0.018090
0.024501
0.018565
0.031349
0.018571
0.031766
0.020679
0.018320
0.023434
0.017677
0.014656
0.016317
0.017574
0.016208
0.015534
0.016587
0.015385
0.017732
0.015002
0.016939
0.015902
0.017681
0.012846
0.013743
0.013777
0.015384
0.014458
0.014503
0.013482
0.015112
0.014227
0.014215
0.015111
0.013263
0.016757
0.013359
0.015126
0.014094
0.014161
0.012746
0.010522
0.008245
0.012850
0.011775
0.009658
0.007602
0.009504
0.010463
0.007732
0.009539
0.009681
