0.259297
0.128037
0.077266
0.074751
0.069642
0.071990
0.072108
0.071518
0.070051
0.069494
0.071096
0.068482
0.066891
0.066793
0.066150
0.064961
0.069060
0.062899
0.063434
0.065502
0.065645
0.062126
0.063598
0.059573
0.061979
0.061434
0.060298
0.057523
0.058891
0.057950
0.059667
0.058235
0.056579
0.056485
0.057593
0.056782
0.055604
0.055324
0.055121
0.054556
0.052576
0.055823
0.055848
0.051611
0.053375
0.052753
0.053450
0.051667
0.055681
0.052463
0.055532
0.052714
0.049732
0.050996
0.054397
0.053040
0.053796
0.055355
0.052764
0.049153
0.051509
0.049855
0.053207
0.052518
0.049808
0.052200
0.052945
0.052703
0.055706
0.051814
0.052270
0.052605
0.055889
0.051775
0.053386
0.048604
0.047092
0.048332
0.045834
0.046108
0.049026
0.046743
0.048838
0.046036
0.042201
0.047234
0.044092
0.045921
0.040664
0.044057
0.043693
0.040958
0.040485
0.038497
0.039218
0.039167
0.040185
0.040398
0.038010
0.040572
0.042600
0.039205
0.033560
0.036227
0.035068
0.035762
0.037489
0.038226
0.036677
0.040318
0.059592
0.031692
0.050343
0.040686
0.041800
0.037781
0.034711
0.040071
0.032782
0.043487
0.028830
0.030468
0.026444
0.024072
0.032264
0.030661
0.032888
0.029915
0.028769
0.032751
0.040685
0.037294
0.034803
0.029498
0.033383
0.027898
0.029472
0.025949
0.032938
0.024222
0.027505
0.033023
0.027908
0.024647
0.039211
0.020048
0.020565
0.023156
0.020399
0.018950
