0.074466
0.071670
0.071670
0.071670
0.071670
0.071670
0.070839
0.075157
0.069441
0.070813
0.071063
0.071001
0.070127
0.069859
0.069291
0.069801
0.068397
0.066817
0.067092
0.067722
0.065480
0.064908
0.066534
0.066753
0.067497
0.063647
0.072031
0.063899
0.064038
0.064192
0.064541
0.064448
0.063980
0.065186
0.055722
0.057869
0.054009
0.059336
0.051226
0.054550
0.047894
0.048551
0.045033
0.047042
0.048331
0.045412
0.043411
0.042947
0.042152
0.042870
0.037820
0.042201
0.039611
0.042206
0.038112
0.039591
0.033624
0.039457
0.037025
0.036307
0.035948
0.037395
0.035819
0.035862
0.043017
0.041130
0.039939
0.043226
0.039770
0.048811
0.043449
0.041350
0.047010
0.043249
0.040178
0.035945
0.043380
0.039512
0.039315
0.043015
0.039350
0.038801
0.033478
0.038493
0.033094
0.034283
0.030549
0.030697
0.035242
0.036447
0.027667
0.027183
0.029310
0.029629
0.030199
0.026740
0.031514
0.026555
0.023889
0.024757
0.022394
0.020089
0.019935
0.018338
0.020527
0.016828
0.020664
0.017697
0.019576
0.017168
0.016567
0.015917
0.017182
0.017442
0.017218
0.016413
0.015686
0.014484
0.015303
0.020847
0.013648
0.013647
0.016395
0.014310
0.015625
0.014229
0.016233
0.016247
0.015958
0.026662
0.018634
0.025512
0.021952
0.020943
0.012450
0.017351
0.024771
0.015446
0.015756
0.021722
0.020544
0.025199
0.018405
0.018528
0.022905
0.020991
0.015388
0.020521
0.018412
0.015588
