0.103534
0.081711
0.073461
0.070020
0.068390
0.067325
0.069578
0.064849
0.059075
0.062041
0.057366
0.058027
0.060088
0.057200
0.054645
0.052805
0.054456
0.051047
0.048030
0.048187
0.050006
0.048426
0.052288
0.050919
0.049433
0.045520
0.046571
0.043711
0.045906
0.046120
0.044912
0.044867
0.045048
0.040809
0.047699
0.048203
0.041877
0.042046
0.043494
0.037565
0.033862
0.033937
0.032650
0.034531
0.039384
0.030861
0.033451
0.038720
0.037147
0.030709
0.035703
0.032246
0.037794
0.033989
0.026555
0.035268
0.034452
0.033423
0.032658
0.023085
0.028522
0.028586
0.033053
0.027065
0.029676
0.031943
0.029296
0.026483
0.032261
0.034566
0.031197
0.029657
0.041481
0.025672
0.033421
0.030782
0.024661
0.028099
0.035357
0.038679
0.033008
0.027103
0.025184
0.023597
0.019573
0.023060
0.021020
0.017072
0.019066
0.016318
0.021174
0.023115
0.022004
0.022424
0.018822
0.028888
0.024692
0.021990
0.025142
0.030059
0.018154
0.025268
0.023767
0.021709
0.019481
0.019671
0.011455
0.011115
0.016410
0.016220
0.015570
0.010878
0.019615
0.014977
0.015838
0.020091
0.014200
0.010695
0.013684
0.011701
0.008485
0.019209
0.009619
0.012257
0.012722
0.011710
0.010836
0.011965
0.013705
0.008388
0.011404
0.025271
0.019328
0.012413
0.014589
0.010832
0.012793
0.016613
0.009114
0.009616
0.014029
0.013168
0.015447
0.018032
0.023039
0.014629
0.015872
0.011141
0.015853
0.023221
