0.141218
0.074587
0.071828
0.071670
0.071670
0.071670
0.071670
0.071670
0.071670
0.071670
0.071670
0.071670
0.071670
0.069030
0.070936
0.070529
0.070546
0.073678
0.071828
0.071670
0.071670
0.071670
0.071670
0.071670
0.071670
0.071670
0.070839
0.070371
0.070371
0.070371
0.069319
0.069575
0.069938
0.069536
0.069318
0.068483
0.068042
0.069425
0.069391
0.068478
0.068977
0.067024
0.068931
0.068359
0.068324
0.067995
0.067517
0.067130
0.068359
0.067807
0.067685
0.066543
0.067075
0.066441
0.061503
0.062373
0.064770
0.064962
0.066037
0.064499
0.064829
0.063722
0.064130
0.063745
0.064342
0.063768
0.061062
0.058213
0.060177
0.058798
0.059698
0.059779
0.059167
0.057809
0.054828
0.054687
0.055578
0.054688
0.055386
0.054980
0.054275
0.059316
0.055165
0.057813
0.052627
0.055880
0.055133
0.054778
0.053229
0.055365
0.056445
0.051403
0.051307
0.051296
0.051681
0.051607
0.053723
0.053843
0.051938
0.055183
0.052886
0.052563
0.052604
0.048975
0.052877
0.048823
0.050861
0.046209
0.050258
0.048941
0.047359
0.048439
0.049472
0.047803
0.045087
0.044281
0.048783
0.046684
0.045779
0.044030
0.044327
0.042566
0.043021
0.042453
0.043697
0.042937
0.040307
0.040419
0.041543
0.040682
0.037544
0.041409
0.037359
0.037512
0.036153
0.036424
0.038916
0.034860
0.040664
0.097928
0.045824
0.046955
0.052904
0.054992
0.051105
0.053294
0.051670
0.052386
0.049530
0.051122
