0.107739
0.078091
0.076563
0.074491
0.075068
0.073966
0.076592
0.071923
0.071023
0.071670
0.072891
0.070634
0.073799
0.070781
0.068719
0.071015
0.070031
0.070166
0.071190
0.070157
0.069278
0.070523
0.071037
0.070105
0.072530
0.072507
0.072350
0.070726
0.069428
0.072134
0.073148
0.074259
0.070720
0.072971
0.072010
0.073874
0.075628
0.071364
0.072615
0.069752
0.069275
0.072561
0.069667
0.071551
0.070230
0.067546
0.071349
0.067806
0.073204
0.070669
0.070465
0.068018
0.066076
0.067890
0.069651
0.067894
0.070475
0.066888
0.065673
0.071966
0.070797
0.065227
0.066113
0.065931
0.066312
0.064507
0.063984
0.061176
0.061667
0.064474
0.062617
0.064735
0.063477
0.062476
0.064884
0.063455
0.068616
0.063989
0.059443
0.059664
0.057737
0.059123
0.067478
0.059709
0.054826
0.060903
0.060304
0.054774
0.056566
0.056393
0.054774
0.059675
0.056164
0.054891
0.058233
0.053723
0.058247
0.056097
0.050881
0.052241
0.050641
0.052568
0.050159
0.048688
0.053304
0.053816
0.055648
0.049323
0.052439
0.045798
0.052300
0.051298
0.048267
0.047179
0.047877
0.046768
0.047364
0.051837
0.048391
0.056672
0.048532
0.044747
0.053818
0.049248
0.048996
0.045033
0.041480
0.045650
0.045634
0.047432
0.046064
0.045821
0.041989
0.043720
0.046888
0.047734
0.052254
0.050013
0.046376
0.047773
0.049460
0.047397
0.050772
0.041911
0.054816
0.049173
0.051426
0.042696
0.047968
0.044869
