0.148063
0.101864
0.113313
0.107877
0.084640
0.082651
0.083418
0.077370
0.074384
0.071214
0.071597
0.069216
0.076041
0.071859
0.071117
0.067075
0.063820
0.070364
0.064704
0.065363
0.069123
0.066915
0.066348
0.066428
0.063909
0.065402
0.063180
0.062816
0.061842
0.063515
0.062853
0.067737
0.060449
0.060615
0.065789
0.061459
0.062713
0.061276
0.057933
0.062670
0.059150
0.061118
0.059117
0.058238
0.061077
0.063862
0.066472
0.062416
0.060689
0.057116
0.057116
0.053826
0.059098
0.059018
0.059152
0.058662
0.058835
0.054746
0.053322
0.057149
0.053278
0.052063
0.058167
0.057561
0.055949
0.054797
0.055753
0.058072
0.057310
0.055859
0.054485
0.052836
0.052777
0.053303
0.055678
0.055327
0.049432
0.051719
0.058229
0.054273
0.054583
0.056259
0.056740
0.050499
0.052858
0.049270
0.050787
0.050138
0.051553
0.048370
0.052320
0.050117
0.046875
0.048556
0.052707
0.048726
0.041985
0.048316
0.052715
0.044538
0.044404
0.051289
0.052966
0.049910
0.043005
0.049855
0.047186
0.053280
0.042244
0.047510
0.053223
0.048601
0.049075
0.049814
0.046604
0.047894
0.052037
0.046497
0.047172
0.043392
0.041964
0.044714
0.048152
0.041171
0.041688
0.041457
0.044127
0.040123
0.049747
0.044930
0.043782
0.047778
0.049522
0.039823
0.051339
0.046921
0.044959
0.044010
0.049918
0.047185
0.043436
0.051295
0.043187
0.041693
0.042013
0.043644
0.039158
0.041950
0.039155
0.042454
