0.117167
0.080405
0.071631
0.068499
0.070905
0.071167
0.070353
0.073018
0.077130
0.066638
0.067145
0.064646
0.063468
0.064476
0.066835
0.063735
0.060453
0.066015
0.060963
0.061859
0.062721
0.058134
0.059356
0.064032
0.056891
0.062353
0.060239
0.052710
0.061658
0.055871
0.052379
0.054957
0.058640
0.056186
0.056509
0.053937
0.056034
0.054280
0.049977
0.055784
0.051367
0.052164
0.050032
0.048899
0.049642
0.055683
0.051143
0.047020
0.050698
0.048210
0.048843
0.048930
0.046909
0.058434
0.044084
0.052024
0.040135
0.043382
0.046048
0.043911
0.040674
0.039096
0.039983
0.035298
0.041429
0.039379
0.042840
0.039958
0.047711
0.041674
0.046094
0.047970
0.049050
0.042790
0.043383
0.044236
0.041202
0.043255
0.040140
0.047152
0.038891
0.043296
0.041208
0.038849
0.042483
0.039897
0.037639
0.043477
0.039872
0.041412
0.038228
0.039723
0.039744
0.041705
0.041210
0.042125
0.039039
0.039833
0.035790
0.043331
0.035384
0.031167
0.031845
0.034283
0.029470
0.034092
0.041248
0.033956
0.036023
0.033766
0.030908
0.033285
0.040420
0.029453
0.031342
0.033354
0.036333
0.033677
0.034941
0.027577
0.027348
0.031075
0.030288
0.027127
0.033286
0.033659
0.031403
0.029940
0.031624
0.029888
0.033797
0.030081
0.036840
0.032071
0.027644
0.036528
0.028235
0.033063
0.030622
0.040958
0.031492
0.031469
0.036754
0.035119
0.031461
0.033019
0.025531
0.028405
0.032842
0.031349
