0.106262
0.090598
0.078888
0.072887
0.067684
0.070494
0.070923
0.071286
0.069728
0.069455
0.063687
0.063074
0.062819
0.058847
0.060517
0.060727
0.061683
0.063491
0.060196
0.058426
0.059482
0.059835
0.057857
0.057297
0.060913
0.057422
0.054410
0.059243
0.056634
0.058209
0.058241
0.058396
0.059097
0.053096
0.055033
0.056444
0.056312
0.051492
0.054048
0.052242
0.053370
0.055296
0.057168
0.053660
0.055052
0.054891
0.057226
0.055890
0.050742
0.056915
0.057360
0.053840
0.055391
0.054417
0.055993
0.054898
0.057754
0.050829
0.053036
0.054500
0.061831
0.052942
0.056139
0.057210
0.054260
0.058236
0.056972
0.049756
0.053321
0.051958
0.055324
0.053762
0.050785
0.051104
0.046174
0.051443
0.045843
0.049884
0.045228
0.044159
0.048209
0.044678
0.044188
0.055708
0.045974
0.050811
0.051014
0.046574
0.050327
0.058517
0.054929
0.047883
0.051771
0.042389
0.044584
0.042763
0.045318
0.044607
0.045466
0.042121
0.044998
0.045042
0.040897
0.043424
0.041909
0.041977
0.038400
0.043030
0.042903
0.039843
0.043738
0.042673
0.040206
0.037054
0.043813
0.046772
0.041433
0.046895
0.042775
0.040166
0.031969
0.035383
0.039968
0.039139
0.032805
0.035061
0.034465
0.034419
0.035653
0.034422
0.033454
0.038970
0.036214
0.038280
0.030314
0.046919
0.041138
0.041640
0.035218
0.044985
0.037736
0.039857
0.041794
0.037747
0.043506
0.045750
0.042780
0.047239
0.039111
0.037818
