0.140527
0.093078
0.087873
0.093533
0.081119
0.073400
0.072186
0.063313
0.063496
0.060639
0.061186
0.066959
0.060187
0.061743
0.058382
0.057819
0.065037
0.055626
0.055095
0.054034
0.052212
0.055515
0.053469
0.053465
0.049306
0.052852
0.046451
0.044885
0.043420
0.048633
0.045772
0.045763
0.044565
0.038519
0.046458
0.040979
0.042264
0.041698
0.042634
0.040545
0.040589
0.038674
0.033845
0.036423
0.037348
0.039078
0.039608
0.039159
0.037730
0.036362
0.037133
0.037955
0.038899
0.032985
0.034190
0.032770
0.041286
0.040382
0.036897
0.041017
0.034535
0.044923
0.037767
0.038311
0.039890
0.041125
0.041257
0.041391
0.033594
0.037595
0.037715
0.034954
0.041500
0.037599
0.043791
0.039761
0.029638
0.037531
0.033637
0.037475
0.028267
0.033598
0.034138
0.032172
0.034065
0.030951
0.032370
0.027125
0.029983
0.032518
0.034636
0.032216
0.029483
0.032077
0.030993
0.031387
0.024955
0.025890
0.024975
0.032820
0.028313
0.027107
0.027289
0.029376
0.028096
0.028393
0.026036
0.038400
0.037530
0.036842
0.037024
0.027115
0.038708
0.033291
0.029286
0.029530
0.030653
0.027996
0.027823
0.029285
0.029171
0.028650
0.033811
0.029941
0.023723
0.031809
0.037988
0.030362
0.029751
0.033182
0.032309
0.029245
0.029823
0.024661
0.023476
0.031652
0.027384
0.027558
0.024575
0.031639
0.025333
0.033267
0.018804
0.027055
0.025746
0.022830
0.023025
0.021785
0.021482
0.015942
