0.106525
0.081167
0.079608
0.072369
0.073273
0.068232
0.069404
0.067161
0.063572
0.059503
0.054464
0.055447
0.054911
0.054122
0.056782
0.049322
0.050951
0.045523
0.048638
0.043443
0.040281
0.042196
0.040687
0.040945
0.036190
0.035431
0.036373
0.035085
0.031804
0.030147
0.032939
0.028847
0.028594
0.025338
0.027607
0.021935
0.021168
0.021107
0.016463
0.017718
0.020785
0.017472
0.014606
0.014134
0.014006
0.011280
0.011695
0.010611
0.009348
0.009921
0.009784
0.008519
0.008470
0.006431
0.007141
0.005831
0.007440
0.006981
0.004516
0.006277
0.004794
0.004602
0.005031
0.004904
0.003534
0.003048
0.002516
0.002875
0.003033
0.002211
0.001943
0.002186
0.001778
0.002091
0.002068
0.001711
0.001503
0.001625
0.001318
0.001637
0.001875
0.001180
0.001456
0.001265
0.001215
0.001245
0.001025
0.001018
0.001051
0.001096
0.000932
0.000824
0.000925
0.001045
0.000784
0.000834
0.000939
0.000920
0.000834
0.000789
0.000730
0.000749
0.000641
0.000657
0.000850
0.000560
0.000463
0.000516
0.000510
0.000533
0.000527
0.000505
0.000676
0.000601
0.000575
0.000551
0.000481
0.000525
0.000524
0.000434
0.000453
0.000407
0.000418
0.000408
0.000353
0.000347
0.000339
0.000365
0.000384
0.000358
0.000345
0.000379
0.000358
0.000345
0.000402
0.000361
0.000331
0.000367
0.000323
0.000339
0.000311
0.000318
0.000310
0.000311
0.000309
0.000318
0.000310
0.000386
0.000322
0.000339
