0.083930
0.071670
0.071670
0.071670
0.071670
0.071670
0.071483
0.082653
0.064260
0.073825
0.069948
0.070550
0.069505
0.069383
0.069299
0.069019
0.068893
0.069624
0.069748
0.069493
0.069773
0.069472
0.069493
0.069488
0.069452
0.067731
0.067259
0.069452
0.068574
0.067672
0.065256
0.065602
0.062793
0.060548
0.060260
0.063864
0.059243
0.063156
0.057931
0.062719
0.060022
0.056939
0.055335
0.055347
0.056516
0.054332
0.055038
0.054459
0.059379
0.054172
0.055809
0.055908
0.050835
0.051531
0.050890
0.057856
0.051111
0.050743
0.052794
0.050588
0.052471
0.050402
0.051976
0.050261
0.046878
0.054045
0.052507
0.051092
0.049152
0.049490
0.051346
0.049022
0.047546
0.046334
0.045386
0.046169
0.048588
0.045443
0.043348
0.045733
0.043942
0.041387
0.041271
0.044709
0.043286
0.043810
0.043023
0.042628
0.040223
0.042692
0.043191
0.044520
0.046538
0.044818
0.040699
0.049829
0.049964
0.042535
0.039594
0.040296
0.041839
0.039084
0.044031
0.044072
0.042936
0.039176
0.040725
0.041320
0.040690
0.038578
0.033727
0.036928
0.036271
0.038296
0.035839
0.039319
0.036243
0.037046
0.042067
0.031485
0.042199
0.044757
0.041261
0.043478
0.041264
0.043199
0.035766
0.037765
0.035164
0.034488
0.034026
0.035204
0.031876
0.032561
0.032225
0.033260
0.029571
0.033165
0.033445
0.030246
0.030703
0.031041
0.033104
0.032233
0.030728
0.028631
0.028830
0.026571
0.028285
0.028972
