0.179270
0.097497
0.077341
0.074961
0.072333
0.069029
0.066013
0.065179
0.060312
0.060350
0.061614
0.060210
0.060243
0.055084
0.063261
0.054065
0.052849
0.054443
0.056050
0.057624
0.054275
0.052808
0.052818
0.049559
0.047726
0.046220
0.043875
0.046168
0.045289
0.043365
0.043425
0.041267
0.048086
0.042457
0.043483
0.043258
0.044344
0.041787
0.040144
0.039658
0.038052
0.040145
0.039034
0.042019
0.042076
0.038204
0.039663
0.036796
0.042431
0.039647
0.034489
0.040817
0.030883
0.038302
0.032296
0.031465
0.031217
0.034098
0.031554
0.032027
0.030136
0.034159
0.032466
0.036295
0.033221
0.028765
0.025082
0.025784
0.026447
0.022743
0.027753
0.021389
0.022131
0.024468
0.027816
0.019883
0.017627
0.019142
0.017427
0.020226
0.014020
0.016552
0.018646
0.016655
0.021760
0.015229
0.016574
0.012446
0.011505
0.013421
0.008504
0.014209
0.010862
0.012014
0.009367
0.009101
0.012102
0.015206
0.008873
0.007550
0.010933
0.011329
0.025094
0.009324
0.014146
0.011411
0.014441
0.006014
0.015908
0.007235
0.019533
0.013455
0.008960
0.004738
0.006820
0.003666
0.004222
0.006210
0.008339
0.002330
0.005253
0.004300
0.013726
0.006520
0.006597
0.002757
0.014628
0.002263
0.003462
0.006039
0.005500
0.002515
0.002091
0.003552
0.001174
0.001031
0.001216
0.001818
0.001444
0.001021
0.000583
0.001858
0.001516
0.000767
0.000486
0.000797
0.000941
0.000614
0.000582
0.000702
