0.069729
0.070110
0.066545
0.062965
0.058464
0.059613
0.056496
0.058473
0.055041
0.055660
0.055388
0.054848
0.055794
0.054890
0.052715
0.052087
0.048198
0.050841
0.048103
0.046141
0.044753
0.046132
0.044828
0.044271
0.040375
0.040784
0.040499
0.035454
0.036376
0.036247
0.035789
0.033089
0.031292
0.031620
0.033216
0.026504
0.027091
0.025991
0.022706
0.023154
0.022227
0.023550
0.020120
0.022700
0.021473
0.020200
0.018962
0.018359
0.017044
0.018379
0.014990
0.015977
0.013916
0.012700
0.013688
0.011354
0.012384
0.011217
0.013805
0.011376
0.011136
0.009523
0.010528
0.010336
0.007429
0.007460
0.009045
0.008873
0.007734
0.006633
0.007984
0.007475
0.008484
0.006683
0.005818
0.006527
0.006736
0.010161
0.011437
0.005223
0.010439
0.006737
0.006048
0.006210
0.005316
0.004353
0.004372
0.003953
0.003993
0.003169
0.003168
0.003329
0.004721
0.002324
0.004929
0.004435
0.005271
0.006359
0.004244
0.003906
0.004117
0.003159
0.003224
0.002993
0.002652
0.002956
0.002733
0.002467
0.002180
0.002032
0.003493
0.003419
0.002527
0.002343
0.002222
0.004034
0.002626
0.002656
0.001975
0.002791
0.002489
0.002164
0.001981
0.001965
0.001600
0.001715
0.001893
0.001771
0.001756
0.001366
0.001362
0.001698
0.001347
0.001323
0.002684
0.001204
0.001319
0.001171
0.002722
0.001280
0.002079
0.002100
0.001347
0.004352
0.001746
0.002010
0.002674
0.002481
0.004504
0.001654
