0.079522
0.072115
0.071203
0.071670
0.071295
0.071460
0.070669
0.069995
0.071665
0.070913
0.069133
0.067318
0.066759
0.067584
0.068018
0.065236
0.064048
0.065613
0.060267
0.056010
0.051523
0.051468
0.047418
0.049927
0.052050
0.051004
0.050046
0.044305
0.045173
0.043910
0.043084
0.044299
0.041638
0.041672
0.040061
0.039611
0.040942
0.036217
0.031312
0.037707
0.032807
0.033795
0.031310
0.032360
0.028359
0.028238
0.028339
0.025631
0.026724
0.026256
0.022294
0.024144
0.022753
0.023826
0.023541
0.023531
0.022006
0.020155
0.020077
0.019388
0.016187
0.012598
0.012748
0.013205
0.012398
0.011879
0.010212
0.008887
0.008388
0.007413
0.007688
0.008158
0.007967
0.007513
0.007015
0.006719
0.005497
0.005915
0.008588
0.007999
0.007280
0.006924
0.005236
0.004409
0.004294
0.004551
0.007857
0.006349
0.014917
0.011121
0.010507
0.008883
0.005198
0.005642
0.010690
0.007126
0.003943
0.007451
0.005721
0.003909
0.005328
0.004391
0.004511
0.003788
0.005099
0.003843
0.004145
0.004415
0.002787
0.003197
0.002926
0.002014
0.002177
0.002220
0.001819
0.003966
0.003038
0.002465
0.003389
0.003516
0.002186
0.003108
0.005009
0.001898
0.002113
0.002655
0.002921
0.002819
0.002700
0.002759
0.002800
0.003308
0.002312
0.002102
0.003613
0.002359
0.001912
0.002102
0.001650
0.001614
0.001605
0.001570
0.001524
0.002273
0.001454
0.001513
0.001512
0.001698
0.001911
0.001789
