0.102659
0.074915
0.072108
0.071670
0.071670
0.071670
0.071670
0.071670
0.071670
0.071670
0.071670
0.071670
0.071670
0.071670
0.071670
0.071670
0.070996
0.070061
0.071178
0.069594
0.069540
0.065952
0.070592
0.067640
0.068709
0.068370
0.067247
0.068909
0.067147
0.065611
0.066283
0.065598
0.064703
0.064557
0.064444
0.063216
0.064005
0.064784
0.062035
0.063416
0.062826
0.061984
0.066554
0.064017
0.067375
0.067808
0.066723
0.062055
0.061431
0.062687
0.061368
0.061111
0.062491
0.060589
0.060922
0.059730
0.062280
0.059335
0.061257
0.060820
0.062645
0.057719
0.056232
0.059484
0.059319
0.057725
0.058196
0.055873
0.054906
0.053109
0.053677
0.054051
0.055505
0.057754
0.057275
0.054613
0.053541
0.050603
0.051742
0.048605
0.050307
0.052249
0.048999
0.050658
0.053210
0.052267
0.052848
0.047556
0.047274
0.048501
0.050095
0.051346
0.046831
0.044668
0.046413
0.047804
0.048587
0.047799
0.043717
0.044098
0.043766
0.043498
0.040519
0.039421
0.040019
0.042818
0.043144
0.043335
0.040982
0.043631
0.041684
0.040827
0.038583
0.037837
0.035917
0.034185
0.039701
0.037311
0.036041
0.035589
0.035101
0.034190
0.035466
0.032560
0.033499
0.034469
0.034926
0.033213
0.030661
0.030334
0.032142
0.030635
0.030012
0.030327
0.027914
0.025164
0.025152
0.026406
0.026403
0.024777
0.026786
0.024564
0.026001
0.027375
0.025646
0.024834
0.024072
0.021786
0.022943
0.022080
