0.210931
0.098251
0.074836
0.073011
0.070705
0.068544
0.067599
0.066088
0.066106
0.067664
0.063847
0.060300
0.056711
0.061088
0.067983
0.056267
0.055931
0.054028
0.053380
0.053892
0.054771
0.051786
0.052871
0.049173
0.046224
0.045265
0.048026
0.043865
0.045165
0.043594
0.043761
0.044313
0.041991
0.043047
0.042407
0.039487
0.037389
0.038073
0.038765
0.035638
0.038329
0.040168
0.036110
0.036453
0.037703
0.038735
0.039334
0.037616
0.037135
0.036173
0.035554
0.034151
0.037486
0.034749
0.036493
0.033291
0.037197
0.037301
0.036418
0.035590
0.038698
0.034076
0.033430
0.033304
0.036925
0.036915
0.036942
0.033662
0.036602
0.033484
0.036122
0.035760
0.034465
0.033287
0.034713
0.033800
0.033993
0.033898
0.036535
0.032120
0.031418
0.033147
0.031873
0.032554
0.034810
0.029128
0.033649
0.031554
0.035319
0.035070
0.034362
0.032468
0.031528
0.031630
0.034242
0.032505
0.032598
0.034317
0.032285
0.034841
0.034276
0.033438
0.031649
0.029087
0.030816
0.033160
0.034906
0.031368
0.034843
0.032542
0.034057
0.031738
0.031656
0.032262
0.031083
0.034711
0.032016
0.033770
0.033888
0.030356
0.032882
0.032236
0.033761
0.033762
0.031222
0.033800
0.034583
0.031263
0.031272
0.032901
0.032095
0.034623
0.031964
0.027726
0.031955
0.031097
0.031083
0.031070
0.031081
0.032038
0.034633
0.031935
0.031180
0.031195
0.033678
0.031936
0.033687
0.031057
0.031240
0.032832
