0.089577
0.081016
0.069097
0.067339
0.068937
0.064991
0.067716
0.064510
0.061963
0.056082
0.059699
0.059163
0.053482
0.051679
0.051202
0.051517
0.047551
0.045009
0.046193
0.046263
0.045707
0.044371
0.046750
0.039167
0.042208
0.042161
0.042309
0.042935
0.040520
0.037809
0.036636
0.035427
0.035198
0.033517
0.032269
0.030831
0.030241
0.030651
0.026300
0.028513
0.028737
0.027994
0.027291
0.026768
0.026552
0.026217
0.025126
0.025252
0.025568
0.022336
0.022132
0.022165
0.019907
0.021968
0.021537
0.018166
0.018596
0.018955
0.017566
0.018756
0.019439
0.016353
0.016780
0.016514
0.016715
0.015519
0.014495
0.015280
0.013356
0.011862
0.013816
0.013981
0.012343
0.011463
0.010593
0.011521
0.010145
0.011223
0.009628
0.010695
0.010010
0.008851
0.006682
0.007924
0.007522
0.007644
0.007210
0.006965
0.007932
0.006268
0.006537
0.006186
0.005704
0.005618
0.005179
0.005328
0.005078
0.004921
0.004755
0.005130
0.004848
0.004362
0.004921
0.004206
0.004098
0.004303
0.005002
0.004021
0.004897
0.004304
0.003642
0.003680
0.003951
0.003852
0.003327
0.003897
0.003591
0.003317
0.003411
0.003594
0.003556
0.003368
0.003234
0.003188
0.003218
0.002957
0.003222
0.002899
0.002806
0.002937
0.002950
0.002844
0.002981
0.002702
0.002638
0.002631
0.002791
0.002479
0.002626
0.002655
0.002598
0.002565
0.002612
0.002502
0.002686
0.002632
0.002904
0.002626
0.002641
0.002666
