0.105843
0.083789
0.075427
0.078787
0.068412
0.061159
0.063048
0.057763
0.052657
0.049966
0.049592
0.050198
0.049740
0.042857
0.047095
0.046847
0.043201
0.041912
0.039876
0.042026
0.040788
0.040604
0.042674
0.040990
0.039360
0.037201
0.039068
0.036801
0.034599
0.033461
0.034399
0.034500
0.029790
0.031071
0.029868
0.031537
0.031497
0.029032
0.026932
0.026226
0.027473
0.025347
0.026861
0.025838
0.024022
0.026433
0.025768
0.024939
0.019779
0.024894
0.021339
0.022600
0.019440
0.019759
0.021872
0.019938
0.020387
0.018610
0.017201
0.016982
0.017731
0.015547
0.015989
0.015572
0.013940
0.014693
0.014224
0.014564
0.013650
0.012192
0.011435
0.011628
0.010783
0.010148
0.010355
0.010435
0.008669
0.009874
0.008839
0.006956
0.006941
0.007856
0.007348
0.007886
0.006878
0.008590
0.008911
0.007173
0.006822
0.007001
0.006234
0.005624
0.006742
0.006375
0.004901
0.005328
0.005123
0.005068
0.004247
0.004570
0.004255
0.004489
0.004471
0.004253
0.004224
0.004256
0.003648
0.004014
0.003614
0.003526
0.003594
0.004148
0.004119
0.003978
0.003719
0.003641
0.003615
0.003307
0.003340
0.003141
0.003129
0.003243
0.003097
0.003630
0.002934
0.002929
0.002864
0.003081
0.003174
0.002849
0.002738
0.002718
0.002726
0.002763
0.002759
0.002727
0.002785
0.002615
0.002637
0.002700
0.002643
0.002683
0.002691
0.002599
0.002618
0.002815
0.002824
0.002757
0.002846
0.002675
