0.081249
0.069546
0.065152
0.064239
0.066603
0.068670
0.067019
0.066987
0.066045
0.067560
0.067953
0.066719
0.062730
0.061967
0.062827
0.059127
0.061403
0.061959
0.059854
0.060710
0.060772
0.060838
0.059150
0.062943
0.063694
0.061308
0.057262
0.060097
0.061893
0.059797
0.058590
0.056813
0.058750
0.059072
0.057967
0.060273
0.058685
0.057819
0.056017
0.055244
0.057024
0.051151
0.051500
0.055553
0.053245
0.054617
0.057671
0.059693
0.057969
0.050359
0.048580
0.050749
0.047379
0.052150
0.047615
0.053409
0.051415
0.050170
0.047899
0.049421
0.049846
0.050981
0.046522
0.048180
0.051386
0.050848
0.053665
0.051440
0.050792
0.053214
0.057680
0.053019
0.051711
0.054789
0.052209
0.049929
0.049237
0.045362
0.048255
0.040937
0.041159
0.045211
0.039251
0.042876
0.043517
0.031735
0.033763
0.038403
0.034945
0.034143
0.034194
0.035158
0.041537
0.036897
0.030653
0.042785
0.037264
0.038068
0.031012
0.041405
0.040603
0.033085
0.030301
0.026654
0.034505
0.030968
0.031531
0.023701
0.029810
0.030618
0.030713
0.032913
0.022928
0.024466
0.026497
0.032555
0.029196
0.032796
0.029744
0.024547
0.028750
0.035034
0.029451
0.022931
0.030398
0.033058
0.024025
0.027894
0.020915
0.017174
0.025271
0.021075
0.022067
0.028420
0.023435
0.019382
0.024857
0.022946
0.034495
0.021670
0.044925
0.039980
0.035913
0.037347
0.029433
0.030634
0.051710
0.034485
0.037904
0.030895
