0.087936
0.078118
0.069614
0.071376
0.070139
0.069820
0.070415
0.069738
0.068481
0.069586
0.069308
0.070433
0.069609
0.070126
0.067193
0.066622
0.065790
0.064830
0.064159
0.063723
0.064057
0.063625
0.062583
0.062831
0.059383
0.059337
0.064044
0.059207
0.066148
0.057448
0.061903
0.056018
0.058810
0.055031
0.055391
0.055114
0.053262
0.054475
0.051806
0.050494
0.054589
0.048269
0.064502
0.051566
0.050247
0.048855
0.050660
0.039343
0.044677
0.037968
0.042173
0.045273
0.049050
0.043383
0.040548
0.046177
0.047286
0.041806
0.040563
0.044166
0.036495
0.041870
0.035895
0.036483
0.036430
0.032720
0.037137
0.034444
0.044910
0.034434
0.080796
0.040784
0.055325
0.044556
0.042198
0.059759
0.054250
0.043010
0.044186
0.045969
0.044822
0.043921
0.042459
0.042088
0.039814
0.037285
0.035331
0.031777
0.030737
0.030140
0.032318
0.031460
0.030372
0.028150
0.028795
0.027113
0.025262
0.022940
0.022059
0.019519
0.024338
0.023398
0.020654
0.022332
0.021717
0.021254
0.021271
0.019626
0.023758
0.019564
0.019495
0.017545
0.017356
0.019526
0.015832
0.017092
0.016576
0.015302
0.019502
0.020481
0.020277
0.015350
0.016882
0.016197
0.012765
0.014099
0.015114
0.016248
0.016188
0.012875
0.011055
0.011392
0.012744
0.013407
0.010232
0.012384
0.013357
0.012531
0.011839
0.012142
0.010347
0.008064
0.008403
0.010173
0.009671
0.007994
0.008473
0.009910
0.006819
0.009044
