0.548092
0.329607
0.290137
0.271808
0.269874
0.227114
0.208034
0.175744
0.140215
0.099010
0.066373
0.056665
0.056132
0.055196
0.053441
0.049769
0.051535
0.048940
0.051594
0.057913
0.055377
0.055596
0.051324
0.050276
0.048795
0.045622
0.047489
0.048957
0.046931
0.044803
0.043905
0.047608
0.044585
0.044088
0.046385
0.044642
0.042679
0.041828
0.042229
0.042743
0.042630
0.040559
0.041085
0.037951
0.042596
0.040761
0.041212
0.042731
0.046721
0.043430
0.043033
0.039380
0.046365
0.040709
0.041077
0.038905
0.039924
0.040875
0.039431
0.038219
0.039667
0.039365
0.039252
0.037177
0.038468
0.037459
0.037545
0.040843
0.042080
0.047217
0.045341
0.039596
0.036078
0.033353
0.042315
0.041309
0.038401
0.036973
0.035656
0.036471
0.035891
0.037346
0.038771
0.035521
0.035781
0.034464
0.032249
0.036775
0.035599
0.034941
0.031467
0.031769
0.034209
0.028751
0.035596
0.034478
0.036479
0.033469
0.032247
0.034440
0.033491
0.030183
0.033825
0.032132
0.037067
0.035889
0.037673
0.031537
0.030489
0.029778
0.033185
0.033210
0.027499
0.029664
0.031366
0.033758
0.039872
0.036276
0.030804
0.030496
0.029008
0.032638
0.029610
0.031003
0.029309
0.030003
0.029156
0.029004
0.026000
0.026087
0.028293
0.028931
0.029443
0.033051
0.029768
0.029554
0.026078
0.028624
0.027547
0.029426
0.032845
0.035859
0.037525
0.036793
0.033791
0.036492
0.034753
0.031619
0.028578
0.029342
