0.077802
0.075690
0.068915
0.069459
0.065286
0.069106
0.066750
0.063950
0.067904
0.066318
0.069461
0.068865
0.066188
0.066853
0.066902
0.070489
0.068429
0.066439
0.068511
0.066392
0.068022
0.065119
0.068012
0.070984
0.073853
0.064238
0.059364
0.064669
0.059547
0.058019
0.061835
0.058746
0.063049
0.058930
0.059793
0.061534
0.057469
0.056957
0.055826
0.058124
0.060200
0.063585
0.057715
0.058789
0.056869
0.058858
0.057016
0.059135
0.056487
0.058120
0.055159
0.055969
0.055668
0.059277
0.059753
0.056490
0.059657
0.056605
0.059574
0.058585
0.055921
0.055127
0.060422
0.056481
0.055583
0.057860
0.059155
0.055112
0.060394
0.054952
0.055900
0.054882
0.052069
0.055765
0.055112
0.056020
0.056387
0.056409
0.054670
0.063296
0.053148
0.054485
0.053993
0.054324
0.052476
0.053105
0.055227
0.050757
0.056352
0.051200
0.054119
0.054977
0.054847
0.052466
0.047523
0.049300
0.050120
0.056566
0.051738
0.049464
0.052503
0.054788
0.056840
0.053303
0.052325
0.044546
0.045531
0.046217
0.047615
0.049337
0.043749
0.043936
0.043181
0.052953
0.054782
0.047566
0.044826
0.048305
0.049570
0.043001
0.049296
0.050629
0.046630
0.046371
0.046764
0.048892
0.044697
0.038862
0.045988
0.046649
0.038464
0.045842
0.039424
0.041811
0.040634
0.044052
0.037443
0.040710
0.034544
0.038655
0.039122
0.051151
0.048746
0.044750
0.037390
0.042258
0.038193
0.036271
0.040463
0.039601
