0.073211
0.071434
0.071670
0.071670
0.071483
0.070694
0.068307
0.070321
0.069269
0.068630
0.063824
0.063417
0.063022
0.062810
0.060026
0.059331
0.058947
0.054593
0.056562
0.055187
0.052676
0.056169
0.052553
0.053763
0.049877
0.051924
0.049098
0.044695
0.043853
0.039127
0.036624
0.034439
0.035628
0.031900
0.035850
0.034104
0.030138
0.027147
0.026743
0.028995
0.023473
0.026373
0.019459
0.019814
0.025284
0.020557
0.024073
0.018532
0.016138
0.020803
0.013976
0.014416
0.014805
0.012398
0.015369
0.016562
0.012049
0.013506
0.011601
0.013640
0.012334
0.011746
0.010039
0.009789
0.017260
0.013045
0.008018
0.009534
0.010551
0.008069
0.010871
0.009396
0.008843
0.012665
0.004453
0.014068
0.006799
0.010246
0.004778
0.006917
0.007086
0.006167
0.006012
0.007334
0.006721
0.008885
0.009269
0.006472
0.005118
0.008031
0.010415
0.012257
0.006045
0.011414
0.009972
0.006613
0.009397
0.005857
0.007368
0.004523
0.004204
0.004929
0.008109
0.005357
0.004399
0.004114
0.002930
0.003396
0.007389
0.003397
0.004478
0.002668
0.003856
0.005339
0.003510
0.001753
0.017883
0.002408
0.005646
0.012251
0.006788
0.009125
0.013098
0.004764
0.004266
0.013099
0.009772
0.007062
0.009253
0.012756
0.014073
0.008380
0.008156
0.004970
0.004600
0.005407
0.004533
0.007134
0.002758
0.003487
0.004901
0.002917
0.003149
0.002880
0.001145
0.002270
0.001581
0.002897
0.001163
0.002001
