0.083157
0.073745
0.071487
0.070061
0.070481
0.070414
0.068040
0.067255
0.059718
0.058537
0.057312
0.055660
0.056915
0.054049
0.054358
0.052396
0.049403
0.045625
0.047975
0.047265
0.045820
0.049219
0.044638
0.046661
0.043643
0.040690
0.039224
0.043236
0.038417
0.040942
0.037390
0.039853
0.038266
0.035738
0.035653
0.036757
0.035793
0.029118
0.028965
0.030144
0.026194
0.027765
0.025217
0.023866
0.021099
0.021676
0.024025
0.018388
0.016513
0.020706
0.014979
0.023697
0.015829
0.012206
0.017470
0.015338
0.013075
0.015093
0.012088
0.011870
0.012535
0.012733
0.011860
0.008817
0.010115
0.010157
0.009843
0.006106
0.009327
0.007649
0.007121
0.007873
0.007096
0.008857
0.009852
0.017703
0.011881
0.007780
0.006995
0.008668
0.011313
0.007549
0.008848
0.007780
0.005354
0.008865
0.014803
0.012212
0.006497
0.004957
0.009381
0.008418
0.006140
0.008251
0.005227
0.013869
0.011097
0.006117
0.004164
0.008585
0.005413
0.006426
0.002297
0.004013
0.009979
0.009332
0.005883
0.003411
0.002838
0.008208
0.006469
0.005345
0.002445
0.002971
0.008112
0.002942
0.005573
0.004947
0.002534
0.002866
0.002519
0.007353
0.003979
0.001491
0.001825
0.001976
0.001598
0.001494
0.002168
0.001129
0.002298
0.001555
0.001801
0.002026
0.001574
0.001549
0.003554
0.001550
0.003818
0.001057
0.001829
0.001219
0.002234
0.002625
0.002971
0.000866
0.001263
0.002290
0.000958
0.001276
