0.077263
0.072260
0.070498
0.070188
0.070113
0.069200
0.068762
0.069012
0.068284
0.067474
0.067159
0.067916
0.068265
0.065305
0.065208
0.065799
0.064960
0.065418
0.066199
0.064387
0.063598
0.063334
0.062414
0.064124
0.063702
0.064403
0.061808
0.062884
0.062841
0.061867
0.062689
0.061710
0.061358
0.060078
0.060765
0.062109
0.062500
0.060915
0.061696
0.062190
0.060116
0.059157
0.062275
0.060235
0.059771
0.061362
0.058245
0.061309
0.058480
0.059684
0.060447
0.060512
0.060512
0.060876
0.061340
0.059718
0.059718
0.058955
0.056676
0.059130
0.059202
0.058373
0.059103
0.057974
0.056848
0.057906
0.056845
0.058270
0.056879
0.058214
0.056558
0.056339
0.057102
0.059379
0.057458
0.056075
0.056867
0.057638
0.057573
0.056940
0.055886
0.057052
0.056197
0.055395
0.055070
0.055070
0.055070
0.055775
0.053329
0.057022
0.054649
0.057301
0.056173
0.057696
0.056727
0.055329
0.052899
0.050255
0.053870
0.052355
0.052238
0.053503
0.052757
0.051949
0.051016
0.050908
0.050357
0.050144
0.048925
0.049037
0.048172
0.049010
0.047810
0.049482
0.050065
0.047886
0.048205
0.048756
0.047292
0.050409
0.047622
0.049305
0.049179
0.046632
0.048367
0.046881
0.046849
0.048296
0.047679
0.047377
0.049632
0.046241
0.047318
0.049884
0.047311
0.047959
0.046836
0.047844
0.048254
0.045959
0.047106
0.046499
0.046623
0.045669
0.046133
0.045819
0.045104
0.047933
0.047879
0.046319
