0.075915
0.069764
0.069035
0.065680
0.063519
0.062911
0.058128
0.058072
0.060605
0.059654
0.058066
0.053090
0.052082
0.052516
0.053275
0.052972
0.052513
0.052275
0.050446
0.046498
0.045512
0.044493
0.042997
0.042597
0.041045
0.042362
0.042116
0.039279
0.036973
0.038227
0.036492
0.037422
0.032038
0.034312
0.033201
0.031035
0.032287
0.029615
0.030543
0.030630
0.030618
0.029560
0.029184
0.025231
0.027146
0.026697
0.025378
0.024518
0.022675
0.023837
0.023088
0.022366
0.019819
0.020368
0.018583
0.020279
0.020301
0.018796
0.020391
0.019371
0.017304
0.016317
0.018664
0.015758
0.016697
0.016443
0.015828
0.013955
0.015908
0.015633
0.015130
0.015704
0.012475
0.011676
0.010680
0.010578
0.008816
0.009027
0.009490
0.008857
0.009028
0.007242
0.007506
0.007075
0.006978
0.006951
0.006072
0.005488
0.004986
0.005307
0.005437
0.005390
0.005052
0.004979
0.005509
0.004954
0.005220
0.004868
0.004684
0.004824
0.004566
0.003926
0.003941
0.004133
0.004074
0.003981
0.004038
0.003809
0.004045
0.004069
0.004116
0.003637
0.003852
0.003869
0.003585
0.003631
0.003536
0.003510
0.003337
0.003307
0.003333
0.003332
0.003439
0.003534
0.003300
0.003376
0.003548
0.003233
0.003143
0.003326
0.003094
0.003190
0.003188
0.003297
0.003127
0.003169
0.002994
0.003120
0.003001
0.003149
0.002900
0.003021
0.002921
0.002854
0.003274
0.003128
0.002936
0.002952
0.003036
0.003172
