0.512387
0.273677
0.221325
0.230492
0.182738
0.138122
0.153152
0.121821
0.099966
0.075286
0.069252
0.083454
0.074441
0.065646
0.055878
0.054165
0.045892
0.046222
0.044228
0.037942
0.031774
0.029700
0.032801
0.028549
0.026364
0.018067
0.016897
0.016842
0.015652
0.012105
0.010470
0.011710
0.009107
0.007629
0.007260
0.006266
0.007436
0.005735
0.004110
0.005327
0.004981
0.003836
0.004305
0.003333
0.003665
0.002710
0.002831
0.003589
0.002911
0.002632
0.003348
0.003555
0.002761
0.002824
0.002401
0.002658
0.002679
0.002638
0.002056
0.003305
0.001930
0.001807
0.001783
0.002010
0.001992
0.001303
0.001208
0.001219
0.001163
0.000794
0.000939
0.000918
0.000784
0.001072
0.000724
0.001125
0.001191
0.001061
0.000581
0.001069
0.000865
0.000672
0.000620
0.000614
0.000848
0.000465
0.000506
0.000632
0.000464
0.000487
0.000377
0.000584
0.000513
0.000543
0.000418
0.000460
0.000266
0.000270
0.000192
0.000270
0.000277
0.000316
0.000271
0.000286
0.000359
0.000478
0.000299
0.000407
0.000361
0.000286
0.000541
0.000262
0.000185
0.000217
0.000226
0.000252
0.000242
0.000285
0.000376
0.000267
0.000170
0.000212
0.000342
0.000253
0.000186
0.000161
0.000164
0.000173
0.000161
0.000158
0.000177
0.000140
0.000169
0.000179
0.000183
0.000187
0.000340
0.000208
0.000205
0.000156
0.000163
0.000169
0.000163
0.000130
0.000135
0.000167
0.000185
0.000166
0.000178
0.000167
