0.255513
0.095943
0.073937
0.071518
0.070839
0.071670
0.071670
0.071670
0.071670
0.070839
0.071203
0.071203
0.071203
0.070371
0.069938
0.069575
0.068662
0.068805
0.068805
0.068877
0.068328
0.069073
0.068793
0.068325
0.067413
0.067777
0.068169
0.066387
0.066267
0.066604
0.066616
0.067156
0.066182
0.066096
0.066924
0.065102
0.065024
0.065073
0.066038
0.066952
0.064736
0.065401
0.065775
0.065258
0.064364
0.063990
0.063311
0.063359
0.064667
0.063881
0.064429
0.063799
0.062961
0.064168
0.062573
0.064600
0.062820
0.066307
0.060605
0.061723
0.063189
0.063131
0.064873
0.062249
0.062134
0.063054
0.061784
0.060517
0.063431
0.062665
0.062479
0.063848
0.059318
0.061123
0.061135
0.062382
0.063209
0.062441
0.059095
0.059874
0.058661
0.062016
0.058308
0.059936
0.055935
0.055849
0.057630
0.058265
0.057279
0.057197
0.057455
0.057431
0.055389
0.055670
0.053722
0.055267
0.054035
0.053021
0.056094
0.054583
0.053728
0.054210
0.050966
0.052267
0.052340
0.051765
0.052218
0.052889
0.051566
0.052240
0.050247
0.048994
0.052741
0.054476
0.051232
0.049766
0.048519
0.051473
0.049646
0.052041
0.051234
0.048494
0.048953
0.050597
0.047964
0.046747
0.042968
0.043076
0.048935
0.041946
0.041040
0.037308
0.036409
0.039501
0.033542
0.040229
0.036516
0.036317
0.037114
0.037506
0.034294
0.033183
0.033302
0.032727
0.032828
0.031424
0.032361
0.032041
0.031961
0.029687
