0.078504
0.071670
0.071670
0.071670
0.071670
0.070839
0.071670
0.071276
0.071154
0.072357
0.071319
0.070566
0.070599
0.066057
0.068957
0.066685
0.066299
0.066420
0.066134
0.065960
0.065472
0.064205
0.064137
0.062048
0.067366
0.064123
0.063039
0.062022
0.063994
0.064113
0.064278
0.064994
0.065159
0.057716
0.060753
0.063326
0.060620
0.064961
0.061449
0.063729
0.060725
0.061970
0.060556
0.061171
0.058333
0.062251
0.062681
0.060096
0.060254
0.059192
0.056933
0.057998
0.056468
0.056568
0.056067
0.054366
0.056431
0.056817
0.053455
0.054219
0.051844
0.050469
0.054654
0.051703
0.049134
0.052269
0.053226
0.049239
0.046531
0.044299
0.049784
0.048899
0.046258
0.052686
0.045442
0.045941
0.041852
0.041344
0.040063
0.038624
0.038076
0.038562
0.037095
0.037658
0.040210
0.035933
0.036148
0.040414
0.038750
0.043932
0.034254
0.041640
0.038244
0.040280
0.038862
0.043440
0.040940
0.038933
0.041869
0.030779
0.038155
0.033806
0.032948
0.033144
0.035610
0.029115
0.029392
0.030397
0.029570
0.028049
0.030473
0.030418
0.027437
0.028603
0.026209
0.026206
0.025523
0.027404
0.025318
0.025166
0.025592
0.024062
0.021639
0.020144
0.021547
0.022993
0.020507
0.021834
0.019728
0.019903
0.021870
0.021512
0.021586
0.018374
0.020077
0.019903
0.022717
0.021146
0.021367
0.021272
0.019518
0.019115
0.019274
0.017951
0.017472
0.018817
0.017481
0.015165
0.016419
0.015814
