0.079981
0.070587
0.071670
0.071670
0.071670
0.071670
0.071670
0.071670
0.071670
0.071670
0.071670
0.071762
0.070326
0.069246
0.067341
0.068855
0.066935
0.066796
0.066515
0.065983
0.064783
0.062631
0.063638
0.062272
0.064048
0.062525
0.062354
0.062096
0.064669
0.062478
0.063610
0.062757
0.061378
0.059173
0.060004
0.061953
0.060685
0.059708
0.060375
0.060260
0.060524
0.060892
0.060556
0.060020
0.060661
0.060267
0.061391
0.061475
0.061148
0.061073
0.059398
0.058531
0.057001
0.059786
0.059718
0.060140
0.059294
0.059869
0.058160
0.058465
0.059608
0.058140
0.058090
0.057308
0.056721
0.060715
0.059647
0.059830
0.057772
0.057790
0.058478
0.057018
0.055855
0.056280
0.055630
0.055395
0.057664
0.056082
0.053982
0.055940
0.057249
0.055658
0.053305
0.057205
0.056497
0.056760
0.055368
0.055813
0.056679
0.055366
0.057318
0.056651
0.055505
0.053967
0.054269
0.054446
0.051864
0.051565
0.053196
0.052919
0.051472
0.057907
0.052543
0.050953
0.057537
0.051932
0.051650
0.051735
0.052264
0.048472
0.052796
0.055644
0.054147
0.050309
0.048993
0.048523
0.044630
0.043379
0.047191
0.041135
0.040827
0.042899
0.041596
0.039747
0.038558
0.041247
0.041477
0.043752
0.036348
0.035863
0.040053
0.037494
0.039652
0.036499
0.036296
0.036547
0.034617
0.037696
0.036816
0.035521
0.037056
0.034292
0.034724
0.034693
0.037404
0.032746
0.032714
0.032585
0.033601
0.033797
