0.123801
0.074215
0.071760
0.070274
0.065043
0.064730
0.062705
0.059996
0.058402
0.058788
0.059973
0.053686
0.055927
0.051515
0.049138
0.051926
0.048671
0.048789
0.046580
0.041920
0.044795
0.039991
0.040661
0.037469
0.035744
0.033406
0.039738
0.031532
0.029726
0.028922
0.030819
0.027025
0.025323
0.023392
0.024677
0.025185
0.027835
0.022572
0.020498
0.019636
0.021883
0.017882
0.019282
0.019415
0.018867
0.017481
0.018661
0.016170
0.018472
0.017331
0.015900
0.014574
0.014726
0.017346
0.016222
0.014128
0.013321
0.014421
0.015991
0.014963
0.015839
0.015807
0.013053
0.014767
0.015603
0.012693
0.011704
0.014803
0.011486
0.013404
0.013422
0.015077
0.012506
0.013098
0.013365
0.011935
0.014268
0.012803
0.011832
0.015651
0.014332
0.013181
0.012500
0.012385
0.012147
0.013623
0.013217
0.013522
0.012611
0.010766
0.011709
0.012232
0.013245
0.011597
0.013082
0.013205
0.010462
0.013122
0.013079
0.012266
0.010465
0.012083
0.012088
0.012060
0.012021
0.012011
0.012081
0.011084
0.011921
0.009349
0.011046
0.011032
0.011040
0.011157
0.012781
0.011876
0.013668
0.011993
0.012769
0.011964
0.013612
0.010181
0.011026
0.010189
0.011953
0.011929
0.011003
0.011034
0.012778
0.010990
0.011891
0.011866
0.011027
0.012782
0.011890
0.011890
0.011880
0.010953
0.011020
0.011887
0.011846
0.011898
0.011045
0.011854
0.010142
0.012687
0.012687
0.009214
0.011809
0.013588
