0.190000
0.180000
0.240000
0.300000
0.290000
0.395000
0.385000
0.435000
0.500000
0.495000
0.475000
0.585000
0.615000
0.635000
0.580000
0.625000
0.625000
0.680000
0.695000
0.655000
0.740000
0.770000
0.755000
0.805000
0.870000
0.850000
0.850000
0.895000
0.775000
0.685000
0.680000
0.690000
0.730000
0.595000
0.725000
0.760000
0.820000
0.770000
0.790000
0.735000
0.760000
0.780000
0.825000
0.885000
0.920000
0.935000
0.950000
0.920000
0.920000
0.940000
0.985000
0.985000
0.955000
0.980000
0.965000
0.965000
0.950000
0.980000
0.970000
0.980000
0.955000
0.970000
0.965000
0.970000
0.955000
0.960000
0.970000
0.930000
0.895000
0.825000
0.825000
0.795000
0.870000
0.810000
0.820000
0.875000
0.880000
0.925000
0.930000
0.890000
0.950000
0.935000
0.945000
0.880000
0.925000
0.935000
0.935000
0.965000
0.940000
0.955000
0.940000
0.925000
0.900000
0.780000
0.585000
0.715000
0.735000
0.770000
0.845000
0.920000
0.895000
0.950000
0.935000
0.965000
0.980000
0.970000
0.955000
0.945000
0.940000
0.880000
0.895000
0.930000
0.900000
0.895000
0.885000
0.930000
0.960000
0.970000
0.965000
0.960000
0.960000
0.960000
0.975000
0.965000
0.970000
0.970000
0.970000
0.980000
0.990000
0.960000
0.975000
0.960000
0.980000
0.990000
0.985000
0.990000
0.995000
0.995000
0.990000
0.990000
0.995000
0.985000
0.995000
0.985000
0.995000
0.995000
0.980000
0.985000
0.990000
0.990000
