0.063827
0.061679
0.059431
0.057191
0.055644
0.054226
0.053213
0.050963
0.049784
0.048876
0.044381
0.042273
0.042498
0.044309
0.040311
0.044880
0.042146
0.046086
0.046335
0.046461
0.042732
0.040202
0.039897
0.034941
0.032900
0.032139
0.034062
0.031767
0.033252
0.028433
0.026463
0.025116
0.026244
0.026363
0.024218
0.026249
0.022963
0.023112
0.020245
0.021455
0.022574
0.026154
0.023841
0.021103
0.021281
0.019616
0.017216
0.019222
0.016515
0.016366
0.020263
0.016234
0.017737
0.014836
0.014450
0.011864
0.012267
0.013194
0.011464
0.008836
0.007775
0.008314
0.010169
0.009281
0.010472
0.009469
0.017512
0.010461
0.013687
0.011132
0.012182
0.011871
0.014654
0.015972
0.011439
0.012852
0.010281
0.009640
0.012509
0.012449
0.009843
0.008225
0.006451
0.007115
0.009378
0.007931
0.010112
0.009717
0.010154
0.010568
0.014174
0.008689
0.010365
0.009700
0.015242
0.012816
0.011692
0.007807
0.007735
0.007590
0.008415
0.005325
0.005640
0.006563
0.003942
0.004310
0.002853
0.002639
0.002139
0.001886
0.002007
0.001650
0.001589
0.001442
0.001079
0.001867
0.001740
0.001601
0.001728
0.001297
0.001305
0.001125
0.001155
0.001130
0.001575
0.001344
0.001576
0.001477
0.001258
0.002087
0.002099
0.002482
0.001546
0.002243
0.002702
0.004193
0.007199
0.008011
0.007879
0.006009
0.003211
0.006231
0.003033
0.003035
0.005149
0.010894
0.009480
0.009762
0.012836
0.014370
