0.066624
0.059624
0.058785
0.057679
0.055290
0.054906
0.053496
0.052150
0.051478
0.050964
0.049835
0.048371
0.050101
0.049290
0.044496
0.045020
0.045142
0.043019
0.042192
0.041913
0.040188
0.041164
0.041531
0.040984
0.044936
0.037827
0.040864
0.038580
0.041839
0.041502
0.041504
0.035003
0.037357
0.035508
0.034754
0.031613
0.030351
0.033486
0.031702
0.030366
0.031968
0.028927
0.026758
0.029142
0.031948
0.029682
0.027987
0.030032
0.026413
0.024740
0.023415
0.026455
0.025945
0.046773
0.034863
0.034861
0.030227
0.028511
0.028650
0.023734
0.022472
0.021834
0.021016
0.023006
0.023430
0.024122
0.023615
0.023715
0.023049
0.021414
0.020131
0.018511
0.021104
0.017290
0.017716
0.020262
0.018292
0.017072
0.016491
0.016447
0.017548
0.018805
0.019333
0.015817
0.017378
0.017318
0.016356
0.018969
0.013300
0.014460
0.014270
0.012138
0.011645
0.010115
0.010878
0.010071
0.010892
0.013259
0.012762
0.013052
0.011276
0.009443
0.011245
0.009275
0.010599
0.010746
0.016299
0.016110
0.018787
0.016276
0.013874
0.014162
0.012243
0.015072
0.016239
0.010057
0.013680
0.010883
0.008141
0.007745
0.008423
0.007293
0.007341
0.010647
0.008422
0.008657
0.009739
0.014346
0.018526
0.014778
0.018051
0.016364
0.020587
0.017291
0.014574
0.011793
0.010185
0.006648
0.006281
0.005136
0.005717
0.003939
0.004240
0.003555
0.003011
0.002450
0.002455
0.002660
0.002092
0.001984
